1561669147 11.46
1561669207 11.52
1561669268 11.39
1561669328 11.42
1561669389 11.47
1561669449 11.40
1561669510 11.41
1561669570 11.44
1561669631 11.44
1561669691 11.42
1561669752 11.43
1561669812 11.45
1561669873 11.45
1561669934 11.43
1561669994 11.42
1561670055 11.45
1561670115 11.45
1561670176 11.46
1561670237 11.46
1561670297 11.46
1561670358 11.48
1561670418 11.46
1561670479 11.43
1561670539 11.44
1561670600 11.45
1561670661 11.49
1561670721 11.50
1561670782 11.44
1561670843 11.44
1561670904 11.48
1561670964 11.45
1561671025 11.41
1561671086 11.46
1561671146 11.51
1561671207 11.46
1561671268 11.48
1561671329 11.51
1561671389 11.48
1561671450 11.49
1561671511 11.52
1561671571 11.48
1561671631 11.51
1561671692 11.54
1561671753 11.58
1561671813 11.47
1561671874 11.50
1561671934 11.48
1561671995 11.53
1561672055 11.45
1561672116 11.48
1561672176 11.50
1561672237 11.49
1561672297 11.54
1561672358 11.53
1561672419 11.52
1561672479 11.51
1561672539 11.53
1561672600 11.50
1561672661 11.47
1561672721 11.53
1561672782 11.47
1561672842 11.48
1561672903 11.49
1561672963 11.48
1561673024 11.52
1561673084 11.47
1561673145 11.48
1561673205 11.49
1561673266 11.53
1561673326 11.56
1561673387 11.51
1561673448 11.55
1561673508 11.54
1561673569 11.57
1561673629 11.58
1561673690 11.57
1561673751 11.61
1561673811 11.53
1561673871 11.59
1561673932 11.53
1561673992 11.59
1561674053 11.57
1561674114 11.55
1561674174 11.58
1561674234 11.57
1561674295 11.61
1561674355 11.60
1561674416 11.58
1561674477 11.59
1561674537 11.65
1561674598 11.63
1561674658 11.68
1561674719 11.62
1561674779 11.60
1561674839 11.58
1561674900 11.60
1561674960 11.61
1561675021 11.57
1561675081 11.64
1561675142 11.55
1561675203 11.59
1561675263 11.62
1561675324 11.63
1561675384 11.61
1561675445 11.55
1561675506 11.59
1561675567 11.63
1561675628 11.64
1561675689 11.62
1561675749 11.65
1561675810 11.66
1561675871 11.58
1561675931 11.66
1561675992 11.58
1561676053 11.57
1561676113 11.57
1561676174 11.62
1561676234 11.60
1561676295 11.60
1561676355 11.59
1561676415 11.58
1561676476 11.59
1561676536 11.55
1561676597 11.57
1561676657 11.57
1561676717 11.61
1561676778 11.51
1561676839 11.56
1561676899 11.56
1561676960 11.62
1561677020 11.61
1561677081 11.62
1561677142 11.62
1561677202 11.62
1561677263 11.62
1561677324 11.63
1561677385 11.60
1561677445 11.61
1561677506 11.62
1561677566 11.60
1561677627 11.60
1561677687 11.60
1561677748 11.55
1561677808 11.54
1561677869 11.56
1561677930 11.57
1561677990 11.51
1561678051 11.49
1561678111 11.56
1561678172 11.54
1561678232 11.53
1561678293 11.55
1561678354 11.55
1561678414 11.56
1561678475 11.56
1561678535 11.52
1561678596 11.52
1561678656 11.55
1561678717 11.48
1561678778 11.49
1561678838 11.57
1561678899 11.52
1561678960 11.53
1561679020 11.46
1561679081 11.49
1561679141 11.48
1561679201 11.51
1561679262 11.48
1561679323 11.48
1561679383 11.54
1561679443 11.52
1561679504 11.54
1561679564 11.56
1561679625 11.50
1561679685 11.55
1561679746 11.58
1561679806 11.53
1561679867 11.50
1561679927 11.51
1561679987 11.50
1561680048 11.46
1561680108 11.54
1561680170 11.55
1561680230 11.52
1561680291 11.52
1561680351 11.48
1561680412 11.53
1561680472 11.45
1561680533 11.49
1561680594 11.49
1561680654 11.55
1561680715 11.49
1561680775 11.56
1561680836 11.49
1561680897 11.49
1561680957 11.49
1561681018 11.52
1561681078 11.48
1561681139 11.47
1561681199 11.53
1561681260 11.46
1561681320 11.47
1561681381 11.54
1561681441 11.49
1561681502 11.48
1561681563 11.50
1561681623 11.50
1561681683 11.45
1561681744 11.49
1561681805 11.46
1561681865 11.49
1561681927 11.45
1561681988 11.50
1561682049 11.47
1561682109 11.44
1561682170 11.42
1561682230 11.48
1561682291 11.45
1561682351 11.49
1561682412 11.47
1561682472 11.49
1561682533 11.50
1561682594 11.45
1561682654 11.54
1561682715 11.51
1561682775 11.50
1561682836 11.52
1561682897 11.56
1561682957 11.55
1561683018 11.53
1561683078 11.54
1561683139 11.59
1561683199 11.52
1561683259 11.51
1561683320 11.49
1561683380 11.56
1561683441 11.55
1561683501 11.67
1561683562 11.50
1561683622 11.53
1561683683 11.54
1561683744 11.63
1561683804 11.56
1561683865 11.59
1561683925 11.59
1561683985 11.56
1561684046 11.51
1561684106 11.49
1561684166 11.47
1561684227 11.54
1561684288 11.42
1561684348 11.46
1561684408 11.52
1561684469 11.48
1561684530 11.51
1561684590 11.48
1561684651 11.47
1561684711 11.51
1561684772 11.50
1561684832 11.53
1561684893 11.50
1561684953 11.48
1561685014 11.45
1561685075 11.50
1561685135 11.48
1561685196 11.52
1561685256 11.44
1561685317 11.47
1561685378 11.52
1561685438 11.54
1561685499 11.51
1561685559 11.52
1561685620 11.52
1561685680 11.54
1561685741 11.55
1561685801 11.56
1561685861 11.54
1561685922 11.50
1561685983 11.53
1561686043 11.52
1561686104 11.51
1561686165 11.50
1561686225 11.49
1561686286 11.53
1561686346 11.54
1561686407 11.46
1561686468 11.51
1561686530 11.49
1561686591 11.49
1561686652 11.48
1561686712 11.50
1561686775 11.53
1561686837 11.51
1561686898 11.49
1561686961 11.53
1561687021 11.56
1561687084 11.52
1561687144 11.48
1561687205 11.49
1561687265 11.53
1561687326 11.52
1561687387 11.55
1561687448 11.51
1561687508 11.51
1561687569 11.50
1561687630 11.58
1561687691 11.63
1561687752 11.55
1561687812 11.59
1561687873 11.52
1561687933 11.59
1561687994 11.53
1561688054 11.51
1561688115 11.46
1561688176 11.52
1561688237 11.52
1561688297 11.49
1561688358 11.52
1561688418 11.53
1561688478 11.50
1561688539 11.52
1561688599 11.51
1561688660 11.58
1561688721 11.58
1561688781 11.52
1561688842 11.56
1561688903 11.55
1561688964 11.62
1561689024 11.58
1561689085 11.60
1561689146 11.52
1561689207 11.59
1561689267 11.55
1561689327 11.58
1561689388 11.60
1561689448 11.51
1561689508 11.52
1561689569 11.56
1561689630 11.47
1561689690 11.58
1561689752 11.55
1561689813 11.55
1561689874 11.54
1561689935 11.52
1561689995 11.55
1561690056 11.54
1561690117 11.50
1561690177 11.50
1561690238 11.46
1561690299 11.50
1561690359 11.55
1561690420 11.45
1561690481 11.52
1561690542 11.51
1561690602 11.42
1561690662 11.48
1561690723 11.47
1561690783 11.56
1561690844 11.53
1561690905 11.48
1561690965 11.49
1561691026 11.52
1561691087 11.60
1561691147 11.51
1561691208 11.46
1561691269 11.52
1561691329 11.57
1561691390 11.49
1561691451 11.53
1561691511 11.48
1561691572 11.49
1561691632 11.49
1561691693 11.48
1561691754 11.56
1561691816 11.48
1561691876 11.50
1561691937 11.44
1561691997 11.43
1561692058 11.46
1561692119 11.42
1561692180 11.48
1561692240 11.46
1561692301 11.53
1561692361 11.54
1561692422 11.47
1561692483 11.48
1561692544 11.41
1561692604 11.58
1561692665 11.54
1561692726 11.48
1561692786 11.49
1561692847 11.43
1561692907 11.51
1561692968 11.49
1561693029 11.44
1561693089 11.46
1561693150 11.47
1561693210 11.45
1561693271 11.48
1561693331 11.38
1561693392 11.49
1561693452 11.51
1561693513 11.45
1561693574 11.53
1561693634 11.46
1561693695 11.50
1561693755 11.47
1561693816 11.49
1561693876 11.50
1561693937 11.47
1561693997 11.48
1561694058 11.62
1561694119 11.66
1561694180 11.57
1561694240 11.56
1561694301 11.59
1561694361 11.50
1561694422 11.58
1561694483 11.54
1561694543 11.49
1561694603 11.61
1561694664 11.62
1561694724 11.60
1561694785 11.56
1561694845 11.59
1561694906 11.65
1561694966 11.60
1561695027 11.62
1561695087 11.59
1561695148 11.58
1561695208 11.60
1561695269 11.57
1561695329 11.63
1561695390 11.56
1561695451 11.63
1561695511 11.54
1561695572 11.65
1561695632 11.57
1561695693 11.58
1561695754 11.64
1561695814 11.54
1561695875 11.62
1561695936 11.60
1561695996 11.57
1561696057 11.65
1561696117 11.66
1561696177 11.68
1561696238 11.62
1561696298 11.66
1561696359 11.57
1561696419 11.57
1561696480 11.57
1561696540 11.60
1561696601 11.68
1561696662 11.69
1561696722 11.65
1561696783 11.62
1561696843 11.61
1561696903 11.57
1561696964 11.64
1561697024 11.69
1561697085 11.73
1561697146 11.58
1561697206 11.53
1561697267 11.66
1561697327 11.71
1561697388 11.69
1561697448 11.71
1561697509 11.72
1561697570 11.77
1561697630 11.71
1561697691 11.68
1561697752 11.74
1561697813 11.69
1561697874 11.77
1561697934 11.74
1561697995 11.83
1561698056 11.75
1561698116 11.77
1561698177 11.77
1561698237 11.74
1561698297 11.71
1561698357 11.78
1561698418 11.76
1561698478 11.67
1561698539 11.72
1561698599 11.69
1561698660 11.81
1561698720 11.75
1561698781 11.67
1561698842 11.63
1561698902 11.62
1561698963 11.74
1561699023 11.68
1561699084 11.68
1561699144 11.61
1561699205 11.69
1561699266 11.68
1561699326 11.67
1561699387 11.59
1561699448 11.66
1561699508 11.71
1561699569 11.67
1561699629 11.61
1561699690 11.68
1561699751 11.65
1561699812 11.65
1561699873 11.67
1561699933 11.67
1561699993 11.73
1561700054 11.70
1561700114 11.66
1561700175 11.63
1561700235 11.64
1561700296 11.68
1561700356 11.65
1561700417 11.72
1561700477 11.70
1561700538 11.56
1561700599 11.61
1561700660 11.67
1561700720 11.65
1561700781 11.67
1561700841 11.68
1561700902 11.66
1561700962 11.61
1561701023 11.61
1561701084 11.65
1561701144 11.63
1561701205 11.63
1561701266 11.64
1561701326 11.67
1561701387 11.65
1561701448 11.65
1561701508 11.66
1561701569 11.64
1561701629 11.62
1561701690 11.63
1561701750 11.64
1561701810 11.63
1561701871 11.62
1561701931 11.61
1561701992 11.57
1561702053 11.60
1561702113 11.52
1561702174 11.66
1561702234 11.64
1561702294 11.62
1561702355 11.63
1561702415 11.60
1561702476 11.62
1561702536 11.64
1561702597 11.63
1561702657 11.59
1561702718 11.61
1561702779 11.62
1561702839 11.61
1561702900 11.62
1561702961 11.61
1561703021 11.59
1561703082 11.59
1561703142 11.55
1561703202 11.54
1561703263 11.55
1561703323 11.52
1561703383 11.59
1561703444 11.64
1561703505 11.66
1561703565 11.55
1561703625 11.61
1561703686 11.65
1561703747 11.63
1561703807 11.63
1561703868 11.63
1561703928 11.64
1561703989 11.59
1561704049 11.55
1561704110 11.49
1561704170 11.53
1561704231 11.57
1561704291 11.61
1561704352 11.64
1561704413 11.64
1561704474 11.57
1561704534 11.63
1561704595 11.64
1561704655 11.60
1561704715 11.59
1561704776 11.59
1561704838 11.61
1561704899 11.64
1561704960 11.57
1561705020 11.61
1561705081 11.56
1561705141 11.54
1561705202 11.53
1561705264 11.59
1561705324 11.65
1561705385 11.61
1561705445 11.55
1561705506 11.61
1561705566 11.58
1561705627 11.58
1561705687 11.61
1561705748 11.57
1561705808 11.61
1561705869 11.54
1561705929 11.54
1561705990 11.53
1561706050 11.53
1561706111 11.55
1561706171 11.58
1561706232 11.60
1561706292 11.59
1561706353 11.62
1561706413 11.63
1561706474 11.64
1561706534 11.66
1561706595 11.62
1561706656 11.62
1561706716 11.64
1561706777 11.65
1561706837 11.69
1561706898 11.64
1561706958 11.60
1561707018 11.57
1561707079 11.60
1561707139 11.61
1561707200 11.55
1561707261 11.51
1561707322 11.59
1561707382 11.60
1561707443 11.61
1561707504 11.62
1561707565 11.59
1561707625 11.59
1561707686 11.62
1561707746 11.57
1561707807 11.57
1561707867 11.60
1561707928 11.63
1561707988 11.63
1561708049 11.63
1561708110 11.62
1561708171 11.62
1561708231 11.67
1561708292 11.59
1561708352 11.61
1561708413 11.66
1561708475 11.57
1561708536 11.70
1561708596 11.65
1561708656 11.63
1561708717 11.69
1561708777 11.63
1561708838 11.68
1561708899 11.65
1561708960 11.59
1561709020 11.66
1561709081 11.62
1561709142 11.65
1561709202 11.67
1561709262 11.65
1561709323 11.69
1561709383 11.64
1561709444 11.67
1561709504 11.69
1561709565 11.62
1561709626 11.59
1561709686 11.63
1561709747 11.68
1561709808 11.60
1561709868 11.72
1561709929 11.70
1561709990 11.72
1561710050 11.69
1561710111 11.68
1561710171 11.69
1561710232 11.63
1561710292 11.68
1561710353 11.62
1561710413 11.68
1561710474 11.66
1561710535 11.72
1561710595 11.66
1561710656 11.70
1561710717 11.73
1561710777 11.61
1561710838 11.64
1561710898 11.67
1561710959 11.69
1561711019 11.67
1561711080 11.69
1561711140 11.69
1561711201 11.73
1561711262 11.66
1561711322 11.68
1561711383 11.67
1561711443 11.67
1561711504 11.63
1561711564 11.67
1561711625 11.74
1561711685 11.70
1561711746 11.68
1561711807 11.71
1561711867 11.67
1561711928 11.69
1561711988 11.73
1561712049 11.63
1561712109 11.69
1561712170 11.65
1561712230 11.75
1561712291 11.72
1561712352 11.71
1561712412 11.71
1561712473 11.67
1561712533 11.73
1561712594 11.72
1561712654 11.73
1561712714 11.69
1561712775 11.70
1561712836 11.69
1561712896 11.72
1561712956 11.70
1561713017 11.66
1561713078 11.67
1561713138 11.66
1561713198 11.67
1561713259 11.66
1561713319 11.64
1561713380 11.65
1561713440 11.65
1561713501 11.65
1561713562 11.62
1561713622 11.67
1561713683 11.65
1561713743 11.65
1561713804 11.69
1561713864 11.68
1561713924 11.67
1561713985 11.68
1561714045 11.68
1561714106 11.67
1561714166 11.72
1561714227 11.69
1561714287 11.67
1561714348 11.72
1561714408 11.66
1561714469 11.64
1561714529 11.62
1561714589 11.66
1561714650 11.68
1561714710 11.68
1561714771 11.71
1561714831 11.70
1561714891 11.71
1561714952 11.72
1561715013 11.73
1561715073 11.70
1561715134 11.72
1561715195 11.73
1561715255 11.74
1561715316 11.75
1561715376 11.74
1561715436 11.73
1561715497 11.76
1561715557 11.75
1561715618 11.74
1561715678 11.77
1561715739 11.73
1561715800 11.73
1561715861 11.77
1561715921 11.77
1561715982 11.74
1561716042 11.75
1561716103 11.72
1561716163 11.73
1561716224 11.72
1561716284 11.73
1561716345 11.76
1561716405 11.71
1561716466 11.73
1561716527 11.75
1561716587 11.76
1561716648 11.75
1561716709 11.78
1561716770 11.72
1561716831 11.75
1561716891 11.74
1561716952 11.78
1561717013 11.77
1561717073 11.72
1561717133 11.74
1561717194 11.74
1561717255 11.73
1561717315 11.70
1561717376 11.69
1561717436 11.72
1561717497 11.71
1561717558 11.67
1561717618 11.69
1561717679 11.70
1561717739 11.68
1561717800 11.67
1561717860 11.66
1561717921 11.69
1561717981 11.68
1561718042 11.72
1561718102 11.69
1561718163 11.71
1561718224 11.70
1561718284 11.69
1561718345 11.66
1561718406 11.67
1561718467 11.67
1561718527 11.69
1561718587 11.65
1561718648 11.65
1561718709 11.61
1561718769 11.65
1561718830 11.64
1561718890 11.62
1561718951 11.59
1561719011 11.60
1561719072 11.53
1561719133 11.58
1561719193 11.54
1561719254 11.59
1561719315 11.55
1561719375 11.52
1561719436 11.57
1561719497 11.55
1561719557 11.54
1561719618 11.58
1561719678 11.52
1561719739 11.50
1561719801 11.51
1561719861 11.49
1561719922 11.46
1561719982 11.47
1561720043 11.49
1561720103 11.50
1561720164 11.43
1561720225 11.38
1561720285 11.43
1561720346 11.38
1561720407 11.42
1561720467 11.42
1561720527 11.33
1561720588 11.39
1561720649 11.38
1561720710 11.32
1561720770 11.31
1561720831 11.32
1561720892 11.30
1561720953 11.34
1561721013 11.27
1561721074 11.34
1561721134 11.32
1561721195 11.26
1561721256 11.29
1561721317 11.31
1561721377 11.29
1561721438 11.27
1561721499 11.30
1561721559 11.31
1561721619 11.22
1561721680 11.25
1561721741 11.20
1561721801 11.22
1561721862 11.26
1561721922 11.19
1561721983 11.19
1561722043 11.21
1561722104 11.16
1561722164 11.17
1561722225 11.13
1561722287 11.07
1561722348 11.08
1561722409 11.01
1561722470 11.11
1561722530 11.10
1561722591 11.01
1561722651 11.01
1561722712 11.01
1561722772 11.01
1561722832 11.03
1561722895 10.92
1561722958 10.95
1561723021 10.96
1561723084 10.95
1561723146 10.85
1561723209 10.89
1561723272 10.92
1561723334 10.83
1561723397 10.86
1561723459 10.82
1561723522 10.87
1561723584 10.88
1561723647 10.79
1561723710 10.80
1561723773 10.81
1561723835 10.77
1561723898 10.78
1561723961 10.79
1561724023 10.77
1561724086 10.68
1561724149 10.75
1561724211 10.71
1561724274 10.70
1561724337 10.71
1561724399 10.68
1561724461 10.68
1561724524 10.67
1561724587 10.67
1561724650 10.71
1561724713 10.66
1561724775 10.65
1561724838 10.64
1561724900 10.64
1561724963 10.66
1561725026 10.64
1561725088 10.67
1561725151 10.64
1561725213 10.66
1561725276 10.61
1561725338 10.66
1561725401 10.61
1561725463 10.63
1561725526 10.66
1561725589 10.64
1561725652 10.61
1561725715 10.63
1561725778 10.67
1561725840 10.58
1561725903 10.64
1561725965 10.60
1561726028 10.61
1561726090 10.56
1561726153 10.65
1561726216 10.57
1561726278 10.62
1561726341 10.58
1561726404 10.55
1561726466 10.68
1561726529 10.53
1561726592 10.53
1561726654 10.57
1561726717 10.61
1561726779 10.53
1561726842 10.57
1561726904 10.58
1561726968 10.58
1561727030 10.58
1561727092 10.58
1561727155 10.57
1561727217 10.55
1561727279 10.59
1561727342 10.57
1561727404 10.52
1561727467 10.57
1561727530 10.54
1561727592 10.57
1561727655 10.56
1561727717 10.56
1561727780 10.55
1561727843 10.58
1561727905 10.55
1561727968 10.58
1561728031 10.53
1561728093 10.55
1561728156 10.54
1561728218 10.60
1561728281 10.55
1561728344 10.57
1561728407 10.57
1561728469 10.59
1561728532 10.57
1561728595 10.57
1561728658 10.57
1561728721 10.61
1561728783 10.59
1561728846 10.62
1561728909 10.58
1561728971 10.58
1561729034 10.59
1561729096 10.52
1561729158 10.58
1561729221 10.52
1561729284 10.56
1561729346 10.54
1561729409 10.55
1561729471 10.57
1561729534 10.52
1561729597 10.53
1561729660 10.48
1561729722 10.49
1561729785 10.52
1561729847 10.50
1561729910 10.49
1561729973 10.50
1561730036 10.46
1561730098 10.56
1561730161 10.49
1561730224 10.47
1561730287 10.47
1561730349 10.45
1561730412 10.45
1561730475 10.46
1561730537 10.40
1561730600 10.46
1561730662 10.47
1561730725 10.43
1561730788 10.46
1561730850 10.42
1561730913 10.45
1561730975 10.41
1561731038 10.42
1561731101 10.40
1561731164 10.37
1561731226 10.43
1561731289 10.37
1561731351 10.43
1561731413 10.37
1561731476 10.37
1561731538 10.37
1561731601 10.37
1561731663 10.37
1561731726 10.36
1561731788 10.35
1561731850 10.34
1561731913 10.36
1561731976 10.33
1561732039 10.34
1561732101 10.38
1561732164 10.39
1561732226 10.36
1561732289 10.34
1561732352 10.38
1561732414 10.37
1561732477 10.37
1561732540 10.38
1561732603 10.33
1561732666 10.39
1561732728 10.30
1561732791 10.38
1561732853 10.36
1561732916 10.29
1561732979 10.33
1561733041 10.31
1561733104 10.32
1561733166 10.35
1561733229 10.35
1561733291 10.29
1561733354 10.33
1561733417 10.29
1561733479 10.32
1561733542 10.30
1561733605 10.28
1561733668 10.29
1561733730 10.33
1561733793 10.30
1561733856 10.27
1561733918 10.32
1561733981 10.23
1561734044 10.34
1561734106 10.29
1561734169 10.28
1561734232 10.25
1561734294 10.29
1561734357 10.23
1561734420 10.31
1561734482 10.25
1561734545 10.28
1561734608 10.24
1561734671 10.25
1561734733 10.23
1561734796 10.17
1561734858 10.18
1561734922 10.24
1561734982 10.25
1561735045 10.19
1561735107 10.20
1561735170 10.15
1561735233 10.19
1561735295 10.20
1561735358 10.24
1561735421 10.20
1561735483 10.19
1561735546 10.24
1561735608 10.19
1561735671 10.18
1561735733 10.26
1561735796 10.20
1561735858 10.22
1561735921 10.23
1561735983 10.21
1561736046 10.21
1561736108 10.14
1561736171 10.23
1561736234 10.20
1561736296 10.21
1561736359 10.21
1561736422 10.20
1561736485 10.19
1561736547 10.16
1561736610 10.22
1561736673 10.23
1561736735 10.22
1561736798 10.16
1561736860 10.24
1561736923 10.21
1561736985 10.21
1561737048 10.22
1561737110 10.21
1561737173 10.22
1561737234 10.21
1561737297 10.20
1561737359 10.21
1561737422 10.23
1561737484 10.20
1561737547 10.22
1561737610 10.24
1561737672 10.24
1561737735 10.20
1561737798 10.22
1561737861 10.27
1561737921 10.25
1561737984 10.25
1561738047 10.27
1561738109 10.27
1561738172 10.26
1561738234 10.25
1561738297 10.30
1561738359 10.31
1561738422 10.32
1561738485 10.24
1561738547 10.32
1561738610 10.34
1561738673 10.33
1561738735 10.33
1561738798 10.27
1561738861 10.30
1561738924 10.35
1561738986 10.31
1561739049 10.34
1561739112 10.35
1561739174 10.31
1561739237 10.32
1561739300 10.35
1561739362 10.34
1561739424 10.37
1561739487 10.37
1561739550 10.38
1561739612 10.36
1561739675 10.39
1561739738 10.39
1561739800 10.41
1561739863 10.39
1561739926 10.39
1561739988 10.42
1561740051 10.41
1561740114 10.42
1561740176 10.40
1561740238 10.43
1561740301 10.42
1561740364 10.43
1561740426 10.44
1561740489 10.44
1561740551 10.46
1561740613 10.41
1561740676 10.48
1561740739 10.43
1561740802 10.47
1561740864 10.48
1561740927 10.47
1561740988 10.47
1561741051 10.44
1561741114 10.51
1561741177 10.49
1561741239 10.50
1561741302 10.51
1561741365 10.53
1561741427 10.52
1561741490 10.53
1561741552 10.52
1561741615 10.53
1561741678 10.55
1561741741 10.54
1561741803 10.50
1561741866 10.52
1561741929 10.53
1561741992 10.51
1561742054 10.56
1561742117 10.53
1561742179 10.56
1561742242 10.58
1561742305 10.58
1561742367 10.59
1561742429 10.55
1561742492 10.58
1561742554 10.57
1561742617 10.54
1561742679 10.54
1561742742 10.61
1561742805 10.59
1561742867 10.59
1561742930 10.55
1561742993 10.60
1561743055 10.60
1561743118 10.59
1561743180 10.63
1561743243 10.59
1561743306 10.60
1561743368 10.54
1561743431 10.59
1561743494 10.61
1561743556 10.60
1561743619 10.65
1561743682 10.64
1561743745 10.63
1561743808 10.63
1561743870 10.67
1561743933 10.63
1561743996 10.61
1561744059 10.65
1561744121 10.66
1561744184 10.61
1561744247 10.65
1561744310 10.62
1561744372 10.63
1561744434 10.63
1561744497 10.61
1561744560 10.68
1561744622 10.66
1561744685 10.66
1561744748 10.64
1561744810 10.63
1561744873 10.65
1561744935 10.66
1561744997 10.62
1561745060 10.60
1561745123 10.64
1561745185 10.62
1561745248 10.60
1561745311 10.60
1561745373 10.66
1561745436 10.65
1561745498 10.60
1561745561 10.63
1561745624 10.64
1561745686 10.63
1561745749 10.64
1561745811 10.63
1561745874 10.61
1561745937 10.64
1561745999 10.59
1561746062 10.60
1561746124 10.62
1561746187 10.62
1561746249 10.62
1561746312 10.65
1561746374 10.60
1561746437 10.58
1561746500 10.59
1561746562 10.57
1561746625 10.60
1561746688 10.61
1561746750 10.59
1561746812 10.58
1561746875 10.61
1561746937 10.60
1561747000 10.57
1561747062 10.58
1561747125 10.54
1561747187 10.57
1561747250 10.55
1561747312 10.57
1561747374 10.61
1561747437 10.58
1561747500 10.59
1561747562 10.57
1561747625 10.55
1561747688 10.51
1561747751 10.52
1561747813 10.54
1561747876 10.57
1561747938 10.52
1561748001 10.52
1561748064 10.55
1561748126 10.54
1561748189 10.51
1561748252 10.51
1561748315 10.51
1561748378 10.55
1561748440 10.55
1561748502 10.51
1561748565 10.53
1561748627 10.53
1561748690 10.47
1561748753 10.52
1561748815 10.54
1561748878 10.49
1561748940 10.48
1561749003 10.50
1561749066 10.53
1561749129 10.50
1561749191 10.46
1561749254 10.45
1561749317 10.48
1561749379 10.48
1561749442 10.49
1561749505 10.50
1561749567 10.48
1561749629 10.49
1561749692 10.47
1561749754 10.46
1561749817 10.43
1561749880 10.48
1561749942 10.45
1561750005 10.43
1561750067 10.45
1561750130 10.48
1561750193 10.46
1561750255 10.43
1561750318 10.42
1561750380 10.44
1561750443 10.41
1561750505 10.43
1561750568 10.41
1561750631 10.42
1561750693 10.42
1561750756 10.39
1561750819 10.38
1561750882 10.39
1561750944 10.39
1561751007 10.41
1561751070 10.35
1561751132 10.38
1561751195 10.33
1561751258 10.34
1561751320 10.31
1561751383 10.38
1561751445 10.34
1561751508 10.33
1561751571 10.33
1561751633 10.29
1561751696 10.40
1561751758 10.33
1561751821 10.29
1561751884 10.34
1561751946 10.34
1561752009 10.31
1561752071 10.30
1561752134 10.37
1561752196 10.30
1561752259 10.30
1561752322 10.32
1561752385 10.31
1561752448 10.30
1561752511 10.33
1561752573 10.29
1561752636 10.28
1561752698 10.28
1561752761 10.31
1561752824 10.27
1561752886 10.31
1561752949 10.31
1561753011 10.30
1561753074 10.26
1561753136 10.29
1561753199 10.33
1561753262 10.27
1561753324 10.28
1561753387 10.29
1561753450 10.29
1561753513 10.25
1561753575 10.29
1561753638 10.27
1561753701 10.32
1561753764 10.33
1561753826 10.28
1561753889 10.26
1561753952 10.23
1561754014 10.26
1561754077 10.28
1561754140 10.25
1561754202 10.22
1561754265 10.23
1561754328 10.23
1561754390 10.24
1561754453 10.27
1561754516 10.21
1561754579 10.20
1561754641 10.20
1561754704 10.22
1561754767 10.25
1561754829 10.21
1561754891 10.21
1561754954 10.21
1561755015 10.21
1561755078 10.19
1561755140 10.23
1561755203 10.21
1561755266 10.19
1561755329 10.16
1561755392 10.24
1561755454 10.21
1561755517 10.16
1561755580 10.16
1561755642 10.13
1561755705 10.12
1561755768 10.14
1561755830 10.15
1561755893 10.13
1561755956 10.09
1561756018 10.15
1561756081 10.13
1561756143 10.11
1561756206 10.12
1561756268 10.09
1561756331 10.11
1561756393 10.09
1561756456 10.08
1561756518 10.05
1561756581 10.08
1561756643 10.10
1561756706 10.09
1561756769 10.10
1561756830 10.06
1561756892 10.07
1561756954 10.07
1561757017 10.08
1561757080 10.05
1561757142 10.07
1561757205 10.09
1561757268 10.08
1561757330 10.08
1561757392 10.06
1561757455 10.08
1561757517 10.07
1561757580 10.03
1561757643 10.08
1561757703 10.06
1561757766 10.04
1561757829 10.03
1561757891 10.04
1561757954 10.04
1561758016 10.08
1561758079 10.04
1561758141 10.05
1561758204 10.04
1561758266 10.04
1561758329 10.04
1561758392 10.06
1561758454 10.07
1561758517 10.05
1561758580 9.99
1561758642 10.02
1561758705 10.02
1561758767 10.02
1561758830 9.99
1561758893 10.03
1561758955 10.01
1561759018 10.00
1561759080 10.02
1561759143 10.01
1561759206 10.00
1561759268 10.00
1561759330 10.01
1561759393 10.01
1561759456 10.00
1561759519 9.99
1561759581 10.00
1561759644 9.97
1561759707 9.99
1561759770 10.00
1561759832 10.00
1561759895 9.94
1561759957 9.98
1561760020 9.98
1561760083 10.00
1561760145 10.00
1561760208 10.00
1561760271 9.98
1561760334 10.00
1561760396 9.97
1561760459 9.99
1561760522 9.99
1561760584 9.95
1561760646 9.98
1561760709 9.97
1561760772 9.95
1561760834 9.95
1561760897 9.97
1561760959 9.94
1561761021 9.97
1561761084 9.97
1561761147 9.99
1561761209 9.94
1561761272 9.93
1561761334 9.92
1561761397 9.91
1561761460 9.93
1561761522 9.92
1561761585 9.93
1561761648 9.94
1561761710 9.92
1561761772 9.92
1561761835 9.93
1561761898 9.94
1561761960 9.91
1561762023 9.89
1561762086 9.93
1561762148 9.90
1561762210 9.94
1561762273 9.94
1561762335 9.89
1561762398 9.94
1561762460 9.90
1561762523 9.91
1561762586 9.86
1561762648 9.91
1561762711 9.88
1561762774 9.91
1561762835 9.91
1561762898 9.88
1561762961 9.88
1561763023 9.87
1561763086 9.89
1561763149 9.88
1561763211 9.86
1561763273 9.87
1561763336 9.85
1561763399 9.85
1561763461 9.88
1561763524 9.85
1561763587 9.85
1561763649 9.86
1561763711 9.86
1561763774 9.89
1561763836 9.84
1561763899 9.87
1561763961 9.86
1561764024 9.85
1561764086 9.86
1561764149 9.85
1561764212 9.85
1561764274 9.86
1561764337 9.84
1561764400 9.83
1561764461 9.84
1561764523 9.83
1561764586 9.83
1561764648 9.85
1561764711 9.80
1561764773 9.83
1561764835 9.83
1561764898 9.80
1561764961 9.81
1561765023 9.85
1561765086 9.85
1561765148 9.85
1561765211 9.84
1561765274 9.80
1561765336 9.80
1561765399 9.78
1561765461 9.81
1561765524 9.79
1561765586 9.81
1561765649 9.80
1561765711 9.84
1561765774 9.82
1561765837 9.79
1561765899 9.81
1561765962 9.82
1561766024 9.78
1561766087 9.78
1561766150 9.81
1561766212 9.79
1561766274 9.80
1561766336 9.81
1561766399 9.78
1561766462 9.81
1561766524 9.79
1561766587 9.78
1561766650 9.79
1561766713 9.85
1561766775 9.75
1561766838 9.79
1561766901 9.78
1561766964 9.82
1561767026 9.84
1561767088 9.80
1561767150 9.80
1561767213 9.79
1561767275 9.81
1561767338 9.83
1561767401 9.80
1561767463 9.79
1561767526 9.79
1561767588 9.81
1561767651 9.78
1561767713 9.81
1561767776 9.81
1561767838 9.79
1561767901 9.77
1561767964 9.83
1561768026 9.81
1561768089 9.81
1561768151 9.80
1561768214 9.81
1561768277 9.82
1561768340 9.83
1561768402 9.82
1561768465 9.81
1561768527 9.82
1561768590 9.79
1561768653 9.80
1561768715 9.81
1561768778 9.84
1561768841 9.81
1561768903 9.83
1561768966 9.79
1561769028 9.79
1561769091 9.84
1561769153 9.81
1561769216 9.80
1561769279 9.80
1561769342 9.79
1561769404 9.81
1561769467 9.80
1561769529 9.83
1561769592 9.83
1561769654 9.82
1561769717 9.81
1561769779 9.82
1561769842 9.81
1561769904 9.82
1561769966 9.83
1561770029 9.84
1561770091 9.83
1561770154 9.82
1561770217 9.82
1561770279 9.83
1561770342 9.79
1561770405 9.82
1561770465 9.82
1561770528 9.82
1561770590 9.83
1561770653 9.82
1561770716 9.80
1561770778 9.82
1561770841 9.80
1561770902 9.79
1561770965 9.83
1561771027 9.80
1561771090 9.81
1561771153 9.80
1561771215 9.77
1561771278 9.82
1561771340 9.80
1561771403 9.78
1561771466 9.79
1561771529 9.79
1561771591 9.79
1561771654 9.80
1561771717 9.79
1561771779 9.79
1561771842 9.77
1561771904 9.78
1561771967 9.79
1561772030 9.79
1561772093 9.78
1561772155 9.80
1561772218 9.78
1561772280 9.79
1561772343 9.81
1561772405 9.78
1561772468 9.78
1561772531 9.78
1561772593 9.79
1561772656 9.78
1561772719 9.78
1561772782 9.79
1561772845 9.77
1561772907 9.81
1561772970 9.78
1561773032 9.83
1561773095 9.79
1561773157 9.78
1561773220 9.80
1561773282 9.79
1561773345 9.79
1561773407 9.80
1561773470 9.75
1561773533 9.78
1561773596 9.77
1561773656 9.78
1561773718 9.76
1561773781 9.78
1561773844 9.78
1561773907 9.79
1561773969 9.75
1561774032 9.78
1561774094 9.76
1561774157 9.75
1561774219 9.78
1561774281 9.76
1561774344 9.76
1561774407 9.75
1561774469 9.76
1561774532 9.74
1561774595 9.74
1561774658 9.77
1561774721 9.73
1561774784 9.74
1561774847 9.75
1561774909 9.76
1561774972 9.74
1561775035 9.75
1561775097 9.73
1561775160 9.73
1561775222 9.72
1561775285 9.72
1561775347 9.73
1561775410 9.72
1561775473 9.72
1561775536 9.71
1561775598 9.73
1561775661 9.71
1561775723 9.76
1561775786 9.72
1561775849 9.70
1561775912 9.70
1561775974 9.70
1561776037 9.70
1561776100 9.73
1561776161 9.71
1561776223 9.70
1561776286 9.73
1561776348 9.71
1561776411 9.71
1561776473 9.67
1561776537 9.72
1561776597 9.72
1561776660 9.71
1561776723 9.72
1561776785 9.69
1561776848 9.70
1561776911 9.71
1561776973 9.70
1561777036 9.68
1561777098 9.70
1561777161 9.71
1561777224 9.68
1561777287 9.68
1561777347 9.70
1561777410 9.68
1561777473 9.68
1561777535 9.71
1561777598 9.68
1561777660 9.66
1561777723 9.65
1561777785 9.69
1561777848 9.67
1561777911 9.67
1561777974 9.66
1561778036 9.69
1561778099 9.66
1561778161 9.63
1561778224 9.65
1561778286 9.66
1561778349 9.63
1561778412 9.65
1561778475 9.64
1561778537 9.66
1561778600 9.63
1561778663 9.66
1561778725 9.65
1561778788 9.62
1561778850 9.62
1561778912 9.64
1561778975 9.63
1561779038 9.63
1561779100 9.63
1561779163 9.62
1561779225 9.63
1561779288 9.60
1561779350 9.61
1561779413 9.61
1561779476 9.61
1561779538 9.61
1561779601 9.62
1561779663 9.60
1561779727 9.60
1561779789 9.57
1561779852 9.58
1561779914 9.63
1561779977 9.60
1561780039 9.59
1561780102 9.61
1561780164 9.61
1561780227 9.56
1561780290 9.61
1561780352 9.61
1561780415 9.58
1561780477 9.55
1561780540 9.59
1561780603 9.57
1561780665 9.58
1561780728 9.55
1561780790 9.54
1561780853 9.53
1561780916 9.52
1561780979 9.52
1561781041 9.54
1561781104 9.52
1561781166 9.51
1561781229 9.49
1561781292 9.49
1561781354 9.51
1561781417 9.50
1561781479 9.49
1561781542 9.52
1561781605 9.49
1561781667 9.49
1561781730 9.47
1561781792 9.52
1561781855 9.49
1561781917 9.50
1561781980 9.50
1561782042 9.48
1561782105 9.43
1561782168 9.50
1561782229 9.45
1561782292 9.48
1561782354 9.46
1561782417 9.46
1561782479 9.45
1561782541 9.42
1561782604 9.45
1561782667 9.49
1561782729 9.44
1561782791 9.45
1561782854 9.44
1561782917 9.45
1561782980 9.44
1561783042 9.46
1561783105 9.45
1561783167 9.41
1561783230 9.45
1561783292 9.44
1561783355 9.43
1561783418 9.40
1561783481 9.43
1561783543 9.41
1561783606 9.42
1561783667 9.43
1561783730 9.43
1561783792 9.43
1561783855 9.42
1561783917 9.34
1561783980 9.37
1561784043 9.44
1561784105 9.38
1561784168 9.40
1561784231 9.42
1561784293 9.36
1561784356 9.34
1561784418 9.37
1561784481 9.38
1561784544 9.35
1561784606 9.38
1561784669 9.36
1561784732 9.34
1561784796 9.33
1561784857 9.33
1561784919 9.29
1561784982 9.31
1561785045 9.29
1561785108 9.36
1561785170 9.30
1561785233 9.33
1561785295 9.30
1561785358 9.27
1561785420 9.25
1561785483 9.30
1561785546 9.25
1561785608 9.28
1561785670 9.27
1561785733 9.21
1561785795 9.24
1561785858 9.23
1561785920 9.27
1561785983 9.25
1561786045 9.25
1561786108 9.23
1561786170 9.23
1561786232 9.17
1561786295 9.24
1561786357 9.16
1561786420 9.25
1561786483 9.22
1561786545 9.20
1561786608 9.24
1561786671 9.14
1561786733 9.16
1561786796 9.20
1561786859 9.16
1561786921 9.18
1561786984 9.18
1561787047 9.18
1561787110 9.15
1561787172 9.20
1561787235 9.18
1561787298 9.18
1561787361 9.12
1561787423 9.13
1561787486 9.15
1561787549 9.16
1561787612 9.17
1561787674 9.17
1561787737 9.09
1561787800 9.15
1561787863 9.17
1561787925 9.13
1561787988 9.13
1561788051 9.10
1561788113 9.11
1561788176 9.10
1561788238 9.11
1561788300 9.14
1561788363 9.15
1561788426 9.04
1561788489 9.14
1561788552 9.07
1561788614 9.13
1561788678 9.04
1561788740 9.04
1561788803 9.09
1561788865 9.11
1561788928 9.04
1561788990 9.08
1561789053 9.08
1561789116 9.08
1561789178 9.08
1561789241 9.07
1561789304 9.03
1561789366 9.06
1561789429 9.07
1561789492 9.02
1561789554 9.03
1561789617 8.99
1561789680 9.05
1561789742 9.06
1561789805 9.01
1561789868 9.08
1561789931 9.04
1561789993 9.02
1561790056 8.99
1561790118 8.99
1561790181 9.02
1561790243 8.99
1561790306 8.98
1561790368 9.00
1561790431 9.02
1561790494 8.97
1561790556 9.02
1561790619 8.98
1561790682 8.98
1561790745 8.94
1561790807 8.99
1561790870 8.95
1561790933 8.99
1561790996 8.94
1561791058 8.93
1561791121 8.94
1561791184 9.01
1561791246 8.94
1561791309 8.91
1561791372 8.91
1561791434 8.95
1561791497 8.94
1561791559 8.91
1561791622 8.90
1561791685 8.91
1561791747 8.91
1561791810 8.93
1561791872 8.85
1561791935 8.85
1561791998 8.93
1561792060 8.91
1561792123 8.89
1561792185 8.86
1561792248 8.90
1561792310 8.84
1561792373 8.87
1561792435 8.83
1561792498 8.86
1561792560 8.85
1561792623 8.91
1561792686 8.87
1561792748 8.88
1561792812 8.84
1561792874 8.81
1561792937 8.89
1561792999 8.84
1561793062 8.90
1561793125 8.86
1561793187 8.82
1561793250 8.85
1561793313 8.84
1561793376 8.87
1561793439 8.84
1561793501 8.84
1561793564 8.80
1561793627 8.80
1561793689 8.83
1561793752 8.79
1561793814 8.86
1561793876 8.81
1561793938 8.83
1561794001 8.81
1561794063 8.84
1561794126 8.84
1561794188 8.78
1561794251 8.74
1561794313 8.83
1561794376 8.84
1561794438 8.80
1561794501 8.76
1561794564 8.77
1561794627 8.79
1561794689 8.76
1561794752 8.81
1561794814 8.74
1561794877 8.77
1561794940 8.72
1561795002 8.80
1561795065 8.77
1561795127 8.71
1561795190 8.76
1561795252 8.75
1561795315 8.76
1561795377 8.79
1561795440 8.76
1561795503 8.73
1561795565 8.79
1561795628 8.76
1561795691 8.72
1561795753 8.77
1561795816 8.77
1561795879 8.74
1561795941 8.75
1561796004 8.76
1561796066 8.75
1561796129 8.72
1561796192 8.73
1561796254 8.71
1561796316 8.73
1561796379 8.72
1561796442 8.72
1561796504 8.71
1561796566 8.75
1561796629 8.70
1561796691 8.74
1561796754 8.70
1561796816 8.67
1561796879 8.69
1561796941 8.70
1561797004 8.68
1561797067 8.72
1561797129 8.70
1561797192 8.77
1561797255 8.70
1561797317 8.69
1561797380 8.67
1561797443 8.74
1561797505 8.72
1561797568 8.72
1561797631 8.74
1561797694 8.75
1561797757 8.71
1561797819 8.65
1561797882 8.69
1561797944 8.70
1561798007 8.70
1561798070 8.70
1561798132 8.65
1561798195 8.72
1561798258 8.70
1561798320 8.74
1561798383 8.71
1561798446 8.72
1561798508 8.72
1561798570 8.67
1561798633 8.75
1561798696 8.71
1561798758 8.68
1561798821 8.68
1561798883 8.74
1561798946 8.67
1561799009 8.65
1561799071 8.68
1561799134 8.75
1561799197 8.71
1561799260 8.70
1561799323 8.66
1561799386 8.69
1561799448 8.68
1561799511 8.72
1561799573 8.68
1561799636 8.68
1561799698 8.70
1561799761 8.63
1561799823 8.72
1561799886 8.74
1561799949 8.69
1561800011 8.69
1561800074 8.69
1561800136 8.72
1561800199 8.65
1561800261 8.69
1561800324 8.64
1561800386 8.70
1561800449 8.68
1561800511 8.61
1561800574 8.68
1561800636 8.69
1561800699 8.75
1561800761 8.68
1561800824 8.64
1561800887 8.65
1561800949 8.69
1561801012 8.71
1561801075 8.69
1561801137 8.66
1561801200 8.71
1561801263 8.66
1561801325 8.68
1561801388 8.67
1561801450 8.70
1561801513 8.69
1561801576 8.61
1561801639 8.66
1561801701 8.71
1561801764 8.70
1561801827 8.73
1561801889 8.62
1561801951 8.64
1561802014 8.70
1561802076 8.66
1561802138 8.72
1561802201 8.69
1561802263 8.64
1561802326 8.69
1561802389 8.72
1561802452 8.69
1561802514 8.68
1561802576 8.69
1561802639 8.73
1561802702 8.71
1561802764 8.61
1561802827 8.69
1561802890 8.70
1561802953 8.68
1561803016 8.67
1561803078 8.70
1561803141 8.69
1561803203 8.67
1561803266 8.69
1561803329 8.68
1561803391 8.69
1561803454 8.72
1561803516 8.71
1561803579 8.69
1561803642 8.73
1561803705 8.67
1561803767 8.67
1561803830 8.72
1561803892 8.67
1561803955 8.69
1561804017 8.70
1561804080 8.68
1561804143 8.72
1561804205 8.66
1561804268 8.68
1561804331 8.70
1561804393 8.65
1561804456 8.72
1561804519 8.65
1561804581 8.66
1561804644 8.67
1561804707 8.68
1561804770 8.64
1561804832 8.68
1561804895 8.71
1561804958 8.70
1561805020 8.67
1561805083 8.64
1561805146 8.67
1561805209 8.65
1561805272 8.67
1561805335 8.68
1561805397 8.71
1561805460 8.63
1561805523 8.70
1561805585 8.67
1561805648 8.68
1561805710 8.70
1561805773 8.68
1561805836 8.69
1561805899 8.67
1561805961 8.64
1561806024 8.70
1561806086 8.69
1561806149 8.69
1561806212 8.73
1561806274 8.69
1561806337 8.66
1561806399 8.67
1561806462 8.70
1561806525 8.71
1561806587 8.66
1561806650 8.69
1561806712 8.66
1561806774 8.66
1561806837 8.69
1561806900 8.70
1561806962 8.72
1561807025 8.68
1561807088 8.69
1561807150 8.64
1561807213 8.63
1561807276 8.68
1561807338 8.70
1561807401 8.67
1561807463 8.72
1561807526 8.69
1561807588 8.65
1561807651 8.67
1561807713 8.63
1561807776 8.67
1561807839 8.71
1561807901 8.69
1561807964 8.70
1561808026 8.72
1561808089 8.69
1561808152 8.67
1561808215 8.72
1561808277 8.65
1561808340 8.68
1561808402 8.70
1561808465 8.70
1561808527 8.67
1561808590 8.77
1561808652 8.67
1561808715 8.64
1561808777 8.67
1561808840 8.70
1561808903 8.65
1561808966 8.66
1561809028 8.65
1561809091 8.65
1561809154 8.70
1561809216 8.66
1561809279 8.66
1561809341 8.67
1561809404 8.68
1561809467 8.67
1561809529 8.65
1561809592 8.65
1561809654 8.68
1561809717 8.67
1561809779 8.65
1561809842 8.72
1561809905 8.67
1561809967 8.70
1561810030 8.73
1561810093 8.68
1561810156 8.72
1561810219 8.67
1561810281 8.70
1561810344 8.65
1561810407 8.69
1561810469 8.68
1561810532 8.70
1561810595 8.64
1561810658 8.71
1561810720 8.67
1561810783 8.62
1561810846 8.70
1561810908 8.67
1561810971 8.67
1561811034 8.64
1561811096 8.66
1561811159 8.68
1561811221 8.64
1561811284 8.64
1561811346 8.66
1561811409 8.65
1561811472 8.61
1561811534 8.65
1561811597 8.63
1561811660 8.61
1561811723 8.62
1561811785 8.66
1561811848 8.65
1561811910 8.63
1561811973 8.67
1561812036 8.66
1561812099 8.62
1561812162 8.66
1561812224 8.61
1561812286 8.65
1561812349 8.59
1561812412 8.63
1561812474 8.61
1561812537 8.63
1561812600 8.61
1561812663 8.61
1561812725 8.59
1561812788 8.59
1561812850 8.62
1561812913 8.58
1561812976 8.62
1561813039 8.58
1561813101 8.65
1561813164 8.58
1561813227 8.63
1561813290 8.61
1561813352 8.61
1561813415 8.59
1561813477 8.59
1561813540 8.59
1561813602 8.57
1561813665 8.59
1561813728 8.56
1561813790 8.56
1561813852 8.59
1561813915 8.58
1561813978 8.55
1561814041 8.55
1561814104 8.54
1561814166 8.52
1561814229 8.60
1561814291 8.52
1561814354 8.58
1561814417 8.58
1561814479 8.51
1561814542 8.53
1561814605 8.59
1561814667 8.52
1561814729 8.51
1561814792 8.51
1561814854 8.57
1561814917 8.52
1561814979 8.54
1561815042 8.52
1561815104 8.53
1561815167 8.49
1561815230 8.52
1561815292 8.55
1561815355 8.50
1561815417 8.51
1561815480 8.47
1561815542 8.53
1561815606 8.47
1561815668 8.49
1561815731 8.51
1561815794 8.50
1561815857 8.50
1561815919 8.50
1561815982 8.48
1561816044 8.51
1561816106 8.47
1561816168 8.49
1561816231 8.54
1561816293 8.49
1561816357 8.50
1561816419 8.48
1561816482 8.44
1561816544 8.48
1561816607 8.49
1561816670 8.48
1561816732 8.48
1561816795 8.44
1561816857 8.45
1561816920 8.43
1561816983 8.50
1561817045 8.43
1561817108 8.44
1561817171 8.42
1561817234 8.43
1561817296 8.38
1561817359 8.40
1561817422 8.39
1561817485 8.44
1561817547 8.39
1561817610 8.42
1561817673 8.40
1561817736 8.40
1561817798 8.40
1561817861 8.34
1561817924 8.33
1561817986 8.38
1561818049 8.33
1561818112 8.31
1561818175 8.34
1561818237 8.33
1561818300 8.30
1561818363 8.33
1561818425 8.31
1561818488 8.30
1561818550 8.27
1561818613 8.29
1561818676 8.29
1561818738 8.29
1561818801 8.31
1561818864 8.23
1561818926 8.29
1561818989 8.27
1561819051 8.24
1561819114 8.28
1561819176 8.23
1561819239 8.23
1561819302 8.22
1561819364 8.25
1561819427 8.23
1561819490 8.23
1561819552 8.23
1561819615 8.28
1561819677 8.25
1561819740 8.25
1561819802 8.22
1561819865 8.24
1561819928 8.21
1561819991 8.26
1561820053 8.26
1561820115 8.24
1561820178 8.21
1561820240 8.21
1561820303 8.20
1561820365 8.28
1561820428 8.20
1561820490 8.24
1561820553 8.21
1561820616 8.23
1561820679 8.22
1561820741 8.27
1561820804 8.22
1561820866 8.26
1561820929 8.23
1561820991 8.26
1561821054 8.23
1561821117 8.20
1561821179 8.28
1561821242 8.28
1561821304 8.20
1561821367 8.23
1561821429 8.29
1561821493 8.21
1561821555 8.25
1561821618 8.27
1561821680 8.20
1561821743 8.28
1561821805 8.27
1561821868 8.25
1561821930 8.24
1561821993 8.27
1561822056 8.30
1561822119 8.30
1561822181 8.30
1561822244 8.26
1561822307 8.29
1561822370 8.30
1561822432 8.29
1561822495 8.32
1561822558 8.32
1561822620 8.26
1561822683 8.31
1561822746 8.32
1561822808 8.36
1561822871 8.32
1561822934 8.28
1561822996 8.33
1561823058 8.31
1561823121 8.31
1561823183 8.29
1561823246 8.32
1561823308 8.37
1561823371 8.35
1561823434 8.34
1561823496 8.30
1561823559 8.32
1561823622 8.34
1561823684 8.29
1561823746 8.34
1561823809 8.35
1561823871 8.32
1561823934 8.31
1561823996 8.32
1561824058 8.30
1561824121 8.33
1561824184 8.32
1561824247 8.34
1561824309 8.33
1561824372 8.27
1561824435 8.26
1561824497 8.33
1561824560 8.32
1561824622 8.32
1561824685 8.35
1561824747 8.33
1561824810 8.36
1561824873 8.32
1561824935 8.33
1561824997 8.30
1561825060 8.36
1561825122 8.31
1561825185 8.31
1561825248 8.36
1561825311 8.33
1561825373 8.31
1561825436 8.30
1561825498 8.29
1561825561 8.32
1561825623 8.33
1561825685 8.36
1561825748 8.32
1561825811 8.32
1561825873 8.27
1561825936 8.32
1561825998 8.29
1561826061 8.29
1561826124 8.31
1561826186 8.34
1561826249 8.32
1561826312 8.28
1561826374 8.26
1561826437 8.34
1561826499 8.27
1561826562 8.27
1561826624 8.29
1561826687 8.32
1561826749 8.33
1561826812 8.29
1561826874 8.34
1561826937 8.26
1561826999 8.32
1561827061 8.28
1561827125 8.34
1561827187 8.34
1561827250 8.30
1561827313 8.31
1561827375 8.30
1561827438 8.31
1561827501 8.34
1561827564 8.32
1561827626 8.32
1561827689 8.33
1561827751 8.31
1561827814 8.38
1561827877 8.33
1561827939 8.36
1561828001 8.33
1561828064 8.35
1561828126 8.32
1561828189 8.36
1561828252 8.38
1561828314 8.33
1561828377 8.39
1561828439 8.33
1561828502 8.27
1561828565 8.34
1561828627 8.35
1561828690 8.36
1561828753 8.32
1561828816 8.35
1561828879 8.36
1561828941 8.35
1561829003 8.32
1561829066 8.35
1561829128 8.38
1561829191 8.36
1561829253 8.37
1561829316 8.36
1561829379 8.38
1561829441 8.33
1561829504 8.37
1561829566 8.35
1561829629 8.34
1561829692 8.38
1561829754 8.35
1561829816 8.37
1561829879 8.39
1561829941 8.37
1561830004 8.37
1561830067 8.34
1561830129 8.34
1561830192 8.37
1561830255 8.37
1561830318 8.37
1561830381 8.36
1561830443 8.38
1561830506 8.37
1561830569 8.39
1561830631 8.40
1561830694 8.40
1561830756 8.37
1561830819 8.39
1561830881 8.39
1561830944 8.34
1561831006 8.37
1561831069 8.33
1561831132 8.33
1561831194 8.37
1561831257 8.39
1561831320 8.40
1561831383 8.35
1561831445 8.37
1561831508 8.37
1561831570 8.38
1561831633 8.33
1561831696 8.42
1561831758 8.34
1561831821 8.43
1561831883 8.38
1561831946 8.38
1561832008 8.35
1561832070 8.39
1561832133 8.38
1561832196 8.38
1561832258 8.39
1561832320 8.39
1561832383 8.40
1561832446 8.41
1561832508 8.38
1561832571 8.41
1561832634 8.45
1561832697 8.41
1561832759 8.37
1561832822 8.39
1561832884 8.40
1561832947 8.37
1561833010 8.40
1561833073 8.38
1561833135 8.38
1561833198 8.40
1561833261 8.43
1561833323 8.38
1561833385 8.39
1561833448 8.40
1561833511 8.40
1561833573 8.39
1561833636 8.40
1561833698 8.36
1561833761 8.43
1561833824 8.33
1561833886 8.40
1561833949 8.40
1561834012 8.40
1561834074 8.39
1561834137 8.45
1561834199 8.43
1561834262 8.41
1561834324 8.42
1561834387 8.41
1561834450 8.37
1561834512 8.41
1561834575 8.45
1561834638 8.44
1561834700 8.45
1561834762 8.41
1561834825 8.43
1561834888 8.41
1561834950 8.40
1561835013 8.44
1561835076 8.35
1561835138 8.44
1561835201 8.42
1561835263 8.41
1561835326 8.40
1561835388 8.44
1561835451 8.39
1561835513 8.41
1561835576 8.45
1561835638 8.44
1561835700 8.41
1561835763 8.43
1561835826 8.43
1561835889 8.46
1561835951 8.37
1561836014 8.39
1561836077 8.44
1561836140 8.44
1561836202 8.43
1561836265 8.42
1561836327 8.44
1561836390 8.41
1561836452 8.47
1561836515 8.41
1561836578 8.47
1561836640 8.43
1561836703 8.46
1561836766 8.48
1561836829 8.45
1561836891 8.51
1561836954 8.45
1561837017 8.44
1561837079 8.46
1561837142 8.45
1561837204 8.45
1561837267 8.46
1561837330 8.40
1561837392 8.44
1561837455 8.44
1561837517 8.46
1561837580 8.46
1561837642 8.41
1561837705 8.46
1561837767 8.46
1561837830 8.47
1561837893 8.47
1561837956 8.47
1561838018 8.47
1561838081 8.48
1561838144 8.46
1561838207 8.45
1561838269 8.44
1561838332 8.44
1561838394 8.44
1561838457 8.46
1561838520 8.50
1561838582 8.49
1561838645 8.48
1561838708 8.49
1561838771 8.50
1561838833 8.44
1561838896 8.47
1561838959 8.46
1561839021 8.53
1561839084 8.50
1561839147 8.48
1561839210 8.51
1561839273 8.50
1561839335 8.50
1561839398 8.50
1561839461 8.49
1561839524 8.47
1561839586 8.53
1561839649 8.46
1561839711 8.46
1561839774 8.52
1561839837 8.44
1561839899 8.51
1561839962 8.50
1561840024 8.50
1561840087 8.51
1561840149 8.50
1561840212 8.51
1561840275 8.46
1561840338 8.46
1561840400 8.51
1561840463 8.53
1561840525 8.45
1561840588 8.52
1561840651 8.49
1561840713 8.54
1561840776 8.51
1561840838 8.50
1561840901 8.53
1561840963 8.51
1561841026 8.51
1561841089 8.53
1561841152 8.53
1561841214 8.57
1561841277 8.54
1561841340 8.53
1561841402 8.54
1561841465 8.52
1561841527 8.49
1561841590 8.52
1561841653 8.52
1561841716 8.54
1561841778 8.51
1561841841 8.51
1561841904 8.47
1561841966 8.53
1561842029 8.53
1561842091 8.54
1561842154 8.51
1561842217 8.54
1561842280 8.50
1561842342 8.48
1561842405 8.51
1561842467 8.49
1561842530 8.47
1561842592 8.48
1561842655 8.48
1561842718 8.57
1561842781 8.55
1561842844 8.51
1561842906 8.54
1561842969 8.51
1561843031 8.52
1561843094 8.56
1561843156 8.49
1561843219 8.53
1561843282 8.52
1561843344 8.52
1561843407 8.56
1561843470 8.56
1561843532 8.53
1561843595 8.51
1561843657 8.50
1561843720 8.53
1561843783 8.55
1561843846 8.53
1561843908 8.49
1561843971 8.53
1561844034 8.55
1561844096 8.51
1561844159 8.52
1561844222 8.55
1561844284 8.54
1561844347 8.58
1561844410 8.52
1561844473 8.52
1561844535 8.52
1561844598 8.52
1561844661 8.53
1561844723 8.53
1561844786 8.50
1561844848 8.48
1561844911 8.53
1561844973 8.53
1561845036 8.52
1561845098 8.50
1561845161 8.56
1561845224 8.53
1561845287 8.50
1561845349 8.48
1561845412 8.52
1561845474 8.52
1561845537 8.50
1561845600 8.51
1561845662 8.53
1561845725 8.51
1561845788 8.50
1561845850 8.48
1561845913 8.50
1561845976 8.49
1561846038 8.48
1561846101 8.51
1561846164 8.50
1561846226 8.56
1561846289 8.52
1561846352 8.51
1561846414 8.52
1561846476 8.50
1561846539 8.49
1561846602 8.54
1561846664 8.47
1561846726 8.48
1561846789 8.52
1561846852 8.49
1561846914 8.51
1561846977 8.50
1561847040 8.50
1561847102 8.51
1561847165 8.54
1561847227 8.50
1561847290 8.52
1561847353 8.49
1561847415 8.49
1561847478 8.50
1561847540 8.54
1561847603 8.52
1561847666 8.56
1561847729 8.54
1561847791 8.49
1561847854 8.53
1561847917 8.48
1561847979 8.48
1561848042 8.57
1561848104 8.51
1561848166 8.51
1561848229 8.50
1561848291 8.50
1561848354 8.49
1561848417 8.48
1561848480 8.47
1561848542 8.50
1561848604 8.48
1561848667 8.48
1561848730 8.51
1561848792 8.54
1561848855 8.51
1561848917 8.52
1561848980 8.52
1561849043 8.54
1561849106 8.52
1561849168 8.51
1561849231 8.55
1561849294 8.52
1561849356 8.51
1561849419 8.51
1561849481 8.51
1561849544 8.51
1561849606 8.54
1561849668 8.54
1561849731 8.53
1561849794 8.50
1561849856 8.54
1561849919 8.55
1561849981 8.56
1561850044 8.53
1561850106 8.51
1561850169 8.59
1561850231 8.51
1561850294 8.54
1561850356 8.54
1561850419 8.52
1561850482 8.55
1561850544 8.54
1561850606 8.54
1561850669 8.55
1561850731 8.53
1561850794 8.53
1561850857 8.53
1561850919 8.54
1561850981 8.50
1561851044 8.53
1561851106 8.56
1561851168 8.53
1561851231 8.53
1561851294 8.54
1561851356 8.51
1561851419 8.56
1561851481 8.51
1561851543 8.50
1561851605 8.50
1561851668 8.55
1561851731 8.53
1561851794 8.52
1561851856 8.52
1561851919 8.52
1561851982 8.51
1561852044 8.52
1561852107 8.50
1561852170 8.51
1561852232 8.52
1561852295 8.47
1561852357 8.47
1561852420 8.50
1561852483 8.49
1561852545 8.48
1561852608 8.51
1561852671 8.47
1561852733 8.48
1561852795 8.49
1561852858 8.47
1561852921 8.47
1561852983 8.48
1561853046 8.49
1561853108 8.47
1561853171 8.47
1561853233 8.46
1561853296 8.50
1561853358 8.48
1561853421 8.49
1561853484 8.46
1561853547 8.48
1561853609 8.45
1561853672 8.47
1561853734 8.44
1561853797 8.44
1561853859 8.44
1561853922 8.45
1561853985 8.41
1561854047 8.43
1561854110 8.46
1561854172 8.44
1561854235 8.46
1561854298 8.43
1561854360 8.46
1561854423 8.44
1561854485 8.46
1561854548 8.43
1561854610 8.40
1561854673 8.43
1561854735 8.42
1561854798 8.43
1561854860 8.44
1561854923 8.42
1561854985 8.44
1561855048 8.46
1561855110 8.43
1561855173 8.42
1561855236 8.41
1561855298 8.43
1561855361 8.41
1561855423 8.40
1561855486 8.43
1561855549 8.42
1561855612 8.39
1561855674 8.43
1561855737 8.41
1561855799 8.40
1561855862 8.38
1561855925 8.40
1561855987 8.41
1561856049 8.38
1561856112 8.35
1561856175 8.37
1561856237 8.39
1561856299 8.38
1561856362 8.39
1561856425 8.39
1561856487 8.38
1561856550 8.38
1561856612 8.39
1561856675 8.38
1561856737 8.37
1561856800 8.39
1561856862 8.37
1561856924 8.36
1561856987 8.36
1561857049 8.37
1561857112 8.37
1561857174 8.38
1561857237 8.34
1561857299 8.38
1561857362 8.38
1561857424 8.37
1561857487 8.36
1561857549 8.33
1561857612 8.36
1561857675 8.33
1561857737 8.36
1561857800 8.31
1561857862 8.35
1561857924 8.32
1561857987 8.34
1561858050 8.29
1561858113 8.33
1561858175 8.35
1561858238 8.34
1561858300 8.32
1561858362 8.32
1561858425 8.31
1561858488 8.32
1561858551 8.31
1561858614 8.29
1561858677 8.33
1561858737 8.34
1561858797 8.32
1561858858 8.27
1561858919 8.30
1561858979 8.29
1561859040 8.29
1561859100 8.30
1561859161 8.26
1561859221 8.29
1561859281 8.29
1561859342 8.30
1561859402 8.28
1561859463 8.25
1561859524 8.29
1561859584 8.29
1561859645 8.29
1561859705 8.24
1561859766 8.26
1561859827 8.28
1561859887 8.29
1561859948 8.25
1561860008 8.25
1561860069 8.22
1561860130 8.23
1561860190 8.26
1561860251 8.26
1561860312 8.25
1561860372 8.26
1561860433 8.25
1561860493 8.24
1561860554 8.24
1561860614 8.26
1561860675 8.21
1561860735 8.20
1561860796 8.19
1561860856 8.21
1561860917 8.25
1561860977 8.23
1561861038 8.26
1561861099 8.22
1561861159 8.21
1561861220 8.23
1561861280 8.25
1561861341 8.24
1561861401 8.22
1561861462 8.17
1561861522 8.17
1561861583 8.22
1561861644 8.20
1561861704 8.19
1561861765 8.21
1561861825 8.21
1561861886 8.23
1561861946 8.21
1561862007 8.19
1561862067 8.22
1561862128 8.21
1561862189 8.24
1561862250 8.24
1561862310 8.22
1561862371 8.18
1561862432 8.16
1561862492 8.18
1561862553 8.23
1561862613 8.21
1561862674 8.21
1561862734 8.28
1561862795 8.18
1561862856 8.20
1561862917 8.29
1561862978 8.27
1561863038 8.24
1561863098 8.25
1561863159 8.23
1561863220 8.34
1561863280 8.25
1561863340 8.21
1561863401 8.22
1561863462 8.26
1561863522 8.29
1561863582 8.21
1561863643 8.19
1561863703 8.24
1561863764 8.23
1561863825 8.23
1561863885 8.31
1561863946 8.29
1561864006 8.25
1561864067 8.15
1561864128 8.22
1561864189 8.24
1561864249 8.27
1561864310 8.26
1561864370 8.15
1561864431 8.20
1561864491 8.22
1561864552 8.26
1561864613 8.29
1561864673 8.17
1561864734 8.24
1561864794 8.30
1561864855 8.28
1561864916 8.22
1561864976 8.19
1561865036 8.28
1561865097 8.30
1561865157 8.26
1561865218 8.13
1561865278 8.14
1561865339 8.25
1561865400 8.26
1561865461 8.16
1561865521 8.22
1561865581 8.30
1561865642 8.30
1561865702 8.17
1561865763 8.21
1561865823 8.27
1561865883 8.17
1561865944 8.13
1561866004 8.19
1561866065 8.18
1561866126 8.22
1561866187 8.23
1561866247 8.25
1561866308 8.20
1561866368 8.17
1561866429 8.16
1561866489 8.21
1561866549 8.27
1561866610 8.14
1561866671 8.19
1561866731 8.14
1561866792 8.13
1561866852 8.13
1561866913 8.14
1561866973 8.08
1561867034 8.07
1561867095 8.16
1561867155 8.22
1561867215 8.22
1561867276 8.20
1561867336 8.11
1561867397 8.05
1561867457 8.12
1561867518 8.15
1561867579 8.11
1561867639 8.08
1561867700 8.16
1561867760 8.18
1561867820 8.04
1561867881 8.02
1561867941 8.06
1561868002 8.04
1561868062 8.04
1561868123 8.07
1561868183 8.05
1561868244 8.04
1561868304 8.07
1561868364 8.04
1561868425 8.01
1561868486 8.04
1561868547 7.99
1561868607 8.05
1561868667 8.09
1561868728 8.02
1561868788 8.08
1561868849 8.08
1561868910 8.06
1561868970 8.06
1561869030 8.06
1561869091 8.03
1561869151 8.06
1561869212 8.09
1561869273 8.01
1561869333 8.04
1561869393 8.07
1561869454 8.06
1561869514 8.07
1561869575 8.01
1561869636 7.99
1561869696 8.08
1561869757 8.02
1561869817 8.03
1561869878 8.06
1561869939 8.08
1561869999 7.99
1561870060 8.04
1561870121 8.03
1561870181 8.02
1561870241 8.01
1561870302 8.03
1561870362 8.10
1561870423 8.03
1561870483 8.06
1561870544 8.07
1561870604 8.03
1561870665 8.02
1561870726 8.00
1561870786 8.02
1561870847 8.04
1561870908 8.05
1561870969 8.01
1561871029 8.02
1561871090 8.06
1561871151 8.07
1561871211 8.04
1561871272 7.93
1561871332 7.97
1561871393 8.00
1561871453 8.02
1561871514 8.01
1561871574 7.95
1561871635 7.96
1561871695 7.95
1561871756 7.98
1561871817 7.98
1561871877 7.98
1561871938 7.98
1561871999 8.01
1561872059 7.99
1561872120 7.92
1561872180 7.98
1561872241 7.98
1561872301 7.99
1561872362 8.01
1561872423 8.00
1561872483 8.02
1561872544 8.00
1561872604 8.02
1561872665 8.00
1561872726 7.99
1561872788 7.97
1561872848 8.04
1561872909 8.00
1561872969 8.01
1561873029 8.02
1561873090 7.97
1561873150 7.95
1561873210 7.99
1561873271 8.01
1561873331 8.01
1561873392 8.02
1561873452 8.07
1561873512 8.04
1561873572 8.03
1561873633 8.02
1561873693 8.02
1561873754 8.05
1561873815 8.01
1561873876 8.01
1561873936 8.02
1561873997 7.98
1561874057 8.02
1561874118 7.98
1561874178 7.99
1561874239 8.05
1561874299 8.04
1561874360 8.01
1561874420 7.96
1561874480 8.01
1561874541 8.03
1561874601 8.01
1561874662 8.02
1561874723 8.01
1561874783 8.01
1561874843 7.99
1561874904 8.01
1561874964 8.10
1561875025 8.04
1561875085 8.06
1561875145 7.95
1561875206 8.07
1561875267 8.00
1561875327 8.00
1561875387 8.01
1561875448 8.00
1561875509 7.99
1561875569 8.01
1561875630 7.98
1561875691 8.01
1561875751 8.00
1561875812 8.05
1561875873 8.02
1561875933 8.02
1561875994 7.99
1561876054 8.05
1561876115 8.00
1561876175 7.98
1561876236 8.01
1561876296 7.99
1561876357 8.01
1561876417 7.97
1561876478 7.98
1561876539 7.99
1561876599 8.04
1561876660 8.01
1561876720 8.02
1561876781 8.03
1561876841 8.07
1561876902 8.07
1561876963 8.03
1561877023 8.00
1561877103 8.02
1561877164 8.03
1561877225 8.00
1561877285 8.03
1561877346 8.00
1561877407 8.03
1561877467 8.02
1561877528 8.00
1561877589 8.01
1561877649 8.08
1561877709 8.02
1561877770 8.05
1561877830 8.06
1561877891 8.06
1561877952 8.02
1561878012 8.08
1561878073 8.05
1561878134 8.06
1561878194 8.05
1561878255 8.01
1561878315 8.04
1561878376 8.09
1561878437 8.04
1561878498 8.08
1561878558 8.05
1561878619 8.12
1561878679 8.06
1561878739 8.06
1561878800 8.03
1561878861 8.07
1561878921 8.08
1561878982 8.11
1561879042 8.10
1561879103 8.07
1561879164 8.11
1561879225 8.05
1561879285 8.10
1561879346 8.03
1561879406 8.11
1561879466 8.09
1561879527 8.05
1561879587 8.08
1561879648 8.10
1561879708 8.11
1561879768 8.12
1561879829 8.11
1561879890 8.09
1561879950 8.17
1561880010 8.16
1561880071 8.14
1561880131 8.15
1561880192 8.09
1561880253 8.12
1561880313 8.14
1561880374 8.15
1561880435 8.18
1561880495 8.15
1561880556 8.12
1561880616 8.17
1561880677 8.10
1561880738 8.16
1561880798 8.12
1561880859 8.10
1561880920 8.11
1561880980 8.15
1561881041 8.10
1561881101 8.18
1561881162 8.16
1561881222 8.15
1561881283 8.15
1561881343 8.14
1561881404 8.13
1561881464 8.14
1561881525 8.09
1561881586 8.14
1561881647 8.13
1561881707 8.19
1561881768 8.10
1561881829 8.15
1561881890 8.12
1561881950 8.18
1561882011 8.09
1561882072 8.09
1561882132 8.10
1561882193 8.14
1561882253 8.14
1561882314 8.17
1561882374 8.14
1561882435 8.11
1561882496 8.15
1561882557 8.15
1561882618 8.13
1561882678 8.14
1561882739 8.07
1561882799 8.15
1561882860 8.13
1561882920 8.10
1561882981 8.08
1561883042 8.15
1561883102 8.14
1561883163 8.12
1561883223 8.15
1561883284 8.15
1561883345 8.09
1561883405 8.12
1561883465 8.13
1561883526 8.14
1561883587 8.11
1561883647 8.11
1561883708 8.15
1561883769 8.17
1561883829 8.13
1561883889 8.16
1561883950 8.12
1561884011 8.12
1561884071 8.09
1561884132 8.10
1561884193 8.07
1561884253 8.09
1561884314 8.07
1561884375 8.09
1561884435 8.08
1561884496 8.09
1561884557 8.10
1561884617 8.13
1561884678 8.09
1561884738 8.02
1561884799 8.09
1561884860 8.08
1561884921 8.10
1561884981 8.11
1561885042 8.12
1561885102 8.10
1561885163 8.06
1561885224 8.12
1561885284 8.07
1561885345 8.12
1561885406 8.06
1561885466 8.08
1561885527 8.08
1561885588 8.13
1561885648 8.10
1561885709 8.09
1561885769 8.11
1561885830 8.10
1561885890 8.06
1561885951 8.09
1561886012 8.08
1561886072 8.09
1561886134 8.10
1561886194 8.06
1561886255 8.04
1561886316 8.06
1561886376 8.07
1561886436 8.07
1561886497 8.05
1561886558 8.09
1561886618 8.08
1561886679 8.07
1561886739 8.07
1561886800 8.05
1561886860 8.07
1561886921 8.04
1561886982 8.06
1561887042 8.08
1561887102 8.06
1561887163 8.02
1561887223 8.01
1561887284 8.05
1561887344 8.05
1561887405 8.03
1561887466 8.03
1561887526 8.03
1561887587 8.04
1561887648 8.01
1561887708 8.02
1561887769 8.00
1561887829 8.04
1561887889 8.03
1561887950 8.03
1561888011 7.99
1561888071 8.00
1561888132 8.01
1561888192 8.00
1561888253 7.98
1561888314 8.01
1561888375 7.98
1561888435 7.98
1561888496 8.00
1561888556 7.96
1561888617 7.98
1561888678 7.96
1561888738 7.95
1561888799 7.97
1561888859 7.96
1561888920 8.00
1561888980 8.04
1561889041 7.93
1561889101 7.98
1561889162 7.91
1561889223 7.92
1561889283 7.93
1561889344 7.92
1561889405 7.95
1561889465 7.91
1561889526 8.01
1561889586 8.00
1561889647 7.95
1561889708 7.98
1561889768 7.95
1561889829 7.95
1561889889 7.91
1561889949 7.94
1561890010 7.95
1561890071 7.96
1561890132 7.96
1561890192 7.97
1561890253 7.93
1561890313 7.95
1561890374 7.96
1561890435 7.96
1561890496 7.96
1561890556 7.97
1561890617 7.97
1561890678 7.93
1561890738 7.98
1561890799 7.99
1561890859 7.98
1561890920 7.94
1561890980 7.95
1561891041 7.93
1561891102 7.94
1561891162 7.94
1561891223 7.97
1561891283 7.98
1561891344 7.95
1561891404 7.95
1561891465 7.99
1561891526 7.94
1561891586 7.98
1561891647 7.98
1561891707 7.99
1561891768 8.00
1561891828 7.96
1561891889 7.97
1561891949 8.03
1561892010 7.98
1561892071 8.00
1561892131 8.00
1561892192 8.01
1561892252 8.01
1561892313 8.02
1561892375 8.02
1561892436 8.00
1561892496 8.04
1561892557 8.00
1561892618 8.00
1561892678 8.01
1561892739 8.03
1561892800 8.02
1561892860 8.01
1561892921 8.01
1561892981 8.01
1561893042 8.03
1561893102 8.08
1561893163 8.02
1561893224 8.03
1561893284 8.02
1561893344 8.07
1561893405 8.03
1561893466 8.05
1561893527 8.07
1561893587 8.10
1561893648 8.08
1561893709 8.03
1561893769 8.03
1561893830 8.03
1561893891 8.10
1561893951 8.06
1561894012 8.07
1561894072 8.07
1561894133 8.05
1561894193 8.10
1561894254 8.07
1561894314 8.10
1561894375 8.11
1561894435 8.08
1561894496 8.08
1561894557 8.08
1561894617 8.14
1561894678 8.11
1561894738 8.13
1561894799 8.11
1561894859 8.15
1561894920 8.16
1561894980 8.17
1561895040 8.14
1561895101 8.19
1561895161 8.13
1561895222 8.16
1561895282 8.16
1561895343 8.17
1561895404 8.20
1561895464 8.20
1561895525 8.17
1561895585 8.19
1561895646 8.19
1561895707 8.19
1561895767 8.20
1561895828 8.19
1561895889 8.21
1561895949 8.23
1561896010 8.22
1561896070 8.24
1561896131 8.27
1561896192 8.28
1561896252 8.28
1561896313 8.24
1561896373 8.26
1561896434 8.25
1561896495 8.25
1561896555 8.30
1561896616 8.28
1561896677 8.27
1561896737 8.26
1561896798 8.26
1561896858 8.30
1561896919 8.32
1561896979 8.25
1561897040 8.26
1561897101 8.28
1561897161 8.29
1561897222 8.27
1561897283 8.28
1561897343 8.28
1561897403 8.28
1561897464 8.30
1561897524 8.29
1561897585 8.29
1561897645 8.30
1561897706 8.29
1561897767 8.31
1561897827 8.29
1561897887 8.31
1561897948 8.33
1561898009 8.30
1561898069 8.32
1561898130 8.31
1561898191 8.33
1561898252 8.32
1561898313 8.30
1561898373 8.31
1561898434 8.33
1561898494 8.32
1561898555 8.33
1561898615 8.30
1561898676 8.31
1561898737 8.32
1561898797 8.32
1561898858 8.30
1561898918 8.30
1561898979 8.31
1561899040 8.29
1561899101 8.30
1561899161 8.30
1561899222 8.31
1561899282 8.33
1561899343 8.37
1561899404 8.31
1561899464 8.33
1561899525 8.35
1561899586 8.35
1561899646 8.35
1561899707 8.37
1561899767 8.34
1561899828 8.35
1561899889 8.35
1561899950 8.34
1561900010 8.36
1561900070 8.35
1561900131 8.36
1561900191 8.34
1561900251 8.36
1561900312 8.38
1561900373 8.37
1561900434 8.38
1561900494 8.38
1561900555 8.39
1561900616 8.40
1561900676 8.39
1561900736 8.42
1561900797 8.39
1561900858 8.39
1561900918 8.41
1561900979 8.42
1561901040 8.41
1561901101 8.41
1561901161 8.43
1561901222 8.41
1561901283 8.46
1561901344 8.42
1561901404 8.46
1561901465 8.44
1561901526 8.46
1561901586 8.43
1561901646 8.44
1561901707 8.45
1561901768 8.45
1561901828 8.47
1561901889 8.48
1561901950 8.47
1561902010 8.47
1561902071 8.46
1561902131 8.47
1561902192 8.48
1561902252 8.48
1561902313 8.51
1561902374 8.51
1561902434 8.51
1561902495 8.49
1561902556 8.56
1561902616 8.52
1561902677 8.53
1561902738 8.51
1561902799 8.53
1561902860 8.55
1561902920 8.51
1561902981 8.55
1561903042 8.56
1561903102 8.57
1561903162 8.54
1561903223 8.54
1561903283 8.58
1561903345 8.56
1561903406 8.57
1561903466 8.56
1561903527 8.58
1561903587 8.54
1561903648 8.59
1561903708 8.64
1561903769 8.59
1561903830 8.58
1561903890 8.58
1561903951 8.62
1561904012 8.65
1561904072 8.65
1561904132 8.66
1561904193 8.60
1561904253 8.64
1561904314 8.63
1561904375 8.64
1561904436 8.63
1561904496 8.69
1561904557 8.63
1561904617 8.67
1561904678 8.68
1561904739 8.62
1561904799 8.69
1561904860 8.68
1561904920 8.72
1561904981 8.75
1561905042 8.71
1561905102 8.74
1561905163 8.74
1561905224 8.71
1561905284 8.69
1561905345 8.70
1561905405 8.76
1561905466 8.75
1561905526 8.77
1561905587 8.74
1561905647 8.73
1561905707 8.75
1561905768 8.78
1561905829 8.71
1561905890 8.79
1561905950 8.74
1561906010 8.76
1561906071 8.74
1561906132 8.78
1561906192 8.77
1561906253 8.83
1561906313 8.83
1561906374 8.81
1561906434 8.75
1561906495 8.85
1561906556 8.84
1561906617 8.83
1561906677 8.80
1561906738 8.86
1561906798 8.82
1561906858 8.86
1561906919 8.81
1561906979 8.85
1561907040 8.84
1561907100 8.82
1561907161 8.84
1561907222 8.84
1561907282 8.86
1561907343 8.85
1561907404 8.88
1561907465 8.90
1561907525 8.85
1561907586 8.87
1561907646 8.88
1561907707 8.87
1561907767 8.89
1561907828 8.87
1561907888 8.91
1561907949 8.94
1561908009 8.94
1561908070 8.92
1561908130 8.90
1561908191 8.92
1561908251 8.91
1561908312 8.92
1561908373 8.94
1561908433 8.92
1561908494 8.88
1561908554 8.93
1561908615 8.88
1561908676 8.92
1561908736 8.96
1561908797 8.93
1561908858 8.92
1561908918 8.91
1561908979 8.95
1561909039 8.93
1561909100 8.91
1561909161 8.92
1561909223 8.90
1561909283 8.92
1561909346 8.92
1561909406 8.88
1561909466 8.93
1561909527 8.93
1561909587 8.90
1561909648 8.88
1561909708 8.90
1561909769 8.89
1561909829 8.96
1561909889 9.00
1561909949 8.94
1561910010 8.96
1561910071 8.95
1561910131 8.96
1561910191 8.95
1561910252 8.92
1561910312 8.96
1561910373 8.99
1561910434 9.02
1561910494 9.01
1561910555 9.02
1561910615 9.01
1561910675 8.96
1561910736 8.99
1561910796 9.00
1561910857 9.01
1561910918 9.01
1561910979 8.99
1561911039 9.02
1561911100 9.01
1561911161 9.00
1561911222 9.04
1561911282 9.07
1561911343 9.03
1561911403 9.03
1561911463 9.06
1561911524 9.04
1561911585 9.07
1561911645 9.06
1561911705 9.05
1561911766 9.05
1561911826 9.08
1561911887 9.11
1561911947 9.09
1561912008 9.09
1561912068 9.08
1561912129 9.04
1561912190 9.08
1561912250 9.10
1561912311 9.06
1561912372 9.07
1561912433 9.08
1561912493 9.11
1561912554 9.14
1561912614 9.10
1561912675 9.09
1561912736 9.11
1561912796 9.14
1561912857 9.14
1561912917 9.11
1561912977 9.11
1561913038 9.10
1561913098 9.12
1561913159 9.12
1561913219 9.14
1561913280 9.10
1561913341 9.09
1561913402 9.10
1561913462 9.12
1561913522 9.17
1561913583 9.17
1561913643 9.16
1561913704 9.15
1561913765 9.18
1561913826 9.15
1561913886 9.20
1561913947 9.20
1561914007 9.20
1561914068 9.19
1561914128 9.19
1561914189 9.17
1561914250 9.18
1561914310 9.16
1561914370 9.15
1561914431 9.17
1561914491 9.14
1561914552 9.20
1561914613 9.18
1561914673 9.18
1561914734 9.21
1561914795 9.20
1561914855 9.18
1561914916 9.27
1561914976 9.20
1561915037 9.18
1561915097 9.22
1561915158 9.23
1561915218 9.20
1561915279 9.19
1561915340 9.21
1561915400 9.25
1561915461 9.25
1561915522 9.22
1561915582 9.25
1561915643 9.27
1561915703 9.23
1561915763 9.26
1561915824 9.27
1561915885 9.25
1561915946 9.26
1561916006 9.24
1561916067 9.28
1561916127 9.25
1561916187 9.27
1561916248 9.24
1561916308 9.25
1561916369 9.22
1561916430 9.29
1561916490 9.30
1561916550 9.28
1561916611 9.29
1561916672 9.30
1561916732 9.29
1561916793 9.27
1561916854 9.28
1561916914 9.25
1561916975 9.27
1561917036 9.28
1561917096 9.30
1561917157 9.30
1561917218 9.29
1561917278 9.27
1561917339 9.27
1561917400 9.27
1561917460 9.30
1561917521 9.29
1561917582 9.31
1561917642 9.29
1561917702 9.31
1561917763 9.32
1561917824 9.34
1561917884 9.35
1561917945 9.34
1561918005 9.37
1561918066 9.30
1561918126 9.37
1561918187 9.31
1561918247 9.31
1561918308 9.40
1561918368 9.36
1561918429 9.34
1561918490 9.36
1561918550 9.33
1561918610 9.33
1561918671 9.38
1561918731 9.34
1561918791 9.38
1561918852 9.39
1561918912 9.32
1561918973 9.38
1561919034 9.34
1561919095 9.34
1561919155 9.40
1561919216 9.37
1561919276 9.38
1561919337 9.36
1561919397 9.39
1561919457 9.40
1561919518 9.38
1561919578 9.37
1561919639 9.38
1561919699 9.40
1561919760 9.37
1561919820 9.35
1561919881 9.38
1561919941 9.41
1561920002 9.38
1561920062 9.40
1561920123 9.40
1561920184 9.41
1561920244 9.42
1561920305 9.38
1561920365 9.38
1561920426 9.39
1561920486 9.39
1561920546 9.40
1561920606 9.40
1561920667 9.39
1561920728 9.38
1561920788 9.42
1561920848 9.39
1561920909 9.42
1561920970 9.41
1561921030 9.41
1561921090 9.43
1561921151 9.41
1561921212 9.44
1561921272 9.42
1561921332 9.46
1561921393 9.45
1561921453 9.49
1561921513 9.43
1561921574 9.44
1561921634 9.45
1561921695 9.47
1561921755 9.45
1561921816 9.45
1561921877 9.48
1561921938 9.42
1561921998 9.43
1561922059 9.47
1561922119 9.47
1561922180 9.47
1561922240 9.47
1561922300 9.44
1561922361 9.48
1561922422 9.46
1561922482 9.48
1561922543 9.49
1561922603 9.52
1561922664 9.42
1561922724 9.47
1561922785 9.49
1561922846 9.47
1561922906 9.47
1561922966 9.46
1561923027 9.48
1561923087 9.50
1561923148 9.46
1561923209 9.52
1561923269 9.47
1561923330 9.46
1561923391 9.46
1561923451 9.46
1561923512 9.45
1561923573 9.52
1561923633 9.52
1561923694 9.50
1561923755 9.51
1561923815 9.49
1561923876 9.51
1561923937 9.49
1561923997 9.46
1561924057 9.51
1561924118 9.51
1561924178 9.48
1561924239 9.51
1561924299 9.51
1561924360 9.52
1561924420 9.51
1561924481 9.51
1561924541 9.51
1561924601 9.47
1561924662 9.50
1561924722 9.52
1561924783 9.48
1561924843 9.49
1561924904 9.56
1561924965 9.55
1561925025 9.50
1561925086 9.51
1561925147 9.54
1561925207 9.48
1561925268 9.52
1561925328 9.50
1561925388 9.53
1561925449 9.49
1561925509 9.49
1561925570 9.54
1561925630 9.50
1561925691 9.53
1561925751 9.52
1561925812 9.52
1561925872 9.48
1561925932 9.46
1561925993 9.49
1561926053 9.49
1561926113 9.52
1561926174 9.51
1561926234 9.54
1561926295 9.52
1561926356 9.49
1561926416 9.49
1561926477 9.48
1561926538 9.55
1561926599 9.49
1561926659 9.48
1561926720 9.53
1561926781 9.49
1561926841 9.53
1561926902 9.53
1561926963 9.49
1561927023 9.48
1561927083 9.49
1561927143 9.55
1561927203 9.51
1561927264 9.52
1561927324 9.48
1561927384 9.50
1561927445 9.52
1561927505 9.50
1561927566 9.50
1561927626 9.47
1561927687 9.46
1561927748 9.46
1561927808 9.46
1561927868 9.46
1561927929 9.46
1561927990 9.47
1561928050 9.47
1561928111 9.47
1561928171 9.49
1561928232 9.46
1561928293 9.45
1561928353 9.49
1561928413 9.42
