1561669142 12.29
1561669203 12.32
1561669263 12.28
1561669324 12.28
1561669384 12.26
1561669445 12.25
1561669505 12.27
1561669566 12.27
1561669626 12.29
1561669687 12.37
1561669747 12.37
1561669808 12.31
1561669868 12.36
1561669929 12.29
1561669990 12.31
1561670050 12.30
1561670111 12.33
1561670171 12.30
1561670232 12.34
1561670293 12.28
1561670353 12.37
1561670414 12.32
1561670475 12.34
1561670535 12.28
1561670596 12.32
1561670656 12.29
1561670717 12.33
1561670777 12.32
1561670838 12.32
1561670899 12.37
1561670960 12.27
1561671020 12.32
1561671081 12.28
1561671142 12.34
1561671203 12.33
1561671264 12.34
1561671324 12.37
1561671385 12.34
1561671445 12.22
1561671506 12.30
1561671567 12.31
1561671627 12.28
1561671688 12.24
1561671748 12.30
1561671809 12.32
1561671869 12.32
1561671929 12.34
1561671990 12.33
1561672051 12.33
1561672111 12.28
1561672172 12.26
1561672232 12.22
1561672293 12.27
1561672353 12.24
1561672414 12.28
1561672475 12.28
1561672535 12.31
1561672596 12.24
1561672656 12.22
1561672717 12.31
1561672777 12.25
1561672838 12.30
1561672898 12.29
1561672959 12.31
1561673019 12.33
1561673080 12.29
1561673141 12.24
1561673201 12.29
1561673261 12.28
1561673322 12.27
1561673383 12.29
1561673443 12.21
1561673504 12.28
1561673564 12.36
1561673625 12.28
1561673685 12.28
1561673746 12.29
1561673807 12.25
1561673867 12.32
1561673928 12.27
1561673988 12.25
1561674049 12.32
1561674109 12.29
1561674170 12.26
1561674230 12.27
1561674290 12.31
1561674351 12.25
1561674411 12.29
1561674472 12.32
1561674533 12.31
1561674593 12.24
1561674654 12.25
1561674714 12.24
1561674774 12.25
1561674835 12.26
1561674895 12.28
1561674956 12.29
1561675016 12.31
1561675077 12.26
1561675138 12.32
1561675198 12.24
1561675259 12.28
1561675319 12.29
1561675380 12.26
1561675440 12.31
1561675502 12.28
1561675562 12.28
1561675624 12.30
1561675684 12.27
1561675745 12.25
1561675805 12.27
1561675866 12.29
1561675927 12.33
1561675987 12.27
1561676048 12.27
1561676109 12.24
1561676170 12.26
1561676230 12.26
1561676290 12.23
1561676350 12.27
1561676411 12.26
1561676471 12.28
1561676532 12.32
1561676592 12.29
1561676653 12.25
1561676713 12.25
1561676774 12.24
1561676834 12.27
1561676895 12.25
1561676955 12.29
1561677016 12.25
1561677077 12.28
1561677137 12.26
1561677198 12.24
1561677258 12.30
1561677319 12.26
1561677380 12.25
1561677441 12.25
1561677501 12.24
1561677562 12.27
1561677622 12.23
1561677683 12.21
1561677743 12.23
1561677804 12.25
1561677864 12.20
1561677925 12.19
1561677986 12.22
1561678046 12.27
1561678107 12.22
1561678167 12.19
1561678228 12.22
1561678289 12.23
1561678350 12.25
1561678410 12.28
1561678471 12.29
1561678531 12.28
1561678592 12.26
1561678652 12.28
1561678713 12.27
1561678773 12.31
1561678834 12.28
1561678895 12.26
1561678955 12.28
1561679016 12.22
1561679076 12.29
1561679137 12.25
1561679197 12.24
1561679257 12.23
1561679318 12.22
1561679380 12.26
1561679441 12.30
1561679501 12.28
1561679562 12.27
1561679622 12.28
1561679683 12.26
1561679744 12.20
1561679804 12.27
1561679864 12.31
1561679924 12.26
1561679985 12.21
1561680045 12.29
1561680106 12.22
1561680167 12.28
1561680228 12.33
1561680288 12.30
1561680349 12.29
1561680409 12.25
1561680470 12.30
1561680530 12.43
1561680591 12.38
1561680652 12.44
1561680712 12.44
1561680773 12.42
1561680833 12.57
1561680894 12.56
1561680955 12.54
1561681016 12.54
1561681076 12.54
1561681136 12.60
1561681197 12.61
1561681257 12.61
1561681318 12.62
1561681378 12.61
1561681439 12.55
1561681499 12.57
1561681560 12.56
1561681621 12.53
1561681681 12.59
1561681742 12.61
1561681802 12.58
1561681863 12.50
1561681925 12.57
1561681985 12.54
1561682046 12.54
1561682107 12.59
1561682167 12.55
1561682228 12.58
1561682288 12.56
1561682349 12.59
1561682409 12.59
1561682470 12.60
1561682530 12.59
1561682591 12.55
1561682652 12.56
1561682712 12.47
1561682773 12.50
1561682833 12.58
1561682894 12.47
1561682955 12.49
1561683015 12.47
1561683076 12.53
1561683136 12.48
1561683197 12.49
1561683257 12.46
1561683317 12.45
1561683378 12.47
1561683438 12.47
1561683499 12.33
1561683559 12.42
1561683620 12.44
1561683680 12.44
1561683741 12.43
1561683802 12.43
1561683862 12.44
1561683923 12.45
1561683983 12.41
1561684043 12.40
1561684104 12.36
1561684164 12.42
1561684225 12.39
1561684285 12.40
1561684346 12.37
1561684406 12.34
1561684467 12.32
1561684528 12.31
1561684588 12.36
1561684648 12.33
1561684709 12.33
1561684769 12.34
1561684830 12.40
1561684890 12.36
1561684951 12.33
1561685011 12.34
1561685072 12.29
1561685133 12.35
1561685193 12.38
1561685254 12.25
1561685314 12.32
1561685375 12.30
1561685436 12.29
1561685496 12.28
1561685557 12.34
1561685618 12.33
1561685678 12.32
1561685738 12.31
1561685799 12.34
1561685859 12.32
1561685920 12.32
1561685980 12.31
1561686041 12.28
1561686102 12.24
1561686162 12.26
1561686223 12.27
1561686283 12.28
1561686346 12.28
1561686407 12.27
1561686467 12.29
1561686530 12.29
1561686591 12.28
1561686651 12.27
1561686712 12.23
1561686774 12.29
1561686837 12.24
1561686897 12.29
1561686960 12.21
1561687021 12.24
1561687083 12.28
1561687144 12.25
1561687205 12.31
1561687265 12.24
1561687326 12.27
1561687387 12.26
1561687447 12.22
1561687508 12.21
1561687569 12.23
1561687630 12.22
1561687690 12.25
1561687751 12.24
1561687812 12.32
1561687872 12.24
1561687933 12.26
1561687993 12.29
1561688054 12.32
1561688115 12.25
1561688176 12.26
1561688236 12.25
1561688297 12.26
1561688357 12.28
1561688418 12.26
1561688478 12.29
1561688539 12.27
1561688599 12.24
1561688660 12.22
1561688720 12.25
1561688781 12.23
1561688841 12.22
1561688902 12.24
1561688963 12.21
1561689024 12.21
1561689085 12.24
1561689145 12.23
1561689206 12.20
1561689267 12.25
1561689327 12.20
1561689388 12.17
1561689448 12.24
1561689508 12.20
1561689569 12.23
1561689629 12.22
1561689690 12.16
1561689752 12.18
1561689813 12.17
1561689874 12.16
1561689934 12.19
1561689995 12.19
1561690056 12.21
1561690116 12.14
1561690177 12.18
1561690237 12.19
1561690298 12.14
1561690359 12.18
1561690420 12.13
1561690480 12.12
1561690541 12.13
1561690601 12.16
1561690661 12.19
1561690722 12.11
1561690783 12.10
1561690844 12.15
1561690904 12.16
1561690965 12.19
1561691025 12.16
1561691086 12.15
1561691147 12.18
1561691207 12.14
1561691268 12.14
1561691329 12.16
1561691390 12.14
1561691450 12.14
1561691511 12.16
1561691571 12.18
1561691632 12.21
1561691692 12.15
1561691753 12.15
1561691815 12.16
1561691876 12.12
1561691936 12.15
1561691997 12.15
1561692057 12.20
1561692118 12.13
1561692180 12.16
1561692240 12.15
1561692300 12.13
1561692361 12.16
1561692422 12.14
1561692483 12.11
1561692543 12.12
1561692604 12.15
1561692664 12.16
1561692725 12.13
1561692786 12.12
1561692846 12.13
1561692907 12.17
1561692967 12.12
1561693028 12.11
1561693089 12.15
1561693149 12.10
1561693210 12.12
1561693270 12.10
1561693331 12.09
1561693391 12.06
1561693452 12.12
1561693513 12.08
1561693573 12.12
1561693634 12.12
1561693694 12.11
1561693755 12.14
1561693815 12.13
1561693875 12.07
1561693936 12.11
1561693997 12.16
1561694057 12.17
1561694118 12.18
1561694179 12.13
1561694240 12.21
1561694300 12.17
1561694361 12.17
1561694422 12.19
1561694482 12.20
1561694543 12.22
1561694603 12.25
1561694663 12.28
1561694724 12.20
1561694784 12.26
1561694845 12.26
1561694905 12.15
1561694966 12.28
1561695026 12.30
1561695087 12.18
1561695147 12.23
1561695207 12.27
1561695268 12.29
1561695329 12.33
1561695390 12.28
1561695450 12.34
1561695511 12.30
1561695571 12.28
1561695632 12.31
1561695693 12.30
1561695753 12.28
1561695814 12.32
1561695875 12.33
1561695935 12.30
1561695996 12.38
1561696056 12.31
1561696117 12.34
1561696177 12.33
1561696237 12.26
1561696298 12.27
1561696358 12.25
1561696419 12.26
1561696479 12.30
1561696540 12.30
1561696601 12.30
1561696661 12.26
1561696722 12.21
1561696782 12.38
1561696842 12.37
1561696903 12.34
1561696963 12.35
1561697024 12.39
1561697085 12.41
1561697145 12.39
1561697206 12.39
1561697266 12.39
1561697327 12.40
1561697387 12.35
1561697448 12.41
1561697509 12.25
1561697569 12.33
1561697630 12.37
1561697691 12.39
1561697752 12.37
1561697812 12.38
1561697873 12.30
1561697934 12.31
1561697994 12.36
1561698055 12.35
1561698116 12.35
1561698176 12.29
1561698236 12.34
1561698297 12.26
1561698357 12.35
1561698418 12.35
1561698478 12.36
1561698538 12.30
1561698599 12.30
1561698659 12.36
1561698720 12.24
1561698781 12.40
1561698841 12.34
1561698901 12.31
1561698962 12.32
1561699023 12.37
1561699083 12.34
1561699144 12.35
1561699204 12.35
1561699265 12.29
1561699326 12.29
1561699387 12.34
1561699447 12.31
1561699508 12.33
1561699568 12.29
1561699629 12.24
1561699689 12.31
1561699751 12.27
1561699812 12.24
1561699872 12.23
1561699932 12.21
1561699993 12.28
1561700053 12.30
1561700114 12.30
1561700174 12.28
1561700235 12.25
1561700295 12.28
1561700356 12.26
1561700416 12.29
1561700477 12.23
1561700537 12.25
1561700598 12.26
1561700659 12.26
1561700720 12.26
1561700780 12.26
1561700841 12.21
1561700901 12.27
1561700962 12.23
1561701022 12.24
1561701083 12.21
1561701144 12.20
1561701204 12.23
1561701265 12.20
1561701326 12.22
1561701387 12.23
1561701447 12.27
1561701508 12.20
1561701568 12.29
1561701629 12.29
1561701689 12.26
1561701750 12.23
1561701810 12.28
1561701871 12.21
1561701931 12.25
1561701992 12.29
1561702052 12.27
1561702113 12.26
1561702173 12.25
1561702233 12.25
1561702294 12.26
1561702354 12.28
1561702415 12.26
1561702475 12.24
1561702536 12.22
1561702596 12.25
1561702657 12.25
1561702718 12.23
1561702778 12.26
1561702839 12.26
1561702899 12.23
1561702960 12.19
1561703020 12.18
1561703081 12.26
1561703142 12.23
1561703202 12.24
1561703262 12.24
1561703323 12.25
1561703383 12.24
1561703443 12.23
1561703504 12.24
1561703564 12.20
1561703625 12.19
1561703686 12.17
1561703746 12.19
1561703807 12.18
1561703867 12.21
1561703928 12.21
1561703988 12.24
1561704049 12.19
1561704109 12.17
1561704170 12.14
1561704231 12.22
1561704291 12.28
1561704352 12.22
1561704413 12.18
1561704473 12.22
1561704534 12.20
1561704594 12.21
1561704654 12.23
1561704715 12.26
1561704775 12.23
1561704856 12.21
1561704917 12.25
1561704978 12.21
1561705038 12.25
1561705099 12.22
1561705160 12.20
1561705220 12.22
1561705282 12.26
1561705343 12.21
1561705403 12.23
1561705463 12.27
1561705526 12.16
1561705587 12.25
1561705647 12.25
1561705708 12.22
1561705768 12.21
1561705828 12.18
1561705889 12.20
1561705950 12.25
1561706010 12.28
1561706071 12.28
1561706131 12.31
1561706191 12.32
1561706252 12.28
1561706313 12.32
1561706374 12.30
1561706434 12.30
1561706494 12.31
1561706555 12.27
1561706615 12.32
1561706676 12.31
1561706737 12.31
1561706797 12.34
1561706857 12.35
1561706918 12.34
1561706978 12.31
1561707039 12.30
1561707099 12.31
1561707160 12.30
1561707220 12.25
1561707281 12.30
1561707342 12.38
1561707403 12.29
1561707464 12.35
1561707524 12.34
1561707585 12.29
1561707646 12.27
1561707706 12.29
1561707766 12.29
1561707827 12.33
1561707888 12.33
1561707948 12.37
1561708008 12.37
1561708069 12.37
1561708130 12.32
1561708191 12.40
1561708251 12.42
1561708312 12.39
1561708373 12.41
1561708433 12.43
1561708495 12.33
1561708556 12.38
1561708618 12.35
1561708678 12.37
1561708739 12.36
1561708799 12.35
1561708860 12.36
1561708921 12.36
1561708982 12.37
1561709043 12.36
1561709103 12.44
1561709164 12.39
1561709224 12.47
1561709285 12.41
1561709345 12.38
1561709405 12.36
1561709466 12.37
1561709527 12.33
1561709587 12.36
1561709648 12.39
1561709708 12.36
1561709770 12.40
1561709830 12.45
1561709890 12.39
1561709951 12.42
1561710012 12.47
1561710073 12.45
1561710133 12.51
1561710193 12.44
1561710254 12.49
1561710314 12.47
1561710375 12.45
1561710436 12.46
1561710496 12.45
1561710557 12.43
1561710618 12.48
1561710678 12.44
1561710739 12.44
1561710799 12.42
1561710860 12.41
1561710920 12.40
1561710981 12.42
1561711042 12.42
1561711102 12.38
1561711163 12.38
1561711224 12.41
1561711284 12.42
1561711345 12.39
1561711405 12.40
1561711465 12.41
1561711526 12.43
1561711587 12.38
1561711647 12.43
1561711708 12.41
1561711768 12.39
1561711829 12.36
1561711890 12.35
1561711950 12.38
1561712011 12.38
1561712071 12.36
1561712132 12.37
1561712192 12.38
1561712253 12.39
1561712313 12.37
1561712374 12.38
1561712435 12.41
1561712495 12.33
1561712556 12.35
1561712616 12.31
1561712676 12.31
1561712737 12.32
1561712798 12.32
1561712858 12.34
1561712918 12.32
1561712979 12.31
1561713039 12.29
1561713100 12.33
1561713160 12.29
1561713221 12.32
1561713281 12.32
1561713342 12.29
1561713402 12.31
1561713463 12.28
1561713523 12.29
1561713584 12.32
1561713645 12.34
1561713705 12.29
1561713765 12.26
1561713826 12.24
1561713886 12.28
1561713947 12.40
1561714007 12.32
1561714068 12.27
1561714128 12.32
1561714189 12.32
1561714249 12.34
1561714310 12.31
1561714370 12.32
1561714430 12.25
1561714491 12.26
1561714551 12.28
1561714612 12.31
1561714672 12.24
1561714733 12.27
1561714793 12.35
1561714853 12.28
1561714914 12.25
1561714974 12.26
1561715035 12.30
1561715096 12.28
1561715156 12.26
1561715217 12.26
1561715277 12.26
1561715338 12.23
1561715398 12.27
1561715459 12.27
1561715519 12.25
1561715580 12.19
1561715640 12.22
1561715701 12.22
1561715762 12.31
1561715822 12.26
1561715883 12.23
1561715943 12.24
1561716004 12.22
1561716064 12.26
1561716125 12.22
1561716186 12.23
1561716246 12.20
1561716307 12.21
1561716367 12.24
1561716427 12.21
1561716488 12.19
1561716549 12.19
1561716610 12.15
1561716670 12.16
1561716732 12.20
1561716792 12.22
1561716853 12.17
1561716914 12.20
1561716974 12.15
1561717035 12.18
1561717096 12.20
1561717156 12.15
1561717216 12.12
1561717277 12.15
1561717337 12.15
1561717398 12.14
1561717459 12.14
1561717519 12.16
1561717580 12.10
1561717641 12.13
1561717701 12.15
1561717761 12.14
1561717822 12.15
1561717883 12.14
1561717943 12.13
1561718004 12.12
1561718064 12.12
1561718125 12.09
1561718186 12.10
1561718246 12.07
1561718307 12.06
1561718368 12.01
1561718428 12.01
1561718489 12.03
1561718549 12.06
1561718610 12.02
1561718670 12.03
1561718731 12.00
1561718792 11.95
1561718852 12.01
1561718913 11.97
1561718973 11.96
1561719034 11.96
1561719095 11.93
1561719155 11.97
1561719216 11.90
1561719276 11.96
1561719337 11.93
1561719398 11.89
1561719458 11.94
1561719519 11.91
1561719580 11.88
1561719640 11.92
1561719700 11.90
1561719761 11.88
1561719823 11.85
1561719884 11.86
1561719944 11.87
1561720005 11.84
1561720065 11.86
1561720125 11.83
1561720186 11.83
1561720247 11.79
1561720308 11.82
1561720368 11.80
1561720429 11.79
1561720489 11.82
1561720550 11.77
1561720611 11.78
1561720672 11.70
1561720732 11.73
1561720793 11.73
1561720854 11.65
1561720915 11.69
1561720975 11.70
1561721036 11.65
1561721096 11.70
1561721157 11.67
1561721218 11.65
1561721278 11.65
1561721339 11.63
1561721400 11.63
1561721460 11.60
1561721521 11.62
1561721581 11.63
1561721642 11.59
1561721702 11.51
1561721763 11.57
1561721824 11.53
1561721884 11.58
1561721945 11.55
1561722005 11.54
1561722066 11.54
1561722126 11.55
1561722186 11.55
1561722247 11.49
1561722310 11.45
1561722373 11.43
1561722435 11.44
1561722498 11.43
1561722561 11.39
1561722623 11.40
1561722686 11.41
1561722748 11.38
1561722811 11.36
1561722873 11.35
1561722936 11.35
1561722999 11.33
1561723062 11.35
1561723124 11.32
1561723187 11.30
1561723250 11.30
1561723312 11.25
1561723375 11.30
1561723437 11.27
1561723500 11.22
1561723562 11.22
1561723625 11.26
1561723688 11.30
1561723751 11.15
1561723814 11.22
1561723876 11.21
1561723939 11.20
1561724002 11.19
1561724064 11.12
1561724127 11.13
1561724190 11.13
1561724252 11.20
1561724315 11.15
1561724377 11.12
1561724440 11.10
1561724503 11.10
1561724565 11.12
1561724628 11.05
1561724691 11.03
1561724754 11.05
1561724816 11.06
1561724879 11.02
1561724941 11.07
1561725004 11.08
1561725066 11.06
1561725129 10.97
1561725192 11.00
1561725254 10.97
1561725316 10.99
1561725379 11.04
1561725441 11.00
1561725504 10.98
1561725567 10.96
1561725630 10.98
1561725693 11.08
1561725756 10.98
1561725819 11.00
1561725881 10.98
1561725944 10.97
1561726006 11.00
1561726068 10.99
1561726131 11.02
1561726194 10.95
1561726257 10.95
1561726319 10.95
1561726382 10.92
1561726444 10.89
1561726507 10.92
1561726570 10.92
1561726632 10.95
1561726695 10.89
1561726758 10.99
1561726820 10.91
1561726883 10.88
1561726945 10.93
1561727008 10.88
1561727071 10.89
1561727133 10.87
1561727196 10.88
1561727258 10.91
1561727320 10.89
1561727383 10.87
1561727445 10.88
1561727508 10.88
1561727570 10.89
1561727633 10.87
1561727696 10.92
1561727758 10.85
1561727821 10.90
1561727883 10.87
1561727946 10.87
1561728009 10.87
1561728072 10.87
1561728134 10.88
1561728197 10.90
1561728259 10.86
1561728322 10.87
1561728385 10.93
1561728448 10.88
1561728510 10.86
1561728573 10.89
1561728636 10.86
1561728699 10.90
1561728761 10.88
1561728824 10.89
1561728887 10.85
1561728949 10.88
1561729012 10.89
1561729074 10.91
1561729137 10.85
1561729199 10.88
1561729262 10.90
1561729325 10.88
1561729387 10.87
1561729450 10.87
1561729512 10.88
1561729575 10.87
1561729638 10.87
1561729700 10.85
1561729763 10.87
1561729826 10.85
1561729888 10.84
1561729951 10.86
1561730014 10.88
1561730076 10.84
1561730139 10.86
1561730202 10.84
1561730265 10.83
1561730328 10.85
1561730390 10.84
1561730453 10.81
1561730515 10.80
1561730578 10.79
1561730641 10.81
1561730703 10.80
1561730766 10.79
1561730829 10.80
1561730891 10.78
1561730954 10.80
1561731016 10.79
1561731079 10.78
1561731142 10.75
1561731205 10.74
1561731267 10.73
1561731329 10.73
1561731392 10.73
1561731454 10.76
1561731517 10.76
1561731579 10.73
1561731641 10.70
1561731704 10.70
1561731766 10.70
1561731829 10.71
1561731891 10.72
1561731954 10.71
1561732017 10.69
1561732079 10.69
1561732142 10.70
1561732204 10.68
1561732267 10.67
1561732330 10.68
1561732393 10.67
1561732455 10.69
1561732518 10.69
1561732581 10.70
1561732644 10.72
1561732706 10.69
1561732769 10.70
1561732832 10.71
1561732894 10.69
1561732957 10.69
1561733019 10.70
1561733082 10.70
1561733145 10.66
1561733207 10.66
1561733270 10.67
1561733332 10.66
1561733395 10.70
1561733458 10.68
1561733520 10.67
1561733583 10.67
1561733646 10.66
1561733708 10.63
1561733771 10.65
1561733834 10.61
1561733897 10.64
1561733960 10.64
1561734022 10.63
1561734084 10.63
1561734147 10.60
1561734210 10.61
1561734272 10.61
1561734335 10.63
1561734398 10.59
1561734460 10.60
1561734523 10.59
1561734586 10.61
1561734649 10.61
1561734711 10.57
1561734774 10.59
1561734836 10.59
1561734899 10.58
1561734961 10.57
1561735023 10.58
1561735086 10.59
1561735148 10.57
1561735211 10.57
1561735274 10.57
1561735336 10.57
1561735399 10.57
1561735461 10.53
1561735524 10.57
1561735586 10.59
1561735649 10.53
1561735711 10.54
1561735774 10.53
1561735836 10.58
1561735899 10.55
1561735962 10.53
1561736024 10.52
1561736087 10.55
1561736149 10.57
1561736212 10.54
1561736275 10.53
1561736337 10.56
1561736400 10.56
1561736463 10.58
1561736526 10.56
1561736588 10.56
1561736651 10.55
1561736713 10.58
1561736776 10.57
1561736838 10.55
1561736901 10.56
1561736964 10.57
1561737026 10.61
1561737088 10.59
1561737151 10.57
1561737212 10.58
1561737275 10.61
1561737338 10.58
1561737400 10.59
1561737463 10.61
1561737525 10.61
1561737588 10.59
1561737650 10.60
1561737713 10.62
1561737776 10.61
1561737839 10.67
1561737900 10.60
1561737962 10.62
1561738025 10.72
1561738087 10.69
1561738150 10.70
1561738212 10.69
1561738275 10.69
1561738338 10.68
1561738400 10.72
1561738463 10.70
1561738526 10.72
1561738588 10.70
1561738651 10.74
1561738714 10.74
1561738776 10.74
1561738839 10.75
1561738902 10.78
1561738965 10.76
1561739027 10.79
1561739090 10.79
1561739152 10.79
1561739215 10.80
1561739278 10.78
1561739340 10.81
1561739403 10.82
1561739465 10.88
1561739528 10.83
1561739591 10.85
1561739653 10.86
1561739716 10.85
1561739779 10.88
1561739841 10.91
1561739904 10.89
1561739967 10.87
1561740029 10.88
1561740092 10.91
1561740154 10.92
1561740217 10.94
1561740279 10.93
1561740342 10.91
1561740404 10.95
1561740467 10.93
1561740529 10.97
1561740592 11.01
1561740654 11.01
1561740717 10.98
1561740780 11.00
1561740843 11.02
1561740905 11.01
1561740966 11.01
1561741029 10.99
1561741092 11.01
1561741155 11.03
1561741218 11.01
1561741280 11.01
1561741343 10.99
1561741406 11.01
1561741468 11.01
1561741530 11.01
1561741593 11.01
1561741656 11.03
1561741719 11.04
1561741782 11.03
1561741844 11.03
1561741907 11.04
1561741970 11.04
1561742032 11.05
1561742095 11.08
1561742158 11.07
1561742220 11.07
1561742283 11.06
1561742345 11.08
1561742407 11.07
1561742470 11.07
1561742532 11.09
1561742595 11.11
1561742658 11.11
1561742720 11.09
1561742783 11.08
1561742846 11.09
1561742908 11.10
1561742971 11.08
1561743033 11.10
1561743096 11.09
1561743158 11.11
1561743221 11.08
1561743284 11.12
1561743346 11.11
1561743409 11.09
1561743472 11.13
1561743535 11.13
1561743597 11.16
1561743660 11.12
1561743723 11.14
1561743786 11.10
1561743848 11.11
1561743911 11.09
1561743974 11.11
1561744037 11.08
1561744099 11.13
1561744162 11.11
1561744225 11.10
1561744288 11.09
1561744350 11.10
1561744413 11.10
1561744475 11.10
1561744538 11.09
1561744601 11.07
1561744663 11.06
1561744726 11.05
1561744788 11.01
1561744851 11.03
1561744913 11.03
1561744976 11.01
1561745038 11.03
1561745101 11.02
1561745163 11.01
1561745226 11.03
1561745289 10.99
1561745352 11.03
1561745414 11.01
1561745477 11.01
1561745539 11.02
1561745602 11.00
1561745665 11.02
1561745727 11.00
1561745790 11.01
1561745852 11.01
1561745915 11.03
1561745978 11.01
1561746040 10.99
1561746103 10.98
1561746165 10.99
1561746228 10.99
1561746290 10.98
1561746353 10.98
1561746415 10.98
1561746478 10.98
1561746540 10.99
1561746603 10.95
1561746666 10.95
1561746728 10.97
1561746791 10.98
1561746853 10.97
1561746916 10.94
1561746978 10.95
1561747040 10.95
1561747103 10.94
1561747165 10.94
1561747228 10.94
1561747290 10.91
1561747353 10.92
1561747415 10.91
1561747478 10.93
1561747540 10.91
1561747603 10.90
1561747666 10.87
1561747729 10.89
1561747792 10.89
1561747854 10.88
1561747917 10.89
1561747979 10.90
1561748042 10.90
1561748105 10.91
1561748167 10.92
1561748230 10.89
1561748293 10.88
1561748356 10.85
1561748418 10.83
1561748481 10.88
1561748543 10.90
1561748605 10.88
1561748668 10.88
1561748731 10.84
1561748793 10.87
1561748856 10.88
1561748919 10.87
1561748981 10.87
1561749044 10.86
1561749107 10.84
1561749170 10.84
1561749232 10.87
1561749295 10.82
1561749358 10.84
1561749420 10.85
1561749483 10.80
1561749545 10.84
1561749608 10.81
1561749670 10.82
1561749733 10.82
1561749795 10.80
1561749858 10.82
1561749921 10.78
1561749983 10.77
1561750045 10.78
1561750108 10.78
1561750171 10.79
1561750233 10.77
1561750296 10.79
1561750359 10.78
1561750421 10.77
1561750484 10.78
1561750546 10.75
1561750609 10.75
1561750672 10.72
1561750734 10.70
1561750797 10.71
1561750860 10.71
1561750923 10.69
1561750985 10.62
1561751048 10.66
1561751111 10.67
1561751173 10.62
1561751236 10.66
1561751299 10.65
1561751361 10.62
1561751424 10.65
1561751486 10.64
1561751549 10.62
1561751612 10.62
1561751674 10.59
1561751737 10.64
1561751799 10.62
1561751862 10.61
1561751925 10.62
1561751987 10.64
1561752049 10.58
1561752112 10.61
1561752175 10.61
1561752237 10.65
1561752300 10.61
1561752363 10.63
1561752426 10.61
1561752489 10.62
1561752551 10.64
1561752614 10.56
1561752677 10.62
1561752739 10.64
1561752802 10.61
1561752864 10.60
1561752927 10.59
1561752989 10.62
1561753052 10.60
1561753115 10.59
1561753177 10.61
1561753240 10.60
1561753303 10.65
1561753365 10.62
1561753428 10.59
1561753491 10.62
1561753553 10.64
1561753616 10.60
1561753679 10.61
1561753742 10.64
1561753804 10.64
1561753867 10.59
1561753930 10.60
1561753992 10.59
1561754055 10.58
1561754118 10.61
1561754180 10.57
1561754243 10.56
1561754306 10.58
1561754368 10.57
1561754431 10.56
1561754494 10.57
1561754557 10.54
1561754619 10.53
1561754682 10.53
1561754745 10.55
1561754807 10.49
1561754870 10.56
1561754932 10.55
1561754993 10.54
1561755056 10.47
1561755119 10.48
1561755181 10.47
1561755244 10.49
1561755307 10.50
1561755370 10.44
1561755433 10.47
1561755495 10.44
1561755558 10.46
1561755621 10.45
1561755683 10.47
1561755746 10.45
1561755809 10.45
1561755871 10.44
1561755934 10.37
1561755997 10.41
1561756059 10.43
1561756122 10.44
1561756184 10.35
1561756247 10.39
1561756309 10.41
1561756372 10.41
1561756434 10.37
1561756497 10.41
1561756559 10.37
1561756622 10.35
1561756684 10.41
1561756747 10.38
1561756808 10.33
1561756870 10.35
1561756933 10.35
1561756995 10.42
1561757058 10.36
1561757121 10.38
1561757183 10.38
1561757246 10.32
1561757309 10.34
1561757371 10.36
1561757433 10.38
1561757496 10.42
1561757558 10.38
1561757621 10.39
1561757682 10.38
1561757744 10.34
1561757807 10.36
1561757869 10.35
1561757932 10.37
1561757994 10.38
1561758057 10.37
1561758120 10.38
1561758182 10.33
1561758245 10.37
1561758307 10.33
1561758370 10.37
1561758433 10.33
1561758495 10.37
1561758558 10.35
1561758621 10.33
1561758683 10.36
1561758746 10.36
1561758808 10.32
1561758871 10.37
1561758934 10.37
1561758996 10.32
1561759059 10.36
1561759121 10.37
1561759184 10.29
1561759247 10.37
1561759309 10.37
1561759371 10.31
1561759434 10.29
1561759497 10.29
1561759560 10.31
1561759622 10.29
1561759685 10.33
1561759748 10.28
1561759810 10.25
1561759873 10.32
1561759936 10.28
1561759998 10.25
1561760061 10.25
1561760124 10.27
1561760186 10.28
1561760249 10.28
1561760312 10.28
1561760375 10.22
1561760437 10.29
1561760500 10.24
1561760562 10.24
1561760625 10.23
1561760687 10.25
1561760749 10.25
1561760812 10.28
1561760875 10.26
1561760937 10.26
1561761000 10.22
1561761062 10.23
1561761125 10.16
1561761187 10.21
1561761250 10.24
1561761312 10.24
1561761375 10.24
1561761438 10.20
1561761501 10.16
1561761563 10.18
1561761626 10.17
1561761688 10.25
1561761751 10.20
1561761813 10.19
1561761876 10.15
1561761939 10.14
1561762001 10.15
1561762064 10.19
1561762126 10.14
1561762189 10.16
1561762251 10.17
1561762313 10.17
1561762376 10.14
1561762439 10.20
1561762501 10.14
1561762564 10.11
1561762626 10.15
1561762689 10.12
1561762751 10.16
1561762813 10.16
1561762876 10.14
1561762939 10.13
1561763001 10.12
1561763064 10.13
1561763127 10.11
1561763189 10.11
1561763252 10.14
1561763314 10.14
1561763377 10.06
1561763440 10.10
1561763502 10.10
1561763565 10.11
1561763627 10.11
1561763689 10.13
1561763752 10.09
1561763814 10.08
1561763877 10.10
1561763940 10.11
1561764002 10.12
1561764065 10.14
1561764127 10.12
1561764190 10.07
1561764252 10.12
1561764315 10.11
1561764378 10.09
1561764439 10.08
1561764501 10.11
1561764564 10.14
1561764627 10.13
1561764689 10.10
1561764751 10.08
1561764814 10.05
1561764876 10.04
1561764939 10.08
1561765001 10.06
1561765064 10.08
1561765127 10.10
1561765189 10.09
1561765252 10.10
1561765314 10.07
1561765377 10.09
1561765439 10.09
1561765502 10.08
1561765565 10.08
1561765627 10.04
1561765690 10.10
1561765752 10.09
1561765815 10.07
1561765877 10.13
1561765940 10.09
1561766003 10.11
1561766065 10.04
1561766128 10.03
1561766190 10.08
1561766253 10.06
1561766315 10.06
1561766377 10.04
1561766440 10.06
1561766503 10.07
1561766565 10.06
1561766628 10.13
1561766691 10.05
1561766753 10.08
1561766816 10.09
1561766879 10.06
1561766942 10.09
1561767004 10.08
1561767066 10.07
1561767129 10.09
1561767191 10.08
1561767254 10.05
1561767316 10.08
1561767379 10.08
1561767442 10.13
1561767504 10.07
1561767567 10.07
1561767629 10.14
1561767692 10.16
1561767754 10.10
1561767817 10.11
1561767879 10.10
1561767942 10.13
1561768004 10.12
1561768067 10.11
1561768130 10.15
1561768192 10.08
1561768255 10.11
1561768318 10.09
1561768380 10.14
1561768443 10.13
1561768506 10.13
1561768569 10.11
1561768631 10.09
1561768694 10.12
1561768756 10.16
1561768819 10.15
1561768881 10.16
1561768944 10.09
1561769007 10.13
1561769069 10.12
1561769132 10.15
1561769194 10.14
1561769257 10.14
1561769320 10.10
1561769383 10.12
1561769445 10.16
1561769507 10.11
1561769570 10.13
1561769632 10.14
1561769695 10.12
1561769758 10.16
1561769820 10.15
1561769882 10.14
1561769945 10.12
1561770007 10.13
1561770070 10.14
1561770132 10.16
1561770195 10.13
1561770258 10.14
1561770320 10.15
1561770382 10.14
1561770444 10.10
1561770506 10.16
1561770569 10.13
1561770631 10.13
1561770694 10.15
1561770757 10.15
1561770819 10.12
1561770880 10.11
1561770943 10.15
1561771005 10.14
1561771068 10.11
1561771131 10.08
1561771193 10.12
1561771256 10.13
1561771319 10.13
1561771382 10.14
1561771444 10.10
1561771507 10.18
1561771570 10.11
1561771632 10.12
1561771695 10.12
1561771757 10.13
1561771820 10.12
1561771883 10.12
1561771945 10.12
1561772008 10.15
1561772071 10.11
1561772133 10.07
1561772196 10.11
1561772259 10.11
1561772321 10.09
1561772384 10.09
1561772446 10.11
1561772509 10.12
1561772571 10.14
1561772634 10.10
1561772697 10.10
1561772760 10.09
1561772823 10.08
1561772885 10.09
1561772948 10.08
1561773011 10.11
1561773073 10.11
1561773136 10.09
1561773198 10.09
1561773261 10.07
1561773323 10.04
1561773386 10.06
1561773448 10.09
1561773511 10.07
1561773574 10.07
1561773634 10.08
1561773697 10.06
1561773759 10.06
1561773822 10.04
1561773885 10.05
1561773947 10.07
1561774010 10.03
1561774073 10.07
1561774135 10.08
1561774198 10.07
1561774260 10.08
1561774322 10.04
1561774385 10.03
1561774447 10.08
1561774510 10.03
1561774573 10.02
1561774636 10.06
1561774699 10.02
1561774762 10.02
1561774825 10.03
1561774888 10.07
1561774950 9.99
1561775013 10.03
1561775075 9.99
1561775138 9.99
1561775200 10.00
1561775263 10.02
1561775325 9.98
1561775388 9.99
1561775451 9.99
1561775514 10.01
1561775576 10.00
1561775639 10.01
1561775702 10.02
1561775764 10.01
1561775827 10.00
1561775890 10.01
1561775952 10.03
1561776015 9.95
1561776078 9.96
1561776139 9.96
1561776201 9.96
1561776264 9.98
1561776327 9.94
1561776389 9.96
1561776452 9.97
1561776514 9.96
1561776575 9.95
1561776638 9.97
1561776701 9.97
1561776764 9.94
1561776826 9.99
1561776889 9.94
1561776951 9.98
1561777014 10.02
1561777076 9.98
1561777139 9.96
1561777202 9.96
1561777265 9.94
1561777326 9.93
1561777388 9.95
1561777451 9.97
1561777513 9.95
1561777576 9.93
1561777638 9.92
1561777701 9.94
1561777764 9.95
1561777826 9.94
1561777889 9.92
1561777952 9.90
1561778014 9.91
1561778077 9.90
1561778140 9.94
1561778202 9.92
1561778264 9.93
1561778327 9.93
1561778390 9.89
1561778453 9.89
1561778516 9.90
1561778578 9.90
1561778641 9.93
1561778703 9.89
1561778766 9.91
1561778828 9.89
1561778891 9.89
1561778953 9.89
1561779016 9.90
1561779079 9.91
1561779141 9.86
1561779204 9.86
1561779266 9.85
1561779329 9.88
1561779391 9.85
1561779454 9.89
1561779517 9.84
1561779579 9.88
1561779642 9.86
1561779704 9.87
1561779767 9.82
1561779830 9.85
1561779893 9.86
1561779955 9.83
1561780018 9.81
1561780080 9.87
1561780143 9.82
1561780205 9.85
1561780268 9.81
1561780330 9.79
1561780393 9.83
1561780455 9.80
1561780518 9.79
1561780581 9.80
1561780644 9.83
1561780706 9.77
1561780769 9.78
1561780831 9.81
1561780894 9.77
1561780957 9.80
1561781020 9.71
1561781082 9.75
1561781144 9.72
1561781207 9.72
1561781270 9.70
1561781332 9.70
1561781395 9.71
1561781458 9.70
1561781520 9.68
1561781583 9.70
1561781646 9.69
1561781708 9.69
1561781771 9.69
1561781833 9.70
1561781896 9.66
1561781958 9.70
1561782020 9.67
1561782083 9.71
1561782146 9.71
1561782207 9.73
1561782269 9.65
1561782332 9.65
1561782395 9.68
1561782458 9.68
1561782520 9.71
1561782582 9.64
1561782645 9.69
1561782707 9.70
1561782770 9.69
1561782832 9.69
1561782895 9.65
1561782958 9.62
1561783020 9.65
1561783083 9.64
1561783146 9.64
1561783208 9.61
1561783271 9.65
1561783333 9.65
1561783396 9.66
1561783459 9.65
1561783521 9.64
1561783584 9.63
1561783645 9.56
1561783708 9.59
1561783770 9.65
1561783833 9.59
1561783896 9.62
1561783958 9.61
1561784021 9.63
1561784084 9.58
1561784146 9.57
1561784209 9.57
1561784271 9.59
1561784334 9.53
1561784396 9.53
1561784459 9.54
1561784522 9.56
1561784584 9.58
1561784647 9.56
1561784710 9.54
1561784772 9.54
1561784835 9.54
1561784898 9.56
1561784961 9.55
1561785023 9.55
1561785086 9.54
1561785148 9.51
1561785211 9.49
1561785274 9.51
1561785336 9.45
1561785399 9.49
1561785461 9.50
1561785524 9.49
1561785586 9.50
1561785649 9.47
1561785711 9.44
1561785774 9.45
1561785836 9.42
1561785899 9.39
1561785961 9.42
1561786024 9.40
1561786086 9.42
1561786149 9.41
1561786211 9.40
1561786273 9.38
1561786336 9.38
1561786398 9.40
1561786461 9.40
1561786524 9.40
1561786586 9.40
1561786649 9.43
1561786712 9.42
1561786774 9.42
1561786837 9.48
1561786900 9.45
1561786962 9.42
1561787025 9.43
1561787088 9.40
1561787151 9.37
1561787213 9.40
1561787276 9.44
1561787339 9.44
1561787402 9.40
1561787464 9.37
1561787527 9.39
1561787590 9.36
1561787653 9.37
1561787716 9.37
1561787778 9.35
1561787841 9.35
1561787904 9.35
1561787966 9.33
1561788029 9.32
1561788092 9.36
1561788154 9.34
1561788217 9.34
1561788279 9.33
1561788342 9.30
1561788404 9.31
1561788467 9.30
1561788530 9.31
1561788593 9.28
1561788656 9.29
1561788719 9.27
1561788781 9.29
1561788844 9.26
1561788906 9.29
1561788968 9.26
1561789031 9.26
1561789094 9.20
1561789156 9.27
1561789219 9.19
1561789282 9.19
1561789344 9.23
1561789407 9.21
1561789470 9.24
1561789533 9.24
1561789595 9.23
1561789658 9.20
1561789721 9.24
1561789783 9.23
1561789846 9.19
1561789909 9.20
1561789972 9.19
1561790034 9.15
1561790097 9.18
1561790159 9.20
1561790221 9.17
1561790284 9.16
1561790347 9.15
1561790410 9.15
1561790472 9.18
1561790535 9.15
1561790598 9.11
1561790660 9.20
1561790723 9.10
1561790786 9.14
1561790848 9.14
1561790911 9.12
1561790974 9.11
1561791037 9.17
1561791099 9.09
1561791162 9.13
1561791224 9.13
1561791288 9.11
1561791350 9.06
1561791413 9.11
1561791475 9.02
1561791538 9.06
1561791600 9.08
1561791663 9.08
1561791726 9.01
1561791788 9.08
1561791851 9.07
1561791913 9.01
1561791976 9.01
1561792038 9.03
1561792101 9.07
1561792164 8.99
1561792226 9.04
1561792289 9.03
1561792351 9.01
1561792413 9.02
1561792476 9.00
1561792539 9.03
1561792601 8.95
1561792664 9.00
1561792727 9.04
1561792790 9.02
1561792853 8.96
1561792915 8.98
1561792978 9.00
1561793040 9.00
1561793103 9.01
1561793166 9.00
1561793229 9.04
1561793291 8.97
1561793354 8.99
1561793417 8.99
1561793480 9.05
1561793542 8.94
1561793605 8.98
1561793668 8.94
1561793730 9.02
1561793792 8.92
1561793855 8.95
1561793917 9.04
1561793979 8.98
1561794042 9.03
1561794104 8.94
1561794167 9.00
1561794230 8.97
1561794292 8.98
1561794354 8.98
1561794417 9.04
1561794479 9.01
1561794542 8.95
1561794605 8.97
1561794668 8.96
1561794730 8.94
1561794793 8.91
1561794855 8.98
1561794918 8.95
1561794981 8.92
1561795043 8.91
1561795106 8.88
1561795168 8.91
1561795231 8.95
1561795293 8.91
1561795356 8.91
1561795418 8.89
1561795481 8.90
1561795544 8.91
1561795606 8.90
1561795669 8.87
1561795732 8.88
1561795794 8.88
1561795857 8.89
1561795920 8.89
1561795982 8.84
1561796045 8.82
1561796107 8.85
1561796170 8.82
1561796232 8.82
1561796295 8.86
1561796358 8.87
1561796420 8.84
1561796482 8.83
1561796545 8.82
1561796607 8.82
1561796670 8.83
1561796732 8.84
1561796795 8.84
1561796857 8.80
1561796920 8.84
1561796983 8.90
1561797045 8.82
1561797108 8.85
1561797171 8.83
1561797233 8.80
1561797295 8.82
1561797358 8.81
1561797421 8.79
1561797484 8.84
1561797546 8.79
1561797609 8.79
1561797672 8.81
1561797735 8.81
1561797798 8.80
1561797860 8.79
1561797923 8.78
1561797985 8.78
1561798048 8.81
1561798111 8.83
1561798173 8.80
1561798236 8.79
1561798299 8.79
1561798361 8.78
1561798424 8.81
1561798487 8.76
1561798549 8.78
1561798611 8.79
1561798674 8.77
1561798737 8.74
1561798799 8.78
1561798862 8.82
1561798924 8.79
1561798987 8.75
1561799050 8.79
1561799112 8.76
1561799175 8.80
1561799238 8.79
1561799301 8.82
1561799364 8.80
1561799427 8.79
1561799489 8.80
1561799552 8.77
1561799614 8.77
1561799677 8.81
1561799739 8.80
1561799802 8.79
1561799864 8.81
1561799927 8.80
1561799989 8.79
1561800052 8.79
1561800115 8.84
1561800177 8.80
1561800240 8.81
1561800302 8.79
1561800365 8.79
1561800427 8.79
1561800490 8.81
1561800552 8.78
1561800614 8.81
1561800677 8.81
1561800740 8.76
1561800803 8.78
1561800865 8.81
1561800928 8.79
1561800990 8.81
1561801053 8.79
1561801116 8.78
1561801178 8.81
1561801241 8.77
1561801304 8.77
1561801366 8.79
1561801429 8.81
1561801491 8.83
1561801554 8.80
1561801617 8.79
1561801680 8.85
1561801742 8.82
1561801805 8.81
1561801867 8.83
1561801930 8.78
1561801992 8.79
1561802055 8.78
1561802117 8.80
1561802179 8.82
1561802242 8.83
1561802305 8.82
1561802367 8.87
1561802430 8.86
1561802493 8.86
1561802555 8.85
1561802617 8.83
1561802680 8.81
1561802743 8.85
1561802805 8.84
1561802868 8.83
1561802931 8.83
1561802994 8.86
1561803057 8.86
1561803119 8.85
1561803182 8.84
1561803244 8.86
1561803307 8.86
1561803369 8.84
1561803432 8.90
1561803495 8.86
1561803557 8.83
1561803620 8.86
1561803683 8.86
1561803746 8.85
1561803808 8.89
1561803871 8.86
1561803933 8.89
1561803996 8.84
1561804059 8.83
1561804121 8.86
1561804184 8.85
1561804246 8.87
1561804309 8.87
1561804372 8.88
1561804434 8.85
1561804497 8.86
1561804560 8.87
1561804622 8.89
1561804685 8.88
1561804748 8.86
1561804810 8.93
1561804873 8.87
1561804936 8.86
1561804999 8.87
1561805062 8.86
1561805124 8.87
1561805187 8.86
1561805250 8.88
1561805313 8.88
1561805376 8.87
1561805438 8.87
1561805501 8.90
1561805564 8.89
1561805626 8.88
1561805689 8.89
1561805752 8.87
1561805814 8.90
1561805877 8.90
1561805940 8.88
1561806002 8.88
1561806065 8.84
1561806128 8.86
1561806190 8.88
1561806253 8.87
1561806315 8.84
1561806378 8.86
1561806440 8.86
1561806503 8.86
1561806566 8.87
1561806628 8.87
1561806690 8.85
1561806753 8.86
1561806816 8.86
1561806878 8.85
1561806941 8.86
1561807004 8.85
1561807066 8.85
1561807129 8.84
1561807191 8.85
1561807254 8.84
1561807317 8.86
1561807379 8.86
1561807442 8.88
1561807504 8.87
1561807567 8.87
1561807629 8.91
1561807692 8.88
1561807754 8.89
1561807817 8.86
1561807879 8.88
1561807942 8.88
1561808005 8.89
1561808067 8.87
1561808130 8.87
1561808193 8.87
1561808256 8.88
1561808318 8.87
1561808381 8.84
1561808443 8.85
1561808506 8.87
1561808568 8.87
1561808631 8.87
1561808693 8.87
1561808756 8.88
1561808818 8.86
1561808881 8.86
1561808944 8.86
1561809006 8.85
1561809069 8.86
1561809132 8.86
1561809195 8.88
1561809257 8.86
1561809320 8.89
1561809383 8.87
1561809445 8.89
1561809508 8.91
1561809570 8.89
1561809633 8.89
1561809695 8.92
1561809758 8.89
1561809820 8.92
1561809883 8.91
1561809946 8.90
1561810008 8.88
1561810071 8.90
1561810134 8.91
1561810197 8.89
1561810260 8.92
1561810322 8.88
1561810385 8.91
1561810448 8.90
1561810510 8.89
1561810573 8.88
1561810636 8.88
1561810699 8.88
1561810761 8.87
1561810824 8.86
1561810886 8.88
1561810949 8.85
1561811012 8.86
1561811075 8.86
1561811137 8.84
1561811200 8.89
1561811262 8.88
1561811325 8.88
1561811387 8.84
1561811450 8.86
1561811512 8.85
1561811575 8.87
1561811638 8.87
1561811701 8.84
1561811763 8.85
1561811826 8.85
1561811889 8.85
1561811951 8.83
1561812014 8.85
1561812077 8.79
1561812140 8.79
1561812202 8.81
1561812265 8.84
1561812327 8.81
1561812390 8.80
1561812453 8.80
1561812515 8.81
1561812578 8.79
1561812641 8.81
1561812704 8.78
1561812766 8.78
1561812829 8.77
1561812892 8.75
1561812954 8.78
1561813017 8.76
1561813080 8.75
1561813142 8.78
1561813205 8.73
1561813268 8.76
1561813331 8.74
1561813393 8.73
1561813456 8.76
1561813518 8.72
1561813581 8.70
1561813643 8.76
1561813706 8.74
1561813768 8.73
1561813831 8.73
1561813893 8.71
1561813956 8.70
1561814019 8.71
1561814082 8.68
1561814144 8.68
1561814208 8.70
1561814270 8.69
1561814332 8.70
1561814395 8.71
1561814458 8.69
1561814520 8.69
1561814583 8.68
1561814645 8.73
1561814708 8.69
1561814770 8.69
1561814833 8.69
1561814895 8.70
1561814958 8.69
1561815020 8.72
1561815083 8.70
1561815145 8.73
1561815208 8.68
1561815271 8.69
1561815333 8.71
1561815396 8.67
1561815458 8.66
1561815521 8.69
1561815584 8.69
1561815647 8.69
1561815709 8.69
1561815772 8.67
1561815835 8.71
1561815898 8.69
1561815960 8.68
1561816023 8.67
1561816085 8.63
1561816147 8.64
1561816209 8.65
1561816272 8.65
1561816335 8.63
1561816398 8.60
1561816460 8.68
1561816523 8.63
1561816585 8.60
1561816648 8.60
1561816711 8.59
1561816773 8.63
1561816836 8.63
1561816898 8.59
1561816961 8.56
1561817024 8.59
1561817086 8.59
1561817149 8.55
1561817212 8.54
1561817274 8.52
1561817337 8.53
1561817400 8.48
1561817463 8.50
1561817525 8.51
1561817588 8.56
1561817651 8.50
1561817714 8.45
1561817777 8.47
1561817839 8.45
1561817902 8.44
1561817965 8.42
1561818027 8.44
1561818090 8.45
1561818153 8.38
1561818216 8.42
1561818278 8.49
1561818341 8.41
1561818404 8.38
1561818466 8.36
1561818529 8.37
1561818592 8.36
1561818655 8.35
1561818717 8.40
1561818779 8.32
1561818842 8.41
1561818904 8.36
1561818967 8.34
1561819030 8.38
1561819092 8.33
1561819155 8.33
1561819217 8.33
1561819280 8.36
1561819343 8.34
1561819405 8.32
1561819468 8.36
1561819531 8.34
1561819593 8.32
1561819656 8.36
1561819718 8.32
1561819781 8.34
1561819843 8.38
1561819906 8.34
1561819969 8.36
1561820031 8.32
1561820094 8.38
1561820156 8.33
1561820218 8.35
1561820281 8.40
1561820343 8.36
1561820406 8.36
1561820469 8.38
1561820532 8.37
1561820594 8.39
1561820657 8.42
1561820720 8.44
1561820782 8.40
1561820845 8.45
1561820907 8.44
1561820970 8.44
1561821032 8.47
1561821095 8.62
1561821158 8.66
1561821220 8.79
1561821283 8.79
1561821346 8.83
1561821408 8.89
1561821471 8.92
1561821534 8.93
1561821596 8.94
1561821659 8.96
1561821721 8.95
1561821784 8.94
1561821846 8.89
1561821908 8.88
1561821971 8.91
1561822034 8.88
1561822097 8.87
1561822160 8.84
1561822222 8.84
1561822285 8.81
1561822348 8.84
1561822411 8.82
1561822473 8.83
1561822536 8.77
1561822598 8.79
1561822661 8.80
1561822724 8.81
1561822787 8.77
1561822849 8.74
1561822912 8.72
1561822975 8.74
1561823037 8.74
1561823099 8.75
1561823162 8.75
1561823224 8.75
1561823287 8.75
1561823349 8.73
1561823412 8.72
1561823475 8.74
1561823537 8.71
1561823600 8.71
1561823663 8.70
1561823725 8.72
1561823787 8.71
1561823850 8.70
1561823912 8.66
1561823975 8.71
1561824037 8.70
1561824100 8.68
1561824162 8.67
1561824225 8.67
1561824288 8.66
1561824350 8.67
1561824413 8.71
1561824475 8.69
1561824538 8.68
1561824601 8.66
1561824663 8.65
1561824726 8.66
1561824788 8.64
1561824851 8.64
1561824914 8.63
1561824976 8.65
1561825038 8.64
1561825101 8.63
1561825163 8.60
1561825226 8.63
1561825289 8.59
1561825352 8.60
1561825414 8.64
1561825477 8.63
1561825540 8.62
1561825601 8.60
1561825664 8.62
1561825726 8.61
1561825789 8.63
1561825852 8.64
1561825914 8.60
1561825977 8.59
1561826039 8.61
1561826102 8.61
1561826165 8.64
1561826227 8.61
1561826290 8.64
1561826353 8.62
1561826415 8.62
1561826478 8.60
1561826540 8.65
1561826603 8.65
1561826665 8.64
1561826728 8.66
1561826790 8.60
1561826853 8.65
1561826915 8.64
1561826977 8.65
1561827040 8.66
1561827103 8.63
1561827166 8.63
1561827228 8.61
1561827291 8.62
1561827354 8.64
1561827416 8.64
1561827479 8.66
1561827542 8.64
1561827605 8.64
1561827667 8.61
1561827730 8.67
1561827792 8.64
1561827855 8.64
1561827918 8.64
1561827980 8.61
1561828043 8.68
1561828105 8.67
1561828167 8.68
1561828230 8.71
1561828292 8.70
1561828355 8.69
1561828418 8.67
1561828480 8.70
1561828543 8.66
1561828606 8.70
1561828669 8.68
1561828731 8.70
1561828794 8.67
1561828857 8.71
1561828920 8.70
1561828982 8.71
1561829044 8.71
1561829107 8.69
1561829169 8.73
1561829232 8.67
1561829294 8.70
1561829357 8.71
1561829420 8.71
1561829482 8.73
1561829545 8.69
1561829607 8.70
1561829670 8.71
1561829733 8.71
1561829795 8.73
1561829857 8.73
1561829920 8.73
1561829982 8.76
1561830045 8.74
1561830107 8.75
1561830170 8.75
1561830233 8.77
1561830296 8.74
1561830359 8.76
1561830422 8.72
1561830484 8.76
1561830547 8.76
1561830610 8.75
1561830672 8.75
1561830734 8.72
1561830797 8.78
1561830860 8.76
1561830922 8.77
1561830985 8.73
1561831047 8.76
1561831110 8.75
1561831173 8.74
1561831235 8.75
1561831298 8.78
1561831361 8.74
1561831424 8.78
1561831486 8.79
1561831549 8.75
1561831611 8.78
1561831674 8.72
1561831737 8.77
1561831799 8.73
1561831862 8.77
1561831924 8.74
1561831987 8.76
1561832049 8.79
1561832111 8.73
1561832174 8.78
1561832236 8.82
1561832299 8.78
1561832362 8.80
1561832424 8.78
1561832487 8.82
1561832549 8.80
1561832612 8.81
1561832675 8.82
1561832738 8.75
1561832800 8.77
1561832863 8.77
1561832925 8.79
1561832988 8.79
1561833051 8.76
1561833114 8.74
1561833176 8.80
1561833239 8.78
1561833301 8.82
1561833364 8.75
1561833426 8.78
1561833489 8.77
1561833552 8.76
1561833614 8.78
1561833677 8.78
1561833739 8.75
1561833802 8.78
1561833865 8.77
1561833927 8.78
1561833990 8.77
1561834053 8.79
1561834115 8.78
1561834178 8.78
1561834240 8.77
1561834303 8.81
1561834365 8.80
1561834428 8.79
1561834491 8.81
1561834554 8.80
1561834616 8.81
1561834678 8.84
1561834741 8.79
1561834803 8.80
1561834866 8.78
1561834929 8.81
1561834992 8.83
1561835054 8.80
1561835117 8.83
1561835179 8.80
1561835241 8.80
1561835304 8.84
1561835366 8.83
1561835429 8.79
1561835492 8.82
1561835554 8.80
1561835616 8.82
1561835679 8.85
1561835741 8.83
1561835804 8.80
1561835867 8.83
1561835930 8.82
1561835992 8.81
1561836055 8.80
1561836118 8.82
1561836181 8.88
1561836243 8.84
1561836306 8.82
1561836368 8.81
1561836431 8.82
1561836493 8.88
1561836556 8.83
1561836619 8.84
1561836682 8.87
1561836744 8.84
1561836807 8.85
1561836870 8.85
1561836932 8.85
1561836995 8.84
1561837058 8.88
1561837121 8.83
1561837183 8.86
1561837246 8.86
1561837308 8.86
1561837371 8.87
1561837433 8.87
1561837496 8.85
1561837558 8.88
1561837621 8.86
1561837683 8.84
1561837746 8.84
1561837808 8.89
1561837871 8.88
1561837934 8.90
1561837997 8.88
1561838060 8.87
1561838122 8.89
1561838185 8.90
1561838248 8.91
1561838310 8.90
1561838373 8.89
1561838435 8.92
1561838498 8.92
1561838561 8.92
1561838623 8.93
1561838686 8.91
1561838749 8.91
1561838812 8.90
1561838875 8.92
1561838937 8.91
1561839000 8.91
1561839062 8.93
1561839125 8.92
1561839188 8.90
1561839251 8.92
1561839314 8.92
1561839376 8.94
1561839439 8.93
1561839502 8.92
1561839565 8.88
1561839627 8.93
1561839690 8.93
1561839752 8.96
1561839815 8.92
1561839878 8.94
1561839940 8.95
1561840003 8.89
1561840065 8.93
1561840128 8.94
1561840190 8.92
1561840253 8.90
1561840316 8.93
1561840378 8.92
1561840441 8.91
1561840504 8.94
1561840566 8.94
1561840629 8.93
1561840692 8.92
1561840754 8.96
1561840817 8.91
1561840879 8.92
1561840942 8.92
1561841004 8.95
1561841067 8.94
1561841130 8.92
1561841193 8.92
1561841256 8.90
1561841318 8.91
1561841381 8.92
1561841443 8.91
1561841506 8.90
1561841568 8.99
1561841631 8.91
1561841694 8.98
1561841757 8.89
1561841819 8.94
1561841882 8.94
1561841945 8.96
1561842007 8.95
1561842069 8.97
1561842132 8.94
1561842195 8.94
1561842258 8.94
1561842321 8.94
1561842383 8.90
1561842446 8.95
1561842508 8.91
1561842571 8.94
1561842633 8.95
1561842696 8.92
1561842759 8.93
1561842822 8.89
1561842885 8.90
1561842947 8.93
1561843010 8.96
1561843072 8.95
1561843135 8.91
1561843197 8.90
1561843260 8.94
1561843322 8.93
1561843385 8.96
1561843448 8.94
1561843511 8.95
1561843573 8.92
1561843636 8.98
1561843699 8.97
1561843761 8.94
1561843824 8.97
1561843887 8.96
1561843950 8.94
1561844012 8.96
1561844075 8.99
1561844137 9.00
1561844200 8.95
1561844263 8.91
1561844326 8.95
1561844388 8.96
1561844451 8.95
1561844514 8.95
1561844576 8.93
1561844639 8.92
1561844702 8.90
1561844764 8.94
1561844827 8.90
1561844889 8.98
1561844952 8.95
1561845014 8.94
1561845077 8.93
1561845139 8.96
1561845202 8.93
1561845265 8.96
1561845328 8.93
1561845390 8.92
1561845453 8.93
1561845515 8.95
1561845578 8.93
1561845641 8.91
1561845703 8.90
1561845766 8.93
1561845829 8.97
1561845891 8.95
1561845954 9.00
1561846017 9.00
1561846079 8.99
1561846142 8.95
1561846205 8.94
1561846268 8.96
1561846330 8.93
1561846393 8.95
1561846455 8.96
1561846517 8.97
1561846580 8.95
1561846642 8.96
1561846705 8.94
1561846768 8.93
1561846830 8.94
1561846893 8.96
1561846955 8.99
1561847018 8.99
1561847080 8.95
1561847143 8.96
1561847206 8.99
1561847268 8.98
1561847331 8.99
1561847394 9.00
1561847456 9.00
1561847519 9.01
1561847581 9.00
1561847644 8.99
1561847707 8.96
1561847769 9.03
1561847832 9.00
1561847895 8.97
1561847958 8.95
1561848020 9.00
1561848083 8.98
1561848145 8.96
1561848208 8.98
1561848270 8.95
1561848332 8.92
1561848395 8.96
1561848458 8.97
1561848521 8.98
1561848583 9.02
1561848645 8.99
1561848708 9.01
1561848771 9.03
1561848833 8.99
1561848896 9.02
1561848959 9.03
1561849021 9.00
1561849084 8.96
1561849147 9.02
1561849209 9.02
1561849272 9.01
1561849335 9.00
1561849397 8.99
1561849460 8.98
1561849522 9.00
1561849585 8.95
1561849647 9.03
1561849709 8.99
1561849772 8.97
1561849834 8.96
1561849897 9.00
1561849960 9.01
1561850022 9.01
1561850085 9.00
1561850147 9.01
1561850210 9.02
1561850272 9.04
1561850335 9.03
1561850397 8.98
1561850460 9.02
1561850523 9.03
1561850585 9.01
1561850647 9.01
1561850710 9.00
1561850772 9.01
1561850835 9.04
1561850897 9.01
1561850960 8.99
1561851022 9.00
1561851084 9.01
1561851147 8.98
1561851210 9.00
1561851272 9.01
1561851335 9.02
1561851397 8.99
1561851459 8.99
1561851522 9.03
1561851584 9.01
1561851647 9.01
1561851709 8.99
1561851772 8.97
1561851835 8.98
1561851898 9.02
1561851960 8.98
1561852023 8.99
1561852086 8.98
1561852148 8.96
1561852211 8.94
1561852273 8.95
1561852336 8.98
1561852398 8.97
1561852461 9.00
1561852524 8.92
1561852586 8.96
1561852649 8.96
1561852711 9.00
1561852774 8.95
1561852836 8.95
1561852899 8.96
1561852961 8.91
1561853024 8.92
1561853087 8.94
1561853149 8.91
1561853212 8.93
1561853274 8.92
1561853337 8.92
1561853399 8.91
1561853462 8.91
1561853525 8.96
1561853588 8.90
1561853650 8.91
1561853713 8.95
1561853776 8.92
1561853838 8.91
1561853901 8.89
1561853963 8.91
1561854026 8.94
1561854088 8.90
1561854151 8.94
1561854214 8.93
1561854276 8.89
1561854339 8.93
1561854401 8.87
1561854464 8.89
1561854526 8.90
1561854589 8.93
1561854651 8.90
1561854714 8.92
1561854776 8.91
1561854839 8.89
1561854901 8.89
1561854964 8.88
1561855026 8.87
1561855089 8.91
1561855151 8.87
1561855214 8.90
1561855277 8.88
1561855339 8.90
1561855402 8.86
1561855465 8.90
1561855527 8.88
1561855590 8.88
1561855653 8.88
1561855715 8.87
1561855778 8.87
1561855840 8.85
1561855903 8.87
1561855965 8.89
1561856028 8.93
1561856091 8.84
1561856153 8.81
1561856215 8.81
1561856278 8.84
1561856341 8.79
1561856403 8.83
1561856466 8.83
1561856528 8.84
1561856591 8.87
1561856653 8.82
1561856716 8.84
1561856778 8.85
1561856840 8.78
1561856903 8.77
1561856965 8.83
1561857028 8.83
1561857090 8.80
1561857153 8.81
1561857215 8.84
1561857278 8.78
1561857341 8.74
1561857403 8.76
1561857465 8.81
1561857528 8.82
1561857590 8.80
1561857653 8.82
1561857716 8.77
1561857778 8.78
1561857841 8.76
1561857903 8.78
1561857965 8.77
1561858028 8.77
1561858091 8.78
1561858154 8.76
1561858216 8.76
1561858279 8.76
1561858341 8.74
1561858403 8.81
1561858466 8.75
1561858529 8.82
1561858592 8.80
1561858655 8.75
1561858718 8.75
1561858779 8.75
1561858839 8.77
1561858900 8.77
1561858961 8.77
1561859021 8.77
1561859082 8.76
1561859142 8.77
1561859202 8.73
1561859263 8.73
1561859323 8.75
1561859384 8.75
1561859447 8.72
1561859509 8.73
1561859572 8.68
1561859632 8.70
1561859693 8.71
1561859754 8.73
1561859814 8.72
1561859875 8.71
1561859935 8.72
1561859996 8.71
1561860057 8.70
1561860118 8.70
1561860178 8.72
1561860239 8.71
1561860299 8.69
1561860360 8.68
1561860422 8.66
1561860483 8.66
1561860543 8.69
1561860604 8.71
1561860664 8.65
1561860725 8.68
1561860785 8.66
1561860846 8.67
1561860907 8.70
1561860967 8.66
1561861028 8.67
1561861088 8.68
1561861149 8.66
1561861210 8.66
1561861270 8.65
1561861330 8.67
1561861391 8.68
1561861452 8.67
1561861512 8.66
1561861572 8.65
1561861633 8.65
1561861694 8.67
1561861754 8.64
1561861815 8.68
1561861875 8.66
1561861936 8.66
1561861997 8.67
1561862057 8.63
1561862118 8.60
1561862179 8.67
1561862239 8.69
1561862300 8.61
1561862361 8.67
1561862421 8.65
1561862482 8.60
1561862542 8.61
1561862603 8.58
1561862663 8.60
1561862724 8.63
1561862785 8.62
1561862845 8.62
1561862907 8.59
1561862967 8.63
1561863027 8.60
1561863088 8.66
1561863149 8.59
1561863209 8.60
1561863269 8.62
1561863330 8.62
1561863391 8.62
1561863451 8.62
1561863512 8.59
1561863572 8.62
1561863632 8.66
1561863693 8.60
1561863754 8.58
1561863815 8.60
1561863875 8.58
1561863936 8.58
1561863996 8.63
1561864057 8.61
1561864117 8.59
1561864178 8.56
1561864238 8.57
1561864299 8.59
1561864360 8.60
1561864420 8.59
1561864481 8.59
1561864542 8.58
1561864602 8.58
1561864663 8.61
1561864723 8.62
1561864784 8.59
1561864845 8.62
1561864905 8.57
1561864965 8.67
1561865026 8.59
1561865086 8.55
1561865147 8.57
1561865207 8.55
1561865268 8.59
1561865328 8.59
1561865390 8.59
1561865450 8.60
1561865511 8.59
1561865571 8.59
1561865631 8.59
1561865692 8.61
1561865752 8.55
1561865813 8.56
1561865875 8.59
1561865935 8.52
1561865996 8.55
1561866056 8.57
1561866117 8.57
1561866178 8.56
1561866239 8.55
1561866299 8.56
1561866360 8.52
1561866420 8.58
1561866482 8.56
1561866543 8.59
1561866604 8.57
1561866664 8.56
1561866725 8.56
1561866785 8.49
1561866846 8.56
1561866907 8.54
1561866967 8.54
1561867028 8.56
1561867088 8.56
1561867149 8.55
1561867209 8.54
1561867269 8.53
1561867330 8.55
1561867390 8.53
1561867451 8.51
1561867512 8.55
1561867572 8.55
1561867633 8.52
1561867693 8.52
1561867754 8.52
1561867816 8.53
1561867876 8.56
1561867937 8.53
1561867998 8.50
1561868058 8.50
1561868119 8.55
1561868179 8.57
1561868239 8.56
1561868299 8.61
1561868360 8.54
1561868421 8.53
1561868481 8.54
1561868542 8.52
1561868602 8.56
1561868663 8.57
1561868723 8.55
1561868784 8.49
1561868845 8.54
1561868905 8.55
1561868966 8.51
1561869026 8.53
1561869087 8.53
1561869147 8.51
1561869208 8.59
1561869268 8.57
1561869329 8.55
1561869389 8.57
1561869449 8.57
1561869510 8.57
1561869570 8.52
1561869631 8.52
1561869692 8.57
1561869752 8.50
1561869813 8.59
1561869873 8.56
1561869934 8.55
1561869995 8.53
1561870055 8.54
1561870116 8.54
1561870177 8.54
1561870237 8.53
1561870298 8.53
1561870358 8.49
1561870418 8.54
1561870479 8.53
1561870539 8.52
1561870600 8.48
1561870661 8.52
1561870721 8.49
1561870782 8.57
1561870843 8.51
1561870904 8.49
1561870964 8.47
1561871025 8.42
1561871086 8.49
1561871146 8.45
1561871206 8.46
1561871267 8.46
1561871328 8.46
1561871389 8.43
1561871449 8.43
1561871509 8.40
1561871570 8.41
1561871630 8.41
1561871691 8.44
1561871752 8.39
1561871812 8.43
1561871873 8.42
1561871933 8.44
1561871994 8.37
1561872055 8.41
1561872115 8.41
1561872176 8.42
1561872236 8.37
1561872297 8.39
1561872358 8.42
1561872418 8.43
1561872479 8.41
1561872539 8.43
1561872600 8.35
1561872661 8.39
1561872721 8.43
1561872781 8.38
1561872842 8.43
1561872902 8.38
1561872963 8.39
1561873023 8.39
1561873083 8.37
1561873144 8.36
1561873204 8.39
1561873264 8.42
1561873325 8.39
1561873385 8.34
1561873446 8.35
1561873506 8.39
1561873566 8.39
1561873626 8.38
1561873687 8.44
1561873748 8.36
1561873809 8.41
1561873869 8.37
1561873930 8.41
1561873991 8.36
1561874051 8.35
1561874111 8.38
1561874172 8.39
1561874232 8.35
1561874293 8.37
1561874353 8.35
1561874413 8.35
1561874474 8.37
1561874534 8.42
1561874595 8.35
1561874655 8.38
1561874716 8.41
1561874777 8.35
1561874837 8.38
1561874898 8.37
1561874958 8.41
1561875018 8.39
1561875079 8.42
1561875139 8.36
1561875200 8.36
1561875260 8.41
1561875321 8.46
1561875381 8.40
1561875442 8.40
1561875503 8.42
1561875563 8.40
1561875624 8.41
1561875684 8.42
1561875745 8.38
1561875806 8.41
1561875866 8.44
1561875927 8.40
1561875988 8.42
1561876048 8.44
1561876109 8.43
1561876169 8.44
1561876229 8.47
1561876290 8.44
1561876350 8.52
1561876411 8.45
1561876471 8.48
1561876532 8.48
1561876593 8.49
1561876653 8.51
1561876714 8.46
1561876774 8.48
1561876835 8.45
1561876896 8.44
1561876956 8.47
1561877016 8.46
1561877077 8.51
1561877137 8.46
1561877198 8.49
1561877259 8.45
1561877319 8.50
1561877380 8.47
1561877442 8.49
1561877505 8.50
1561877568 8.48
1561877631 8.50
1561877691 8.47
1561877751 8.52
1561877812 8.53
1561877873 8.51
1561877933 8.51
1561877994 8.54
1561878054 8.51
1561878115 8.55
1561878176 8.54
1561878236 8.53
1561878297 8.50
1561878358 8.52
1561878418 8.52
1561878479 8.47
1561878540 8.54
1561878600 8.49
1561878661 8.53
1561878721 8.56
1561878782 8.55
1561878842 8.54
1561878903 8.55
1561878963 8.53
1561879024 8.56
1561879085 8.58
1561879145 8.55
1561879206 8.58
1561879267 8.60
1561879327 8.59
1561879387 8.64
1561879448 8.64
1561879508 8.60
1561879568 8.61
1561879629 8.59
1561879690 8.66
1561879750 8.59
1561879811 8.58
1561879871 8.62
1561879932 8.60
1561879992 8.58
1561880053 8.58
1561880113 8.55
1561880173 8.60
1561880234 8.60
1561880295 8.56
1561880355 8.56
1561880416 8.65
1561880477 8.56
1561880537 8.52
1561880598 8.58
1561880659 8.57
1561880719 8.54
1561880779 8.54
1561880840 8.54
1561880901 8.55
1561880961 8.57
1561881022 8.53
1561881083 8.54
1561881143 8.54
1561881204 8.50
1561881265 8.54
1561881325 8.54
1561881385 8.52
1561881446 8.53
1561881506 8.51
1561881567 8.50
1561881628 8.50
1561881689 8.51
1561881750 8.52
1561881811 8.50
1561881871 8.51
1561881932 8.52
1561881992 8.54
1561882053 8.52
1561882114 8.53
1561882174 8.52
1561882235 8.49
1561882295 8.56
1561882356 8.49
1561882416 8.51
1561882477 8.50
1561882538 8.48
1561882599 8.46
1561882660 8.50
1561882720 8.48
1561882781 8.52
1561882842 8.45
1561882902 8.50
1561882962 8.46
1561883023 8.45
1561883084 8.54
1561883144 8.48
1561883205 8.46
1561883266 8.47
1561883326 8.48
1561883386 8.44
1561883447 8.47
1561883508 8.45
1561883568 8.43
1561883629 8.44
1561883689 8.44
1561883750 8.41
1561883811 8.46
1561883871 8.44
1561883931 8.47
1561883992 8.44
1561884053 8.43
1561884113 8.41
1561884174 8.44
1561884235 8.41
1561884296 8.42
1561884357 8.41
1561884417 8.42
1561884477 8.42
1561884538 8.39
1561884599 8.43
1561884659 8.46
1561884720 8.38
1561884781 8.38
1561884841 8.43
1561884902 8.42
1561884962 8.42
1561885023 8.38
1561885084 8.44
1561885144 8.40
1561885205 8.42
1561885266 8.43
1561885326 8.37
1561885387 8.37
1561885448 8.40
1561885508 8.38
1561885569 8.41
1561885629 8.40
1561885690 8.41
1561885750 8.39
1561885811 8.39
1561885872 8.37
1561885933 8.38
1561885993 8.38
1561886054 8.37
1561886115 8.38
1561886176 8.40
1561886237 8.38
1561886297 8.41
1561886358 8.42
1561886418 8.38
1561886478 8.36
1561886539 8.41
1561886599 8.38
1561886660 8.39
1561886721 8.34
1561886781 8.32
1561886842 8.36
1561886902 8.33
1561886963 8.28
1561887024 8.33
1561887084 8.28
1561887144 8.30
1561887205 8.28
1561887265 8.34
1561887326 8.31
1561887386 8.26
1561887447 8.27
1561887508 8.30
1561887569 8.23
1561887629 8.25
1561887689 8.28
1561887750 8.26
1561887811 8.25
1561887871 8.23
1561887932 8.20
1561887992 8.22
1561888053 8.22
1561888113 8.19
1561888174 8.22
1561888235 8.22
1561888295 8.23
1561888356 8.17
1561888417 8.19
1561888477 8.20
1561888538 8.22
1561888599 8.18
1561888659 8.15
1561888720 8.21
1561888781 8.16
1561888841 8.19
1561888901 8.16
1561888961 8.11
1561889022 8.13
1561889083 8.15
1561889144 8.16
1561889205 8.15
1561889265 8.18
1561889326 8.11
1561889386 8.16
1561889447 8.16
1561889507 8.15
1561889568 8.15
1561889629 8.12
1561889689 8.13
1561889749 8.15
1561889810 8.17
1561889871 8.12
1561889931 8.21
1561889992 8.22
1561890052 8.18
1561890113 8.16
1561890174 8.12
1561890234 8.13
1561890295 8.12
1561890356 8.18
1561890418 8.15
1561890479 8.14
1561890540 8.17
1561890600 8.17
1561890661 8.14
1561890722 8.15
1561890782 8.17
1561890842 8.15
1561890903 8.20
1561890964 8.24
1561891025 8.21
1561891085 8.27
1561891146 8.24
1561891206 8.20
1561891267 8.28
1561891327 8.29
1561891388 8.32
1561891448 8.32
1561891509 8.31
1561891570 8.34
1561891630 8.35
1561891691 8.40
1561891752 8.34
1561891812 8.39
1561891872 8.48
1561891933 8.43
1561891994 8.55
1561892054 8.55
1561892115 8.58
1561892175 8.59
1561892236 8.57
1561892296 8.58
1561892357 8.60
1561892417 8.59
1561892478 8.57
1561892538 8.57
1561892599 8.60
1561892660 8.60
1561892720 8.57
1561892781 8.62
1561892841 8.54
1561892902 8.52
1561892963 8.53
1561893023 8.55
1561893084 8.52
1561893145 8.52
1561893205 8.50
1561893266 8.51
1561893326 8.51
1561893387 8.48
1561893448 8.47
1561893508 8.50
1561893569 8.46
1561893630 8.43
1561893690 8.48
1561893751 8.48
1561893812 8.44
1561893872 8.44
1561893933 8.49
1561893993 8.45
1561894054 8.49
1561894114 8.53
1561894175 8.49
1561894235 8.52
1561894296 8.54
1561894356 8.58
1561894417 8.60
1561894478 8.57
1561894538 8.59
1561894599 8.62
1561894659 8.58
1561894720 8.58
1561894781 8.62
1561894841 8.61
1561894901 8.63
1561894961 8.62
1561895022 8.63
1561895082 8.69
1561895143 8.70
1561895203 8.67
1561895264 8.70
1561895325 8.67
1561895385 8.70
1561895446 8.70
1561895506 8.73
1561895567 8.73
1561895627 8.74
1561895688 8.73
1561895749 8.74
1561895809 8.74
1561895870 8.77
1561895930 8.76
1561895991 8.72
1561896052 8.74
1561896113 8.73
1561896173 8.70
1561896234 8.72
1561896294 8.75
1561896355 8.72
1561896416 8.73
1561896476 8.76
1561896536 8.74
1561896597 8.78
1561896658 8.77
1561896718 8.72
1561896779 8.74
1561896840 8.76
1561896900 8.74
1561896961 8.78
1561897021 8.74
1561897082 8.72
1561897143 8.73
1561897204 8.74
1561897264 8.74
1561897324 8.73
1561897385 8.70
1561897445 8.70
1561897506 8.68
1561897566 8.71
1561897627 8.72
1561897687 8.70
1561897748 8.71
1561897808 8.71
1561897869 8.70
1561897930 8.74
1561897990 8.70
1561898051 8.70
1561898112 8.69
1561898172 8.67
1561898233 8.70
1561898294 8.65
1561898355 8.67
1561898415 8.71
1561898476 8.69
1561898537 8.64
1561898597 8.69
1561898657 8.66
1561898718 8.68
1561898779 8.66
1561898839 8.71
1561898900 8.67
1561898960 8.67
1561899021 8.68
1561899082 8.69
1561899143 8.67
1561899204 8.71
1561899264 8.75
1561899325 8.74
1561899385 8.70
1561899446 8.71
1561899506 8.72
1561899567 8.72
1561899628 8.74
1561899688 8.73
1561899749 8.72
1561899810 8.72
1561899870 8.71
1561899931 8.72
1561899992 8.77
1561900052 8.75
1561900112 8.76
1561900173 8.77
1561900233 8.76
1561900294 8.75
1561900354 8.81
1561900415 8.84
1561900476 8.81
1561900536 8.83
1561900597 8.83
1561900658 8.82
1561900718 8.87
1561900778 8.83
1561900839 8.86
1561900900 8.87
1561900960 8.86
1561901021 8.85
1561901082 8.86
1561901143 8.85
1561901204 8.85
1561901264 8.89
1561901325 8.91
1561901386 8.91
1561901446 8.94
1561901507 8.91
1561901567 8.88
1561901628 8.90
1561901688 8.94
1561901749 8.95
1561901810 8.98
1561901870 9.01
1561901931 8.99
1561901992 8.99
1561902052 8.97
1561902113 8.96
1561902173 9.04
1561902234 9.03
1561902294 9.04
1561902355 9.05
1561902416 9.09
1561902476 9.06
1561902537 9.09
1561902598 9.14
1561902659 9.12
1561902719 9.15
1561902780 9.13
1561902841 9.09
1561902902 9.15
1561902962 9.14
1561903023 9.24
1561903083 9.18
1561903144 9.17
1561903204 9.16
1561903265 9.17
1561903326 9.13
1561903387 9.18
1561903448 9.17
1561903508 9.13
1561903569 9.19
1561903630 9.16
1561903690 9.17
1561903751 9.15
1561903811 9.20
1561903872 9.18
1561903932 9.18
1561903993 9.23
1561904054 9.19
1561904114 9.17
1561904174 9.15
1561904235 9.14
1561904296 9.18
1561904356 9.15
1561904417 9.14
1561904478 9.19
1561904538 9.17
1561904599 9.21
1561904659 9.21
1561904720 9.21
1561904781 9.23
1561904842 9.24
1561904902 9.24
1561904962 9.27
1561905023 9.29
1561905084 9.34
1561905144 9.29
1561905205 9.29
1561905265 9.33
1561905326 9.28
1561905386 9.29
1561905447 9.30
1561905508 9.34
1561905568 9.30
1561905629 9.34
1561905689 9.33
1561905750 9.34
1561905811 9.36
1561905871 9.37
1561905931 9.40
1561905992 9.42
1561906053 9.42
1561906113 9.39
1561906174 9.44
1561906234 9.43
1561906295 9.46
1561906355 9.47
1561906416 9.48
1561906477 9.50
1561906538 9.43
1561906598 9.43
1561906659 9.43
1561906719 9.48
1561906780 9.42
1561906840 9.46
1561906901 9.45
1561906961 9.46
1561907021 9.44
1561907082 9.45
1561907142 9.46
1561907203 9.46
1561907264 9.46
1561907325 9.47
1561907385 9.46
1561907446 9.44
1561907507 9.48
1561907567 9.47
1561907628 9.48
1561907688 9.54
1561907749 9.49
1561907809 9.49
1561907870 9.49
1561907932 9.51
1561907993 9.47
1561908053 9.44
1561908114 9.51
1561908174 9.51
1561908237 9.51
1561908297 9.50
1561908358 9.47
1561908419 9.51
1561908479 9.50
1561908540 9.51
1561908601 9.49
1561908661 9.54
1561908722 9.49
1561908782 9.50
1561908842 9.50
1561908903 9.54
1561908964 9.48
1561909024 9.50
1561909085 9.53
1561909145 9.51
1561909206 9.50
1561909266 9.48
1561909327 9.50
1561909387 9.51
1561909448 9.48
1561909508 9.53
1561909569 9.46
1561909629 9.51
1561909690 9.51
1561909750 9.49
1561909812 9.52
1561909873 9.53
1561909933 9.55
1561909994 9.55
1561910054 9.53
1561910114 9.56
1561910175 9.56
1561910235 9.60
1561910296 9.57
1561910357 9.61
1561910417 9.63
1561910478 9.63
1561910538 9.58
1561910598 9.58
1561910659 9.60
1561910719 9.61
1561910780 9.66
1561910841 9.67
1561910902 9.64
1561910962 9.67
1561911023 9.62
1561911083 9.58
1561911144 9.69
1561911205 9.71
1561911266 9.67
1561911326 9.60
1561911386 9.68
1561911447 9.67
1561911507 9.74
1561911568 9.72
1561911629 9.71
1561911689 9.72
1561911749 9.71
1561911810 9.69
1561911870 9.74
1561911931 9.71
1561911991 9.72
1561912052 9.72
1561912113 9.72
1561912173 9.76
1561912234 9.74
1561912295 9.72
1561912355 9.73
1561912416 9.70
1561912477 9.70
1561912537 9.75
1561912598 9.73
1561912658 9.68
1561912719 9.71
1561912780 9.73
1561912840 9.73
1561912900 9.77
1561912961 9.77
1561913021 9.78
1561913082 9.77
1561913143 9.75
1561913203 9.72
1561913264 9.75
1561913324 9.76
1561913385 9.82
1561913445 9.82
1561913506 9.78
1561913566 9.83
1561913627 9.82
1561913687 9.76
1561913748 9.80
1561913809 9.78
1561913870 9.78
1561913930 9.85
1561913990 9.83
1561914051 9.80
1561914112 9.83
1561914173 9.78
1561914233 9.80
1561914295 9.83
1561914356 9.80
1561914416 9.84
1561914477 9.84
1561914538 9.81
1561914598 9.80
1561914659 9.82
1561914720 9.84
1561914780 9.84
1561914841 9.87
1561914901 9.87
1561914962 9.86
1561915022 9.84
1561915083 9.84
1561915143 9.80
1561915204 9.81
1561915265 9.81
1561915325 9.84
1561915386 9.81
1561915447 9.83
1561915507 9.83
1561915568 9.86
1561915628 9.82
1561915688 9.77
1561915749 9.78
1561915810 9.81
1561915870 9.79
1561915931 9.80
1561915992 9.82
1561916052 9.81
1561916113 9.84
1561916173 9.77
1561916233 9.81
1561916294 9.88
1561916354 9.81
1561916415 9.84
1561916476 9.86
1561916536 9.82
1561916596 9.85
1561916657 9.81
1561916718 9.84
1561916779 9.83
1561916839 9.84
1561916900 9.80
1561916960 9.87
1561917021 9.86
1561917082 9.88
1561917142 9.91
1561917203 9.83
1561917264 9.91
1561917325 9.88
1561917385 9.92
1561917446 9.89
1561917507 9.88
1561917567 9.93
1561917628 9.91
1561917688 9.93
1561917749 9.90
1561917809 9.85
1561917869 9.88
1561917930 9.90
1561917991 9.91
1561918051 9.90
1561918113 9.97
1561918174 9.92
1561918235 9.92
1561918295 9.89
1561918356 9.88
1561918417 9.93
1561918477 9.92
1561918538 9.93
1561918598 9.93
1561918658 9.91
1561918718 9.94
1561918779 9.95
1561918840 9.94
1561918900 9.96
1561918960 9.92
1561919021 10.00
1561919082 9.93
1561919143 9.94
1561919203 9.95
1561919264 9.91
1561919324 9.93
1561919384 9.90
1561919445 9.94
1561919505 9.93
1561919566 9.96
1561919626 9.93
1561919687 9.90
1561919747 9.92
1561919807 9.98
1561919868 9.95
1561919929 9.93
1561919989 9.94
1561920050 9.97
1561920110 9.98
1561920171 9.99
1561920232 9.96
1561920292 9.98
1561920353 9.93
1561920413 9.89
1561920474 9.98
1561920534 9.99
1561920596 9.97
1561920657 10.00
1561920717 10.00
1561920778 9.96
1561920838 9.99
1561920899 9.99
1561920959 9.96
1561921019 9.97
1561921080 9.99
1561921140 10.03
1561921201 10.01
1561921261 9.98
1561921322 10.05
1561921382 10.03
1561921443 9.99
1561921503 9.97
1561921563 9.99
1561921624 10.04
1561921684 10.03
1561921745 10.00
1561921806 10.02
1561921866 9.98
1561921927 10.05
1561921988 10.00
1561922048 10.00
1561922109 9.97
1561922169 9.97
1561922230 10.01
1561922290 10.04
1561922351 10.01
1561922411 9.99
1561922472 10.02
1561922532 10.01
1561922593 10.00
1561922653 10.00
1561922714 10.02
1561922775 9.99
1561922835 9.99
1561922896 10.03
1561922956 10.03
1561923016 9.98
1561923077 10.02
1561923137 10.03
1561923198 10.04
1561923259 10.04
1561923320 10.01
1561923380 10.02
1561923441 10.08
1561923502 10.02
1561923562 10.04
1561923623 10.05
1561923684 10.06
1561923744 10.03
1561923805 9.99
1561923866 10.04
1561923926 10.05
1561923987 10.09
1561924047 10.05
1561924107 10.03
1561924168 10.01
1561924228 10.05
1561924289 10.04
1561924349 10.04
1561924409 10.02
1561924470 10.01
1561924531 10.00
1561924591 10.02
1561924652 10.01
1561924712 10.03
1561924772 10.03
1561924833 10.02
1561924893 10.01
1561924954 10.04
1561925014 10.04
1561925075 10.04
1561925136 10.04
1561925197 10.05
1561925257 10.04
1561925318 10.05
1561925378 10.00
1561925439 10.04
1561925499 10.04
1561925560 9.99
1561925620 10.02
1561925680 10.02
1561925741 10.04
1561925801 10.00
1561925862 10.00
1561925922 10.04
1561925984 9.97
1561926044 10.03
1561926105 10.04
1561926165 10.02
1561926226 10.02
1561926286 9.99
1561926347 10.03
1561926408 10.03
1561926469 10.03
1561926529 10.02
1561926590 10.01
1561926651 10.07
1561926711 10.05
1561926772 10.04
1561926833 10.01
1561926894 10.02
1561926954 9.99
1561927014 10.05
1561927076 10.05
1561927137 10.03
1561927197 10.06
1561927257 10.03
1561927318 9.98
1561927378 9.96
1561927438 9.97
1561927499 10.03
1561927559 10.05
1561927620 10.02
1561927681 9.96
1561927741 10.02
1561927801 10.02
1561927862 9.97
1561927923 9.99
1561927983 9.96
1561928044 10.01
1561928104 10.02
1561928165 9.97
1561928225 10.03
1561928286 10.06
1561928346 10.04
1561928407 9.98
