1561669147 26.33
1561669207 26.41
1561669268 26.30
1561669328 26.36
1561669389 26.37
1561669449 26.33
1561669510 26.34
1561669570 26.37
1561669631 26.35
1561669691 26.34
1561669752 26.35
1561669812 26.36
1561669873 26.38
1561669934 26.33
1561669994 26.35
1561670055 26.33
1561670115 26.37
1561670176 26.34
1561670237 26.34
1561670297 26.36
1561670358 26.37
1561670418 26.34
1561670479 26.34
1561670539 26.34
1561670600 26.36
1561670661 26.37
1561670721 26.36
1561670782 26.32
1561670843 26.34
1561670904 26.38
1561670964 26.37
1561671025 26.34
1561671086 26.33
1561671146 26.38
1561671207 26.36
1561671268 26.36
1561671329 26.39
1561671389 26.34
1561671450 26.35
1561671511 26.36
1561671571 26.33
1561671631 26.36
1561671692 26.33
1561671753 26.37
1561671813 26.31
1561671874 26.34
1561671934 26.33
1561671995 26.36
1561672055 26.34
1561672116 26.31
1561672176 26.34
1561672237 26.33
1561672297 26.32
1561672358 26.31
1561672419 26.34
1561672479 26.31
1561672539 26.31
1561672600 26.30
1561672661 26.32
1561672721 26.36
1561672782 26.33
1561672842 26.34
1561672903 26.34
1561672963 26.31
1561673024 26.34
1561673084 26.34
1561673145 26.32
1561673205 26.32
1561673266 26.33
1561673326 26.35
1561673387 26.32
1561673448 26.36
1561673508 26.34
1561673569 26.34
1561673629 26.35
1561673690 26.35
1561673751 26.33
1561673811 26.33
1561673871 26.36
1561673932 26.30
1561673992 26.34
1561674053 26.33
1561674114 26.31
1561674174 26.31
1561674234 26.36
1561674295 26.34
1561674355 26.36
1561674416 26.33
1561674477 26.33
1561674537 26.36
1561674598 26.34
1561674658 26.37
1561674719 26.33
1561674779 26.34
1561674839 26.29
1561674900 26.33
1561674960 26.33
1561675021 26.32
1561675081 26.34
1561675142 26.33
1561675203 26.35
1561675263 26.33
1561675324 26.38
1561675384 26.32
1561675445 26.34
1561675506 26.32
1561675567 26.34
1561675628 26.34
1561675689 26.32
1561675749 26.31
1561675810 26.34
1561675871 26.31
1561675931 26.37
1561675992 26.33
1561676053 26.31
1561676113 26.28
1561676174 26.33
1561676234 26.33
1561676295 26.34
1561676355 26.33
1561676415 26.29
1561676476 26.33
1561676536 26.31
1561676597 26.32
1561676657 26.31
1561676717 26.34
1561676778 26.31
1561676839 26.32
1561676899 26.28
1561676960 26.32
1561677020 26.33
1561677081 26.32
1561677142 26.34
1561677202 26.33
1561677263 26.35
1561677324 26.33
1561677385 26.30
1561677445 26.33
1561677506 26.32
1561677566 26.33
1561677627 26.31
1561677687 26.33
1561677748 26.31
1561677808 26.29
1561677869 26.27
1561677930 26.29
1561677990 26.28
1561678051 26.26
1561678111 26.28
1561678172 26.28
1561678232 26.28
1561678293 26.30
1561678354 26.30
1561678414 26.34
1561678475 26.32
1561678535 26.30
1561678596 26.28
1561678656 26.33
1561678717 26.28
1561678778 26.26
1561678838 26.29
1561678899 26.29
1561678960 26.31
1561679020 26.27
1561679081 26.31
1561679141 26.25
1561679201 26.28
1561679262 26.28
1561679323 26.28
1561679383 26.30
1561679443 26.29
1561679504 26.28
1561679564 26.26
1561679625 26.28
1561679685 26.29
1561679746 26.31
1561679806 26.28
1561679867 26.27
1561679927 26.29
1561679987 26.30
1561680048 26.26
1561680108 26.29
1561680170 26.30
1561680230 26.28
1561680291 26.32
1561680351 26.28
1561680412 26.28
1561680472 26.23
1561680533 26.26
1561680594 26.28
1561680654 26.28
1561680715 26.26
1561680775 26.26
1561680836 26.27
1561680897 26.27
1561680957 26.28
1561681018 26.29
1561681078 26.25
1561681139 26.29
1561681199 26.26
1561681260 26.25
1561681320 26.26
1561681381 26.25
1561681441 26.23
1561681502 26.26
1561681563 26.26
1561681623 26.24
1561681683 26.24
1561681744 26.28
1561681805 26.24
1561681865 26.28
1561681927 26.23
1561681988 26.29
1561682049 26.26
1561682109 26.24
1561682170 26.25
1561682230 26.25
1561682291 26.23
1561682351 26.28
1561682412 26.26
1561682472 26.27
1561682533 26.28
1561682594 26.25
1561682654 26.26
1561682715 26.27
1561682775 26.26
1561682836 26.24
1561682897 26.25
1561682957 26.26
1561683018 26.22
1561683078 26.24
1561683139 26.22
1561683199 26.26
1561683259 26.29
1561683320 26.25
1561683380 26.29
1561683441 26.21
1561683501 26.26
1561683562 26.23
1561683622 26.26
1561683683 26.24
1561683744 26.26
1561683804 26.26
1561683865 26.24
1561683925 26.24
1561683985 26.25
1561684046 26.23
1561684106 26.26
1561684166 26.22
1561684227 26.23
1561684288 26.22
1561684348 26.22
1561684408 26.26
1561684469 26.22
1561684530 26.25
1561684590 26.22
1561684651 26.22
1561684711 26.24
1561684772 26.27
1561684832 26.24
1561684893 26.24
1561684953 26.26
1561685014 26.21
1561685075 26.24
1561685135 26.24
1561685196 26.23
1561685256 26.20
1561685317 26.22
1561685378 26.23
1561685438 26.25
1561685499 26.22
1561685559 26.25
1561685620 26.24
1561685680 26.25
1561685741 26.25
1561685801 26.26
1561685861 26.24
1561685922 26.23
1561685983 26.26
1561686043 26.24
1561686104 26.22
1561686165 26.21
1561686225 26.20
1561686286 26.24
1561686346 26.26
1561686407 26.22
1561686468 26.23
1561686530 26.22
1561686591 26.20
1561686652 26.22
1561686712 26.20
1561686775 26.23
1561686837 26.21
1561686898 26.21
1561686961 26.24
1561687021 26.19
1561687084 26.21
1561687144 26.21
1561687205 26.22
1561687265 26.17
1561687326 26.20
1561687387 26.25
1561687448 26.23
1561687508 26.22
1561687569 26.21
1561687630 26.24
1561687691 26.21
1561687752 26.19
1561687812 26.23
1561687873 26.22
1561687933 26.19
1561687994 26.21
1561688054 26.23
1561688115 26.21
1561688176 26.24
1561688237 26.23
1561688297 26.20
1561688358 26.24
1561688418 26.24
1561688478 26.22
1561688539 26.24
1561688599 26.22
1561688660 26.22
1561688721 26.22
1561688781 26.23
1561688842 26.20
1561688903 26.18
1561688964 26.22
1561689024 26.20
1561689085 26.20
1561689146 26.18
1561689207 26.21
1561689267 26.17
1561689327 26.20
1561689388 26.17
1561689448 26.17
1561689508 26.16
1561689569 26.20
1561689630 26.16
1561689690 26.20
1561689752 26.20
1561689813 26.20
1561689874 26.20
1561689935 26.20
1561689995 26.22
1561690056 26.22
1561690117 26.17
1561690177 26.20
1561690238 26.17
1561690299 26.17
1561690359 26.20
1561690420 26.17
1561690481 26.18
1561690542 26.18
1561690602 26.18
1561690662 26.18
1561690723 26.18
1561690783 26.21
1561690844 26.22
1561690905 26.16
1561690965 26.18
1561691026 26.14
1561691087 26.20
1561691147 26.18
1561691208 26.15
1561691269 26.16
1561691329 26.16
1561691390 26.20
1561691451 26.12
1561691511 26.19
1561691572 26.16
1561691632 26.16
1561691693 26.18
1561691754 26.19
1561691816 26.16
1561691876 26.16
1561691937 26.13
1561691997 26.19
1561692058 26.19
1561692119 26.14
1561692180 26.16
1561692240 26.16
1561692301 26.14
1561692361 26.13
1561692422 26.14
1561692483 26.19
1561692544 26.17
1561692604 26.16
1561692665 26.15
1561692726 26.16
1561692786 26.15
1561692847 26.16
1561692907 26.15
1561692968 26.20
1561693029 26.14
1561693089 26.13
1561693150 26.13
1561693210 26.09
1561693271 26.19
1561693331 26.09
1561693392 26.16
1561693452 26.14
1561693513 26.18
1561693574 26.16
1561693634 26.14
1561693695 26.15
1561693755 26.16
1561693816 26.14
1561693876 26.08
1561693937 26.11
1561693997 26.13
1561694058 26.13
1561694119 26.19
1561694180 26.17
1561694240 26.13
1561694301 26.09
1561694361 26.09
1561694422 26.09
1561694483 26.12
1561694543 26.14
1561694603 26.11
1561694664 26.14
1561694724 26.16
1561694785 26.12
1561694845 26.18
1561694906 26.12
1561694966 26.10
1561695027 26.14
1561695087 26.12
1561695148 26.11
1561695208 26.15
1561695269 26.12
1561695329 26.11
1561695390 26.12
1561695451 26.13
1561695511 26.15
1561695572 26.11
1561695632 26.12
1561695693 26.16
1561695754 26.12
1561695814 26.13
1561695875 26.13
1561695936 26.10
1561695996 26.16
1561696057 26.13
1561696117 26.09
1561696177 26.11
1561696238 26.14
1561696298 26.16
1561696359 26.11
1561696419 26.12
1561696480 26.10
1561696540 26.13
1561696601 26.13
1561696662 26.12
1561696722 26.07
1561696783 26.04
1561696843 26.11
1561696903 26.11
1561696964 26.10
1561697024 26.07
1561697085 26.07
1561697146 26.09
1561697206 26.10
1561697267 26.09
1561697327 26.10
1561697388 26.08
1561697448 26.06
1561697509 26.05
1561697570 26.09
1561697630 26.04
1561697691 26.06
1561697752 26.06
1561697813 26.09
1561697874 26.06
1561697934 26.08
1561697995 26.13
1561698056 26.09
1561698116 26.10
1561698177 26.12
1561698237 26.10
1561698297 26.12
1561698357 26.12
1561698418 26.02
1561698478 26.07
1561698539 26.08
1561698599 26.06
1561698660 26.13
1561698720 26.06
1561698781 26.06
1561698842 26.09
1561698902 26.06
1561698963 26.06
1561699023 26.10
1561699084 26.07
1561699144 26.05
1561699205 26.06
1561699266 26.02
1561699326 26.07
1561699387 26.11
1561699448 26.12
1561699508 26.09
1561699569 26.06
1561699629 26.08
1561699690 26.05
1561699751 26.06
1561699812 26.02
1561699873 26.06
1561699933 26.11
1561699993 26.10
1561700054 26.07
1561700114 26.08
1561700175 26.05
1561700235 26.10
1561700296 26.04
1561700356 26.05
1561700417 26.07
1561700477 26.10
1561700538 26.04
1561700599 26.06
1561700660 26.06
1561700720 26.06
1561700781 26.10
1561700841 26.06
1561700902 26.09
1561700962 26.06
1561701023 26.04
1561701084 26.06
1561701144 26.05
1561701205 26.03
1561701266 26.04
1561701326 26.06
1561701387 26.04
1561701448 26.04
1561701508 26.09
1561701569 26.12
1561701629 26.07
1561701690 26.09
1561701750 26.06
1561701810 26.06
1561701871 26.03
1561701931 26.01
1561701992 26.06
1561702053 26.05
1561702113 26.04
1561702174 26.09
1561702234 26.08
1561702294 26.04
1561702355 26.09
1561702415 26.06
1561702476 26.07
1561702536 26.05
1561702597 26.03
1561702657 26.04
1561702718 26.03
1561702779 26.04
1561702839 26.05
1561702900 26.05
1561702961 26.06
1561703021 26.04
1561703082 26.04
1561703142 26.06
1561703202 26.01
1561703263 26.02
1561703323 26.05
1561703383 26.04
1561703444 26.04
1561703505 26.06
1561703565 26.02
1561703625 26.04
1561703686 26.06
1561703747 26.04
1561703807 26.03
1561703868 26.10
1561703928 26.05
1561703989 26.06
1561704049 26.07
1561704110 26.07
1561704170 26.05
1561704231 26.04
1561704291 26.05
1561704352 26.04
1561704413 26.02
1561704474 26.08
1561704534 26.05
1561704595 26.02
1561704655 26.07
1561704715 26.06
1561704776 26.01
1561704838 26.06
1561704899 26.06
1561704960 26.04
1561705020 26.08
1561705081 26.06
1561705141 26.03
1561705202 26.04
1561705264 26.04
1561705324 26.03
1561705385 26.08
1561705445 26.09
1561705506 26.05
1561705566 26.05
1561705627 26.08
1561705687 26.04
1561705748 26.06
1561705808 26.06
1561705869 26.05
1561705929 26.06
1561705990 26.06
1561706050 26.07
1561706111 26.05
1561706171 26.06
1561706232 26.03
1561706292 26.04
1561706353 26.04
1561706413 26.06
1561706474 26.05
1561706534 26.06
1561706595 26.08
1561706656 26.05
1561706716 26.03
1561706777 26.07
1561706837 26.09
1561706898 26.03
1561706958 26.08
1561707018 26.06
1561707079 26.09
1561707139 26.11
1561707200 26.04
1561707261 26.05
1561707322 26.09
1561707382 26.09
1561707443 26.03
1561707504 26.08
1561707565 26.06
1561707625 26.06
1561707686 26.08
1561707746 26.06
1561707807 26.02
1561707867 26.08
1561707928 26.07
1561707988 26.07
1561708049 26.07
1561708110 26.06
1561708171 26.06
1561708231 26.11
1561708292 26.10
1561708352 26.06
1561708413 26.07
1561708475 26.04
1561708536 26.08
1561708596 26.07
1561708656 26.08
1561708717 26.07
1561708777 26.06
1561708838 26.08
1561708899 26.07
1561708960 26.05
1561709020 26.09
1561709081 26.04
1561709142 26.08
1561709202 26.08
1561709262 26.04
1561709323 26.06
1561709383 26.03
1561709444 26.04
1561709504 26.02
1561709565 26.07
1561709626 26.04
1561709686 26.05
1561709747 26.05
1561709808 26.04
1561709868 26.02
1561709929 26.04
1561709990 26.03
1561710050 26.05
1561710111 26.05
1561710171 26.02
1561710232 26.05
1561710292 26.06
1561710353 26.04
1561710413 26.06
1561710474 26.04
1561710535 26.05
1561710595 26.06
1561710656 26.05
1561710717 26.04
1561710777 26.04
1561710838 26.07
1561710898 26.06
1561710959 26.06
1561711019 26.06
1561711080 26.09
1561711140 26.06
1561711201 26.06
1561711262 26.03
1561711322 26.07
1561711383 26.03
1561711443 26.06
1561711504 26.06
1561711564 26.03
1561711625 26.06
1561711685 26.06
1561711746 26.08
1561711807 26.06
1561711867 26.02
1561711928 26.05
1561711988 26.05
1561712049 26.08
1561712109 26.07
1561712170 26.04
1561712230 26.07
1561712291 26.03
1561712352 26.09
1561712412 26.04
1561712473 26.01
1561712533 26.03
1561712594 26.02
1561712654 26.06
1561712714 26.08
1561712775 26.06
1561712836 26.04
1561712896 26.04
1561712956 26.06
1561713017 26.03
1561713078 26.04
1561713138 26.06
1561713198 26.06
1561713259 26.06
1561713319 26.04
1561713380 26.00
1561713440 26.05
1561713501 26.04
1561713562 26.01
1561713622 26.02
1561713683 26.01
1561713743 26.01
1561713804 26.04
1561713864 26.02
1561713924 26.01
1561713985 26.04
1561714045 26.02
1561714106 26.01
1561714166 26.02
1561714227 26.00
1561714287 26.01
1561714348 25.99
1561714408 26.03
1561714469 25.99
1561714529 26.00
1561714589 26.01
1561714650 25.99
1561714710 26.00
1561714771 25.99
1561714831 26.01
1561714891 26.00
1561714952 25.97
1561715013 26.00
1561715073 26.00
1561715134 25.98
1561715195 26.00
1561715255 26.00
1561715316 25.97
1561715376 25.99
1561715436 25.99
1561715497 25.97
1561715557 26.00
1561715618 25.99
1561715678 25.99
1561715739 26.00
1561715800 25.99
1561715861 26.01
1561715921 25.98
1561715982 25.99
1561716042 25.97
1561716103 26.00
1561716163 25.97
1561716224 25.97
1561716284 25.98
1561716345 25.99
1561716405 25.97
1561716466 25.97
1561716527 26.00
1561716587 25.99
1561716648 25.98
1561716709 25.99
1561716770 25.98
1561716831 25.97
1561716891 25.97
1561716952 25.98
1561717013 26.01
1561717073 25.97
1561717133 26.01
1561717194 25.98
1561717255 25.97
1561717315 25.97
1561717376 25.95
1561717436 25.97
1561717497 25.97
1561717558 25.95
1561717618 25.96
1561717679 25.95
1561717739 25.95
1561717800 25.97
1561717860 25.93
1561717921 25.94
1561717981 25.93
1561718042 25.96
1561718102 25.95
1561718163 25.97
1561718224 25.95
1561718284 25.95
1561718345 25.89
1561718406 25.94
1561718467 25.93
1561718527 25.99
1561718587 25.95
1561718648 25.95
1561718709 25.90
1561718769 25.97
1561718830 25.95
1561718890 25.95
1561718951 25.93
1561719011 25.96
1561719072 25.86
1561719133 25.95
1561719193 25.89
1561719254 25.96
1561719315 25.93
1561719375 25.90
1561719436 25.91
1561719497 25.92
1561719557 25.93
1561719618 25.95
1561719678 25.94
1561719739 25.91
1561719801 25.90
1561719861 25.91
1561719922 25.88
1561719982 25.90
1561720043 25.90
1561720103 25.93
1561720164 25.89
1561720225 25.83
1561720285 25.90
1561720346 25.86
1561720407 25.92
1561720467 25.97
1561720527 25.88
1561720588 25.95
1561720649 25.96
1561720710 25.90
1561720770 25.92
1561720831 25.93
1561720892 25.90
1561720953 25.94
1561721013 25.85
1561721074 25.93
1561721134 25.91
1561721195 25.85
1561721256 25.90
1561721317 25.90
1561721377 25.89
1561721438 25.88
1561721499 25.90
1561721559 25.90
1561721619 25.87
1561721680 25.88
1561721741 25.77
1561721801 25.85
1561721862 25.88
1561721922 25.81
1561721983 25.85
1561722043 25.87
1561722104 25.86
1561722164 25.86
1561722225 25.84
1561722287 25.82
1561722348 25.82
1561722409 25.78
1561722470 25.87
1561722530 25.85
1561722591 25.81
1561722651 25.83
1561722712 25.79
1561722772 25.84
1561722832 25.85
1561722895 25.74
1561722958 25.78
1561723021 25.82
1561723084 25.81
1561723146 25.74
1561723209 25.75
1561723272 25.86
1561723334 25.76
1561723397 25.83
1561723459 25.80
1561723522 25.77
1561723584 25.84
1561723647 25.72
1561723710 25.75
1561723773 25.73
1561723835 25.70
1561723898 25.78
1561723961 25.81
1561724023 25.78
1561724086 25.71
1561724149 25.78
1561724211 25.74
1561724274 25.75
1561724337 25.74
1561724399 25.77
1561724461 25.78
1561724524 25.77
1561724587 25.77
1561724650 25.80
1561724713 25.75
1561724775 25.77
1561724838 25.76
1561724900 25.78
1561724963 25.80
1561725026 25.78
1561725088 25.76
1561725151 25.78
1561725213 25.73
1561725276 25.74
1561725338 25.77
1561725401 25.73
1561725463 25.75
1561725526 25.79
1561725589 25.77
1561725652 25.72
1561725715 25.74
1561725778 25.77
1561725840 25.68
1561725903 25.77
1561725965 25.70
1561726028 25.75
1561726090 25.70
1561726153 25.78
1561726216 25.74
1561726278 25.78
1561726341 25.75
1561726404 25.73
1561726466 25.84
1561726529 25.70
1561726592 25.69
1561726654 25.75
1561726717 25.80
1561726779 25.68
1561726842 25.74
1561726904 25.72
1561726968 25.75
1561727030 25.74
1561727092 25.72
1561727155 25.72
1561727217 25.73
1561727279 25.75
1561727342 25.76
1561727404 25.66
1561727467 25.72
1561727530 25.72
1561727592 25.75
1561727655 25.75
1561727717 25.74
1561727780 25.70
1561727843 25.74
1561727905 25.69
1561727968 25.76
1561728031 25.74
1561728093 25.76
1561728156 25.73
1561728218 25.78
1561728281 25.74
1561728344 25.78
1561728407 25.75
1561728469 25.77
1561728532 25.74
1561728595 25.74
1561728658 25.71
1561728721 25.75
1561728783 25.77
1561728846 25.80
1561728909 25.75
1561728971 25.74
1561729034 25.70
1561729096 25.67
1561729158 25.72
1561729221 25.64
1561729284 25.70
1561729346 25.68
1561729409 25.69
1561729471 25.72
1561729534 25.69
1561729597 25.73
1561729660 25.67
1561729722 25.67
1561729785 25.69
1561729847 25.69
1561729910 25.62
1561729973 25.68
1561730036 25.66
1561730098 25.73
1561730161 25.68
1561730224 25.68
1561730287 25.69
1561730349 25.63
1561730412 25.68
1561730475 25.68
1561730537 25.60
1561730600 25.65
1561730662 25.70
1561730725 25.66
1561730788 25.69
1561730850 25.66
1561730913 25.70
1561730975 25.65
1561731038 25.67
1561731101 25.69
1561731164 25.67
1561731226 25.70
1561731289 25.66
1561731351 25.72
1561731413 25.66
1561731476 25.68
1561731538 25.70
1561731601 25.69
1561731663 25.69
1561731726 25.68
1561731788 25.68
1561731850 25.66
1561731913 25.68
1561731976 25.63
1561732039 25.65
1561732101 25.69
1561732164 25.68
1561732226 25.68
1561732289 25.63
1561732352 25.67
1561732414 25.66
1561732477 25.65
1561732540 25.68
1561732603 25.60
1561732666 25.66
1561732728 25.58
1561732791 25.68
1561732853 25.67
1561732916 25.58
1561732979 25.62
1561733041 25.59
1561733104 25.65
1561733166 25.67
1561733229 25.67
1561733291 25.61
1561733354 25.65
1561733417 25.61
1561733479 25.63
1561733542 25.59
1561733605 25.60
1561733668 25.64
1561733730 25.67
1561733793 25.67
1561733856 25.66
1561733918 25.68
1561733981 25.59
1561734044 25.70
1561734106 25.68
1561734169 25.62
1561734232 25.61
1561734294 25.67
1561734357 25.60
1561734420 25.69
1561734482 25.61
1561734545 25.65
1561734608 25.63
1561734671 25.63
1561734733 25.63
1561734796 25.57
1561734858 25.58
1561734922 25.61
1561734982 25.63
1561735045 25.62
1561735107 25.61
1561735170 25.57
1561735233 25.59
1561735295 25.64
1561735358 25.65
1561735421 25.62
1561735483 25.58
1561735546 25.64
1561735608 25.62
1561735671 25.63
1561735733 25.69
1561735796 25.66
1561735858 25.68
1561735921 25.70
1561735983 25.64
1561736046 25.67
1561736108 25.61
1561736171 25.65
1561736234 25.62
1561736296 25.63
1561736359 25.63
1561736422 25.66
1561736485 25.63
1561736547 25.61
1561736610 25.65
1561736673 25.69
1561736735 25.70
1561736798 25.62
1561736860 25.69
1561736923 25.66
1561736985 25.66
1561737048 25.65
1561737110 25.65
1561737173 25.66
1561737234 25.64
1561737297 25.65
1561737359 25.66
1561737422 25.68
1561737484 25.64
1561737547 25.65
1561737610 25.65
1561737672 25.66
1561737735 25.62
1561737798 25.61
1561737861 25.66
1561737921 25.66
1561737984 25.64
1561738047 25.67
1561738109 25.66
1561738172 25.66
1561738234 25.62
1561738297 25.67
1561738359 25.69
1561738422 25.70
1561738485 25.59
1561738547 25.66
1561738610 25.70
1561738673 25.68
1561738735 25.69
1561738798 25.63
1561738861 25.66
1561738924 25.72
1561738986 25.67
1561739049 25.69
1561739112 25.68
1561739174 25.65
1561739237 25.66
1561739300 25.67
1561739362 25.67
1561739424 25.67
1561739487 25.68
1561739550 25.69
1561739612 25.69
1561739675 25.70
1561739738 25.69
1561739800 25.71
1561739863 25.68
1561739926 25.66
1561739988 25.69
1561740051 25.69
1561740114 25.67
1561740176 25.66
1561740238 25.65
1561740301 25.67
1561740364 25.67
1561740426 25.68
1561740489 25.67
1561740551 25.69
1561740613 25.63
1561740676 25.68
1561740739 25.62
1561740802 25.64
1561740864 25.65
1561740927 25.63
1561740988 25.65
1561741051 25.62
1561741114 25.67
1561741177 25.62
1561741239 25.65
1561741302 25.66
1561741365 25.69
1561741427 25.68
1561741490 25.68
1561741552 25.67
1561741615 25.67
1561741678 25.69
1561741741 25.67
1561741803 25.63
1561741866 25.66
1561741929 25.64
1561741992 25.61
1561742054 25.71
1561742117 25.66
1561742179 25.67
1561742242 25.68
1561742305 25.69
1561742367 25.70
1561742429 25.63
1561742492 25.68
1561742554 25.66
1561742617 25.63
1561742679 25.62
1561742742 25.69
1561742805 25.69
1561742867 25.66
1561742930 25.63
1561742993 25.69
1561743055 25.67
1561743118 25.66
1561743180 25.70
1561743243 25.63
1561743306 25.66
1561743368 25.58
1561743431 25.65
1561743494 25.66
1561743556 25.63
1561743619 25.69
1561743682 25.69
1561743745 25.67
1561743808 25.65
1561743870 25.68
1561743933 25.65
1561743996 25.62
1561744059 25.65
1561744121 25.68
1561744184 25.61
1561744247 25.64
1561744310 25.63
1561744372 25.63
1561744434 25.65
1561744497 25.65
1561744560 25.69
1561744622 25.66
1561744685 25.66
1561744748 25.64
1561744810 25.62
1561744873 25.64
1561744935 25.67
1561744997 25.64
1561745060 25.59
1561745123 25.65
1561745185 25.63
1561745248 25.62
1561745311 25.61
1561745373 25.68
1561745436 25.66
1561745498 25.64
1561745561 25.66
1561745624 25.65
1561745686 25.64
1561745749 25.67
1561745811 25.65
1561745874 25.62
1561745937 25.65
1561745999 25.61
1561746062 25.63
1561746124 25.67
1561746187 25.66
1561746249 25.67
1561746312 25.68
1561746374 25.65
1561746437 25.61
1561746500 25.63
1561746562 25.62
1561746625 25.63
1561746688 25.66
1561746750 25.63
1561746812 25.61
1561746875 25.66
1561746937 25.67
1561747000 25.61
1561747062 25.65
1561747125 25.62
1561747187 25.63
1561747250 25.59
1561747312 25.63
1561747374 25.70
1561747437 25.65
1561747500 25.66
1561747562 25.66
1561747625 25.63
1561747688 25.60
1561747751 25.61
1561747813 25.62
1561747876 25.66
1561747938 25.64
1561748001 25.60
1561748064 25.66
1561748126 25.66
1561748189 25.60
1561748252 25.59
1561748315 25.58
1561748378 25.63
1561748440 25.66
1561748502 25.63
1561748565 25.63
1561748627 25.62
1561748690 25.57
1561748753 25.59
1561748815 25.64
1561748878 25.62
1561748940 25.58
1561749003 25.63
1561749066 25.66
1561749129 25.60
1561749191 25.58
1561749254 25.57
1561749317 25.59
1561749379 25.61
1561749442 25.62
1561749505 25.63
1561749567 25.61
1561749629 25.63
1561749692 25.61
1561749754 25.61
1561749817 25.56
1561749880 25.58
1561749942 25.61
1561750005 25.55
1561750067 25.58
1561750130 25.60
1561750193 25.59
1561750255 25.57
1561750318 25.55
1561750380 25.61
1561750443 25.57
1561750505 25.60
1561750568 25.57
1561750631 25.62
1561750693 25.59
1561750756 25.56
1561750819 25.58
1561750882 25.58
1561750944 25.56
1561751007 25.59
1561751070 25.54
1561751132 25.58
1561751195 25.55
1561751258 25.54
1561751320 25.54
1561751383 25.61
1561751445 25.56
1561751508 25.57
1561751571 25.56
1561751633 25.54
1561751696 25.66
1561751758 25.58
1561751821 25.53
1561751884 25.57
1561751946 25.57
1561752009 25.54
1561752071 25.54
1561752134 25.65
1561752196 25.54
1561752259 25.56
1561752322 25.60
1561752385 25.61
1561752448 25.58
1561752511 25.61
1561752573 25.58
1561752636 25.57
1561752698 25.55
1561752761 25.59
1561752824 25.55
1561752886 25.62
1561752949 25.61
1561753011 25.57
1561753074 25.55
1561753136 25.59
1561753199 25.62
1561753262 25.57
1561753324 25.58
1561753387 25.61
1561753450 25.57
1561753513 25.55
1561753575 25.59
1561753638 25.57
1561753701 25.62
1561753764 25.63
1561753826 25.60
1561753889 25.56
1561753952 25.55
1561754014 25.59
1561754077 25.61
1561754140 25.58
1561754202 25.56
1561754265 25.57
1561754328 25.57
1561754390 25.58
1561754453 25.61
1561754516 25.54
1561754579 25.56
1561754641 25.55
1561754704 25.59
1561754767 25.61
1561754829 25.55
1561754891 25.54
1561754954 25.57
1561755015 25.55
1561755078 25.55
1561755140 25.58
1561755203 25.59
1561755266 25.56
1561755329 25.55
1561755392 25.62
1561755454 25.59
1561755517 25.56
1561755580 25.57
1561755642 25.56
1561755705 25.54
1561755768 25.57
1561755830 25.58
1561755893 25.56
1561755956 25.53
1561756018 25.60
1561756081 25.58
1561756143 25.58
1561756206 25.57
1561756268 25.58
1561756331 25.59
1561756393 25.57
1561756456 25.57
1561756518 25.55
1561756581 25.58
1561756643 25.57
1561756706 25.59
1561756769 25.59
1561756830 25.55
1561756892 25.57
1561756954 25.57
1561757017 25.57
1561757080 25.55
1561757142 25.55
1561757205 25.58
1561757268 25.58
1561757330 25.57
1561757392 25.52
1561757455 25.58
1561757517 25.57
1561757580 25.53
1561757643 25.59
1561757703 25.59
1561757766 25.53
1561757829 25.54
1561757891 25.55
1561757954 25.55
1561758016 25.59
1561758079 25.56
1561758141 25.56
1561758204 25.57
1561758266 25.55
1561758329 25.58
1561758392 25.59
1561758454 25.60
1561758517 25.60
1561758580 25.53
1561758642 25.56
1561758705 25.54
1561758767 25.54
1561758830 25.57
1561758893 25.60
1561758955 25.57
1561759018 25.54
1561759080 25.56
1561759143 25.56
1561759206 25.54
1561759268 25.54
1561759330 25.55
1561759393 25.55
1561759456 25.55
1561759519 25.54
1561759581 25.57
1561759644 25.54
1561759707 25.55
1561759770 25.54
1561759832 25.54
1561759895 25.51
1561759957 25.53
1561760020 25.50
1561760083 25.51
1561760145 25.52
1561760208 25.51
1561760271 25.50
1561760334 25.53
1561760396 25.52
1561760459 25.55
1561760522 25.56
1561760584 25.50
1561760646 25.52
1561760709 25.52
1561760772 25.49
1561760834 25.52
1561760897 25.52
1561760959 25.53
1561761021 25.52
1561761084 25.55
1561761147 25.60
1561761209 25.55
1561761272 25.55
1561761334 25.54
1561761397 25.53
1561761460 25.56
1561761522 25.54
1561761585 25.56
1561761648 25.55
1561761710 25.54
1561761772 25.54
1561761835 25.54
1561761898 25.54
1561761960 25.53
1561762023 25.50
1561762086 25.54
1561762148 25.50
1561762210 25.50
1561762273 25.50
1561762335 25.50
1561762398 25.53
1561762460 25.51
1561762523 25.52
1561762586 25.50
1561762648 25.54
1561762711 25.50
1561762774 25.53
1561762835 25.52
1561762898 25.50
1561762961 25.51
1561763023 25.52
1561763086 25.54
1561763149 25.54
1561763211 25.51
1561763273 25.52
1561763336 25.52
1561763399 25.51
1561763461 25.55
1561763524 25.54
1561763587 25.53
1561763649 25.52
1561763711 25.53
1561763774 25.55
1561763836 25.52
1561763899 25.56
1561763961 25.52
1561764024 25.54
1561764086 25.52
1561764149 25.52
1561764212 25.54
1561764274 25.51
1561764337 25.51
1561764400 25.51
1561764461 25.49
1561764523 25.49
1561764586 25.51
1561764648 25.54
1561764711 25.51
1561764773 25.53
1561764835 25.52
1561764898 25.48
1561764961 25.52
1561765023 25.54
1561765086 25.55
1561765148 25.53
1561765211 25.55
1561765274 25.50
1561765336 25.51
1561765399 25.49
1561765461 25.53
1561765524 25.52
1561765586 25.53
1561765649 25.51
1561765711 25.58
1561765774 25.55
1561765837 25.54
1561765899 25.55
1561765962 25.56
1561766024 25.51
1561766087 25.52
1561766150 25.54
1561766212 25.54
1561766274 25.55
1561766336 25.57
1561766399 25.53
1561766462 25.54
1561766524 25.54
1561766587 25.52
1561766650 25.54
1561766713 25.59
1561766775 25.50
1561766838 25.54
1561766901 25.53
1561766964 25.55
1561767026 25.59
1561767088 25.55
1561767150 25.55
1561767213 25.53
1561767275 25.55
1561767338 25.55
1561767401 25.54
1561767463 25.53
1561767526 25.52
1561767588 25.53
1561767651 25.52
1561767713 25.55
1561767776 25.54
1561767838 25.54
1561767901 25.51
1561767964 25.55
1561768026 25.53
1561768089 25.54
1561768151 25.51
1561768214 25.51
1561768277 25.53
1561768340 25.55
1561768402 25.51
1561768465 25.53
1561768527 25.52
1561768590 25.51
1561768653 25.51
1561768715 25.52
1561768778 25.54
1561768841 25.51
1561768903 25.53
1561768966 25.52
1561769028 25.51
1561769091 25.55
1561769153 25.51
1561769216 25.48
1561769279 25.49
1561769342 25.50
1561769404 25.51
1561769467 25.50
1561769529 25.52
1561769592 25.52
1561769654 25.50
1561769717 25.50
1561769779 25.55
1561769842 25.51
1561769904 25.49
1561769966 25.52
1561770029 25.54
1561770091 25.51
1561770154 25.51
1561770217 25.49
1561770279 25.53
1561770342 25.50
1561770405 25.51
1561770465 25.51
1561770528 25.53
1561770590 25.54
1561770653 25.54
1561770716 25.50
1561770778 25.53
1561770841 25.51
1561770902 25.50
1561770965 25.53
1561771027 25.52
1561771090 25.51
1561771153 25.51
1561771215 25.49
1561771278 25.53
1561771340 25.50
1561771403 25.50
1561771466 25.51
1561771529 25.51
1561771591 25.50
1561771654 25.53
1561771717 25.50
1561771779 25.52
1561771842 25.48
1561771904 25.51
1561771967 25.52
1561772030 25.51
1561772093 25.50
1561772155 25.51
1561772218 25.49
1561772280 25.50
1561772343 25.50
1561772405 25.49
1561772468 25.50
1561772531 25.49
1561772593 25.50
1561772656 25.49
1561772719 25.50
1561772782 25.51
1561772845 25.48
1561772907 25.51
1561772970 25.48
1561773032 25.52
1561773095 25.51
1561773157 25.50
1561773220 25.51
1561773282 25.51
1561773345 25.48
1561773407 25.51
1561773470 25.45
1561773533 25.50
1561773596 25.49
1561773656 25.48
1561773718 25.48
1561773781 25.50
1561773844 25.50
1561773907 25.49
1561773969 25.46
1561774032 25.50
1561774094 25.50
1561774157 25.46
1561774219 25.51
1561774281 25.49
1561774344 25.51
1561774407 25.50
1561774469 25.49
1561774532 25.47
1561774595 25.48
1561774658 25.50
1561774721 25.48
1561774784 25.48
1561774847 25.48
1561774909 25.50
1561774972 25.47
1561775035 25.49
1561775097 25.47
1561775160 25.49
1561775222 25.47
1561775285 25.49
1561775347 25.50
1561775410 25.49
1561775473 25.48
1561775536 25.48
1561775598 25.49
1561775661 25.48
1561775723 25.54
1561775786 25.50
1561775849 25.48
1561775912 25.48
1561775974 25.48
1561776037 25.48
1561776100 25.49
1561776161 25.50
1561776223 25.48
1561776286 25.50
1561776348 25.48
1561776411 25.50
1561776473 25.47
1561776537 25.48
1561776597 25.48
1561776660 25.48
1561776723 25.48
1561776785 25.45
1561776848 25.45
1561776911 25.47
1561776973 25.50
1561777036 25.46
1561777098 25.49
1561777161 25.49
1561777224 25.49
1561777287 25.48
1561777347 25.49
1561777410 25.48
1561777473 25.48
1561777535 25.51
1561777598 25.49
1561777660 25.48
1561777723 25.47
1561777785 25.49
1561777848 25.48
1561777911 25.48
1561777974 25.46
1561778036 25.51
1561778099 25.48
1561778161 25.48
1561778224 25.46
1561778286 25.49
1561778349 25.48
1561778412 25.48
1561778475 25.48
1561778537 25.50
1561778600 25.47
1561778663 25.48
1561778725 25.47
1561778788 25.47
1561778850 25.47
1561778912 25.48
1561778975 25.46
1561779038 25.47
1561779100 25.47
1561779163 25.47
1561779225 25.48
1561779288 25.46
1561779350 25.45
1561779413 25.49
1561779476 25.48
1561779538 25.46
1561779601 25.47
1561779663 25.47
1561779727 25.46
1561779789 25.44
1561779852 25.45
1561779914 25.48
1561779977 25.46
1561780039 25.44
1561780102 25.47
1561780164 25.44
1561780227 25.42
1561780290 25.48
1561780352 25.46
1561780415 25.45
1561780477 25.42
1561780540 25.46
1561780603 25.45
1561780665 25.48
1561780728 25.47
1561780790 25.48
1561780853 25.46
1561780916 25.47
1561780979 25.47
1561781041 25.47
1561781104 25.48
1561781166 25.48
1561781229 25.45
1561781292 25.46
1561781354 25.46
1561781417 25.45
1561781479 25.46
1561781542 25.47
1561781605 25.45
1561781667 25.45
1561781730 25.44
1561781792 25.48
1561781855 25.47
1561781917 25.48
1561781980 25.47
1561782042 25.46
1561782105 25.43
1561782168 25.47
1561782229 25.42
1561782292 25.46
1561782354 25.44
1561782417 25.45
1561782479 25.45
1561782541 25.43
1561782604 25.43
1561782667 25.48
1561782729 25.45
1561782791 25.45
1561782854 25.46
1561782917 25.46
1561782980 25.45
1561783042 25.46
1561783105 25.46
1561783167 25.43
1561783230 25.45
1561783292 25.44
1561783355 25.45
1561783418 25.44
1561783481 25.47
1561783543 25.43
1561783606 25.45
1561783667 25.44
1561783730 25.44
1561783792 25.44
1561783855 25.44
1561783917 25.39
1561783980 25.42
1561784043 25.43
1561784105 25.42
1561784168 25.41
1561784231 25.45
1561784293 25.42
1561784356 25.36
1561784418 25.38
1561784481 25.42
1561784544 25.37
1561784606 25.40
1561784669 25.37
1561784732 25.40
1561784796 25.38
1561784857 25.42
1561784919 25.35
1561784982 25.39
1561785045 25.38
1561785108 25.44
1561785170 25.39
1561785233 25.42
1561785295 25.43
1561785358 25.39
1561785420 25.39
1561785483 25.44
1561785546 25.41
1561785608 25.43
1561785670 25.44
1561785733 25.36
1561785795 25.40
1561785858 25.42
1561785920 25.44
1561785983 25.44
1561786045 25.43
1561786108 25.45
1561786170 25.42
1561786232 25.38
1561786295 25.44
1561786357 25.37
1561786420 25.46
1561786483 25.44
1561786545 25.42
1561786608 25.44
1561786671 25.39
1561786733 25.41
1561786796 25.45
1561786859 25.38
1561786921 25.39
1561786984 25.40
1561787047 25.43
1561787110 25.39
1561787172 25.43
1561787235 25.43
1561787298 25.43
1561787361 25.37
1561787423 25.42
1561787486 25.42
1561787549 25.43
1561787612 25.42
1561787674 25.41
1561787737 25.36
1561787800 25.44
1561787863 25.44
1561787925 25.39
1561787988 25.43
1561788051 25.40
1561788113 25.41
1561788176 25.41
1561788238 25.42
1561788300 25.42
1561788363 25.45
1561788426 25.35
1561788489 25.43
1561788552 25.38
1561788614 25.42
1561788678 25.34
1561788740 25.35
1561788803 25.40
1561788865 25.43
1561788928 25.36
1561788990 25.41
1561789053 25.40
1561789116 25.41
1561789178 25.41
1561789241 25.43
1561789304 25.37
1561789366 25.41
1561789429 25.39
1561789492 25.39
1561789554 25.39
1561789617 25.37
1561789680 25.39
1561789742 25.42
1561789805 25.37
1561789868 25.44
1561789931 25.42
1561789993 25.40
1561790056 25.35
1561790118 25.36
1561790181 25.42
1561790243 25.38
1561790306 25.38
1561790368 25.38
1561790431 25.41
1561790494 25.38
1561790556 25.42
1561790619 25.38
1561790682 25.41
1561790745 25.37
1561790807 25.37
1561790870 25.36
1561790933 25.39
1561790996 25.39
1561791058 25.35
1561791121 25.36
1561791184 25.44
1561791246 25.41
1561791309 25.39
1561791372 25.36
1561791434 25.42
1561791497 25.41
1561791559 25.39
1561791622 25.37
1561791685 25.38
1561791747 25.39
1561791810 25.43
1561791872 25.33
1561791935 25.33
1561791998 25.42
1561792060 25.40
1561792123 25.42
1561792185 25.38
1561792248 25.41
1561792310 25.34
1561792373 25.40
1561792435 25.35
1561792498 25.38
1561792560 25.36
1561792623 25.42
1561792686 25.39
1561792748 25.41
1561792812 25.38
1561792874 25.33
1561792937 25.42
1561792999 25.38
1561793062 25.41
1561793125 25.38
1561793187 25.37
1561793250 25.38
1561793313 25.39
1561793376 25.41
1561793439 25.39
1561793501 25.38
1561793564 25.35
1561793627 25.37
1561793689 25.39
1561793752 25.35
1561793814 25.45
1561793876 25.39
1561793938 25.38
1561794001 25.37
1561794063 25.41
1561794126 25.39
1561794188 25.37
1561794251 25.32
1561794313 25.42
1561794376 25.41
1561794438 25.37
1561794501 25.34
1561794564 25.35
1561794627 25.38
1561794689 25.37
1561794752 25.42
1561794814 25.34
1561794877 25.36
1561794940 25.32
1561795002 25.41
1561795065 25.38
1561795127 25.29
1561795190 25.32
1561795252 25.37
1561795315 25.38
1561795377 25.42
1561795440 25.37
1561795503 25.35
1561795565 25.38
1561795628 25.38
1561795691 25.35
1561795753 25.40
1561795816 25.36
1561795879 25.37
1561795941 25.39
1561796004 25.40
1561796066 25.40
1561796129 25.37
1561796192 25.38
1561796254 25.35
1561796316 25.38
1561796379 25.37
1561796442 25.39
1561796504 25.34
1561796566 25.39
1561796629 25.35
1561796691 25.39
1561796754 25.36
1561796816 25.34
1561796879 25.34
1561796941 25.38
1561797004 25.33
1561797067 25.38
1561797129 25.33
1561797192 25.38
1561797255 25.34
1561797317 25.37
1561797380 25.35
1561797443 25.41
1561797505 25.38
1561797568 25.38
1561797631 25.40
1561797694 25.43
1561797757 25.40
1561797819 25.32
1561797882 25.37
1561797944 25.39
1561798007 25.39
1561798070 25.38
1561798132 25.31
1561798195 25.38
1561798258 25.39
1561798320 25.39
1561798383 25.41
1561798446 25.40
1561798508 25.39
1561798570 25.35
1561798633 25.42
1561798696 25.39
1561798758 25.37
1561798821 25.37
1561798883 25.42
1561798946 25.35
1561799009 25.35
1561799071 25.35
1561799134 25.43
1561799197 25.39
1561799260 25.38
1561799323 25.32
1561799386 25.36
1561799448 25.37
1561799511 25.39
1561799573 25.35
1561799636 25.35
1561799698 25.38
1561799761 25.30
1561799823 25.39
1561799886 25.40
1561799949 25.38
1561800011 25.35
1561800074 25.38
1561800136 25.39
1561800199 25.33
1561800261 25.38
1561800324 25.31
1561800386 25.38
1561800449 25.39
1561800511 25.32
1561800574 25.35
1561800636 25.37
1561800699 25.44
1561800761 25.32
1561800824 25.35
1561800887 25.34
1561800949 25.37
1561801012 25.39
1561801075 25.39
1561801137 25.35
1561801200 25.40
1561801263 25.34
1561801325 25.37
1561801388 25.38
1561801450 25.38
1561801513 25.38
1561801576 25.32
1561801639 25.33
1561801701 25.38
1561801764 25.38
1561801827 25.40
1561801889 25.28
1561801951 25.30
1561802014 25.37
1561802076 25.33
1561802138 25.37
1561802201 25.34
1561802263 25.30
1561802326 25.36
1561802389 25.40
1561802452 25.38
1561802514 25.36
1561802576 25.36
1561802639 25.39
1561802702 25.39
1561802764 25.28
1561802827 25.35
1561802890 25.36
1561802953 25.33
1561803016 25.32
1561803078 25.36
1561803141 25.37
1561803203 25.32
1561803266 25.32
1561803329 25.34
1561803391 25.35
1561803454 25.37
1561803516 25.38
1561803579 25.35
1561803642 25.36
1561803705 25.32
1561803767 25.31
1561803830 25.38
1561803892 25.35
1561803955 25.37
1561804017 25.38
1561804080 25.36
1561804143 25.38
1561804205 25.33
1561804268 25.36
1561804331 25.38
1561804393 25.34
1561804456 25.40
1561804519 25.29
1561804581 25.31
1561804644 25.33
1561804707 25.34
1561804770 25.29
1561804832 25.35
1561804895 25.39
1561804958 25.36
1561805020 25.34
1561805083 25.31
1561805146 25.35
1561805209 25.35
1561805272 25.34
1561805335 25.33
1561805397 25.38
1561805460 25.29
1561805523 25.36
1561805585 25.32
1561805648 25.33
1561805710 25.37
1561805773 25.35
1561805836 25.32
1561805899 25.31
1561805961 25.27
1561806024 25.36
1561806086 25.33
1561806149 25.35
1561806212 25.38
1561806274 25.33
1561806337 25.31
1561806399 25.31
1561806462 25.34
1561806525 25.35
1561806587 25.30
1561806650 25.33
1561806712 25.31
1561806774 25.30
1561806837 25.31
1561806900 25.35
1561806962 25.36
1561807025 25.35
1561807088 25.34
1561807150 25.27
1561807213 25.27
1561807276 25.32
1561807338 25.35
1561807401 25.32
1561807463 25.36
1561807526 25.32
1561807588 25.30
1561807651 25.30
1561807713 25.27
1561807776 25.31
1561807839 25.36
1561807901 25.31
1561807964 25.33
1561808026 25.36
1561808089 25.34
1561808152 25.31
1561808215 25.36
1561808277 25.29
1561808340 25.30
1561808402 25.33
1561808465 25.34
1561808527 25.29
1561808590 25.40
1561808652 25.29
1561808715 25.28
1561808777 25.31
1561808840 25.32
1561808903 25.29
1561808966 25.28
1561809028 25.28
1561809091 25.28
1561809154 25.32
1561809216 25.29
1561809279 25.27
1561809341 25.28
1561809404 25.30
1561809467 25.29
1561809529 25.27
1561809592 25.26
1561809654 25.29
1561809717 25.28
1561809779 25.26
1561809842 25.34
1561809905 25.27
1561809967 25.30
1561810030 25.34
1561810093 25.30
1561810156 25.30
1561810219 25.29
1561810281 25.30
1561810344 25.25
1561810407 25.29
1561810469 25.29
1561810532 25.32
1561810595 25.25
1561810658 25.32
1561810720 25.31
1561810783 25.25
1561810846 25.34
1561810908 25.31
1561810971 25.30
1561811034 25.29
1561811096 25.28
1561811159 25.29
1561811221 25.26
1561811284 25.24
1561811346 25.27
1561811409 25.27
1561811472 25.24
1561811534 25.27
1561811597 25.25
1561811660 25.22
1561811723 25.24
1561811785 25.28
1561811848 25.26
1561811910 25.24
1561811973 25.27
1561812036 25.28
1561812099 25.27
1561812162 25.31
1561812224 25.25
1561812286 25.30
1561812349 25.24
1561812412 25.25
1561812474 25.26
1561812537 25.27
1561812600 25.27
1561812663 25.28
1561812725 25.24
1561812788 25.24
1561812850 25.26
1561812913 25.22
1561812976 25.27
1561813039 25.22
1561813101 25.31
1561813164 25.23
1561813227 25.27
1561813290 25.26
1561813352 25.29
1561813415 25.27
1561813477 25.27
1561813540 25.27
1561813602 25.24
1561813665 25.30
1561813728 25.25
1561813790 25.23
1561813852 25.25
1561813915 25.28
1561813978 25.28
1561814041 25.26
1561814104 25.26
1561814166 25.23
1561814229 25.30
1561814291 25.24
1561814354 25.29
1561814417 25.31
1561814479 25.23
1561814542 25.23
1561814605 25.31
1561814667 25.25
1561814729 25.27
1561814792 25.22
1561814854 25.30
1561814917 25.25
1561814979 25.28
1561815042 25.26
1561815104 25.28
1561815167 25.24
1561815230 25.25
1561815292 25.28
1561815355 25.24
1561815417 25.27
1561815480 25.20
1561815542 25.26
1561815606 25.23
1561815668 25.25
1561815731 25.26
1561815794 25.27
1561815857 25.27
1561815919 25.27
1561815982 25.27
1561816044 25.30
1561816106 25.24
1561816168 25.28
1561816231 25.32
1561816293 25.26
1561816357 25.30
1561816419 25.26
1561816482 25.22
1561816544 25.25
1561816607 25.27
1561816670 25.27
1561816732 25.27
1561816795 25.25
1561816857 25.24
1561816920 25.22
1561816983 25.28
1561817045 25.22
1561817108 25.23
1561817171 25.21
1561817234 25.23
1561817296 25.18
1561817359 25.18
1561817422 25.20
1561817485 25.26
1561817547 25.24
1561817610 25.26
1561817673 25.23
1561817736 25.22
1561817798 25.22
1561817861 25.16
1561817924 25.15
1561817986 25.23
1561818049 25.15
1561818112 25.15
1561818175 25.23
1561818237 25.22
1561818300 25.18
1561818363 25.22
1561818425 25.20
1561818488 25.26
1561818550 25.19
1561818613 25.21
1561818676 25.24
1561818738 25.27
1561818801 25.23
1561818864 25.18
1561818926 25.20
1561818989 25.22
1561819051 25.18
1561819114 25.26
1561819176 25.21
1561819239 25.20
1561819302 25.17
1561819364 25.23
1561819427 25.22
1561819490 25.24
1561819552 25.21
1561819615 25.25
1561819677 25.25
1561819740 25.22
1561819802 25.22
1561819865 25.22
1561819928 25.20
1561819991 25.24
1561820053 25.24
1561820115 25.23
1561820178 25.20
1561820240 25.18
1561820303 25.19
1561820365 25.25
1561820428 25.16
1561820490 25.24
1561820553 25.22
1561820616 25.24
1561820679 25.18
1561820741 25.25
1561820804 25.20
1561820866 25.24
1561820929 25.20
1561820991 25.23
1561821054 25.20
1561821117 25.18
1561821179 25.24
1561821242 25.22
1561821304 25.17
1561821367 25.20
1561821429 25.26
1561821493 25.16
1561821555 25.20
1561821618 25.21
1561821680 25.15
1561821743 25.24
1561821805 25.23
1561821868 25.20
1561821930 25.17
1561821993 25.20
1561822056 25.24
1561822119 25.22
1561822181 25.24
1561822244 25.19
1561822307 25.21
1561822370 25.22
1561822432 25.20
1561822495 25.23
1561822558 25.24
1561822620 25.16
1561822683 25.21
1561822746 25.24
1561822808 25.26
1561822871 25.22
1561822934 25.17
1561822996 25.23
1561823058 25.21
1561823121 25.20
1561823183 25.19
1561823246 25.21
1561823308 25.26
1561823371 25.23
1561823434 25.23
1561823496 25.20
1561823559 25.21
1561823622 25.21
1561823684 25.17
1561823746 25.20
1561823809 25.22
1561823871 25.21
1561823934 25.21
1561823996 25.22
1561824058 25.16
1561824121 25.18
1561824184 25.21
1561824247 25.23
1561824309 25.22
1561824372 25.16
1561824435 25.14
1561824497 25.19
1561824560 25.20
1561824622 25.19
1561824685 25.23
1561824747 25.20
1561824810 25.23
1561824873 25.19
1561824935 25.21
1561824997 25.17
1561825060 25.24
1561825122 25.20
1561825185 25.19
1561825248 25.22
1561825311 25.21
1561825373 25.16
1561825436 25.18
1561825498 25.18
1561825561 25.21
1561825623 25.22
1561825685 25.23
1561825748 25.21
1561825811 25.22
1561825873 25.15
1561825936 25.22
1561825998 25.18
1561826061 25.16
1561826124 25.19
1561826186 25.24
1561826249 25.22
1561826312 25.16
1561826374 25.16
1561826437 25.23
1561826499 25.16
1561826562 25.16
1561826624 25.17
1561826687 25.20
1561826749 25.20
1561826812 25.17
1561826874 25.22
1561826937 25.14
1561826999 25.22
1561827061 25.18
1561827125 25.22
1561827187 25.21
1561827250 25.18
1561827313 25.19
1561827375 25.17
1561827438 25.18
1561827501 25.24
1561827564 25.19
1561827626 25.19
1561827689 25.19
1561827751 25.18
1561827814 25.23
1561827877 25.21
1561827939 25.22
1561828001 25.18
1561828064 25.20
1561828126 25.16
1561828189 25.22
1561828252 25.22
1561828314 25.18
1561828377 25.27
1561828439 25.20
1561828502 25.12
1561828565 25.20
1561828627 25.22
1561828690 25.22
1561828753 25.18
1561828816 25.20
1561828879 25.20
1561828941 25.17
1561829003 25.13
1561829066 25.15
1561829128 25.20
1561829191 25.18
1561829253 25.20
1561829316 25.20
1561829379 25.21
1561829441 25.15
1561829504 25.19
1561829566 25.16
1561829629 25.16
1561829692 25.20
1561829754 25.18
1561829816 25.20
1561829879 25.22
1561829941 25.20
1561830004 25.19
1561830067 25.15
1561830129 25.15
1561830192 25.19
1561830255 25.20
1561830318 25.20
1561830381 25.17
1561830443 25.19
1561830506 25.17
1561830569 25.21
1561830631 25.23
1561830694 25.21
1561830756 25.17
1561830819 25.20
1561830881 25.19
1561830944 25.16
1561831006 25.19
1561831069 25.12
1561831132 25.14
1561831194 25.18
1561831257 25.20
1561831320 25.21
1561831383 25.17
1561831445 25.20
1561831508 25.18
1561831570 25.19
1561831633 25.13
1561831696 25.23
1561831758 25.12
1561831821 25.22
1561831883 25.16
1561831946 25.18
1561832008 25.13
1561832070 25.19
1561832133 25.17
1561832196 25.16
1561832258 25.19
1561832320 25.19
1561832383 25.18
1561832446 25.20
1561832508 25.15
1561832571 25.19
1561832634 25.22
1561832697 25.19
1561832759 25.16
1561832822 25.17
1561832884 25.18
1561832947 25.17
1561833010 25.19
1561833073 25.15
1561833135 25.16
1561833198 25.20
1561833261 25.22
1561833323 25.18
1561833385 25.18
1561833448 25.20
1561833511 25.18
1561833573 25.18
1561833636 25.20
1561833698 25.12
1561833761 25.22
1561833824 25.12
1561833886 25.15
1561833949 25.18
1561834012 25.18
1561834074 25.17
1561834137 25.22
1561834199 25.20
1561834262 25.18
1561834324 25.17
1561834387 25.17
1561834450 25.12
1561834512 25.15
1561834575 25.22
1561834638 25.23
1561834700 25.21
1561834762 25.17
1561834825 25.20
1561834888 25.17
1561834950 25.15
1561835013 25.18
1561835076 25.09
1561835138 25.19
1561835201 25.14
1561835263 25.15
1561835326 25.12
1561835388 25.20
1561835451 25.17
1561835513 25.16
1561835576 25.20
1561835638 25.18
1561835700 25.13
1561835763 25.18
1561835826 25.16
1561835889 25.18
1561835951 25.10
1561836014 25.12
1561836077 25.16
1561836140 25.15
1561836202 25.14
1561836265 25.12
1561836327 25.15
1561836390 25.13
1561836452 25.20
1561836515 25.12
1561836578 25.16
1561836640 25.14
1561836703 25.16
1561836766 25.21
1561836829 25.16
1561836891 25.23
1561836954 25.16
1561837017 25.15
1561837079 25.17
1561837142 25.14
1561837204 25.16
1561837267 25.16
1561837330 25.07
1561837392 25.14
1561837455 25.12
1561837517 25.15
1561837580 25.15
1561837642 25.11
1561837705 25.15
1561837767 25.16
1561837830 25.17
1561837893 25.17
1561837956 25.16
1561838018 25.15
1561838081 25.15
1561838144 25.15
1561838207 25.13
1561838269 25.13
1561838332 25.11
1561838394 25.10
1561838457 25.12
1561838520 25.17
1561838582 25.16
1561838645 25.15
1561838708 25.17
1561838771 25.18
1561838833 25.10
1561838896 25.14
1561838959 25.11
1561839021 25.18
1561839084 25.15
1561839147 25.13
1561839210 25.16
1561839273 25.16
1561839335 25.15
1561839398 25.17
1561839461 25.15
1561839524 25.13
1561839586 25.19
1561839649 25.11
1561839711 25.10
1561839774 25.18
1561839837 25.08
1561839899 25.16
1561839962 25.14
1561840024 25.14
1561840087 25.15
1561840149 25.14
1561840212 25.13
1561840275 25.09
1561840338 25.10
1561840400 25.15
1561840463 25.17
1561840525 25.07
1561840588 25.13
1561840651 25.11
1561840713 25.17
1561840776 25.13
1561840838 25.11
1561840901 25.15
1561840963 25.12
1561841026 25.14
1561841089 25.15
1561841152 25.13
1561841214 25.19
1561841277 25.14
1561841340 25.13
1561841402 25.15
1561841465 25.13
1561841527 25.08
1561841590 25.12
1561841653 25.10
1561841716 25.15
1561841778 25.12
1561841841 25.12
1561841904 25.06
1561841966 25.14
1561842029 25.12
1561842091 25.14
1561842154 25.11
1561842217 25.14
1561842280 25.12
1561842342 25.09
1561842405 25.12
1561842467 25.10
1561842530 25.06
1561842592 25.06
1561842655 25.07
1561842718 25.16
1561842781 25.15
1561842844 25.11
1561842906 25.13
1561842969 25.10
1561843031 25.11
1561843094 25.14
1561843156 25.06
1561843219 25.10
1561843282 25.09
1561843344 25.08
1561843407 25.15
1561843470 25.15
1561843532 25.12
1561843595 25.09
1561843657 25.07
1561843720 25.11
1561843783 25.11
1561843846 25.11
1561843908 25.06
1561843971 25.11
1561844034 25.14
1561844096 25.11
1561844159 25.10
1561844222 25.14
1561844284 25.11
1561844347 25.15
1561844410 25.11
1561844473 25.10
1561844535 25.12
1561844598 25.12
1561844661 25.10
1561844723 25.11
1561844786 25.07
1561844848 25.05
1561844911 25.10
1561844973 25.10
1561845036 25.07
1561845098 25.07
1561845161 25.13
1561845224 25.10
1561845287 25.07
1561845349 25.05
1561845412 25.08
1561845474 25.08
1561845537 25.08
1561845600 25.06
1561845662 25.09
1561845725 25.05
1561845788 25.04
1561845850 25.04
1561845913 25.04
1561845976 25.03
1561846038 25.04
1561846101 25.08
1561846164 25.04
1561846226 25.10
1561846289 25.08
1561846352 25.06
1561846414 25.08
1561846476 25.03
1561846539 25.03
1561846602 25.09
1561846664 25.00
1561846726 25.03
1561846789 25.07
1561846852 25.05
1561846914 25.02
1561846977 25.04
1561847040 25.01
1561847102 25.03
1561847165 25.06
1561847227 25.01
1561847290 25.06
1561847353 25.02
1561847415 25.03
1561847478 25.02
1561847540 25.07
1561847603 25.06
1561847666 25.07
1561847729 25.08
1561847791 25.02
1561847854 25.08
1561847917 25.01
1561847979 25.01
1561848042 25.10
1561848104 25.06
1561848166 25.03
1561848229 25.04
1561848291 25.04
1561848354 25.01
1561848417 25.00
1561848480 25.00
1561848542 25.02
1561848604 25.03
1561848667 25.02
1561848730 25.03
1561848792 25.07
1561848855 25.03
1561848917 25.04
1561848980 25.03
1561849043 25.06
1561849106 25.02
1561849168 25.02
1561849231 25.03
1561849294 25.01
1561849356 25.00
1561849419 25.01
1561849481 25.02
1561849544 25.01
1561849606 25.03
1561849668 25.03
1561849731 25.04
1561849794 24.99
1561849856 25.02
1561849919 25.04
1561849981 25.04
1561850044 25.02
1561850106 25.00
1561850169 25.06
1561850231 25.00
1561850294 25.04
1561850356 25.03
1561850419 24.99
1561850482 25.06
1561850544 25.01
1561850606 25.00
1561850669 25.04
1561850731 25.01
1561850794 24.99
1561850857 25.02
1561850919 25.02
1561850981 25.00
1561851044 25.00
1561851106 25.05
1561851168 25.00
1561851231 24.99
1561851294 25.02
1561851356 24.99
1561851419 25.03
1561851481 24.99
1561851543 25.00
1561851605 24.98
1561851668 25.04
1561851731 25.01
1561851794 25.01
1561851856 25.03
1561851919 25.00
1561851982 25.00
1561852044 25.02
1561852107 25.02
1561852170 25.00
1561852232 25.03
1561852295 24.96
1561852357 25.00
1561852420 25.02
1561852483 25.01
1561852545 25.01
1561852608 25.00
1561852671 25.01
1561852733 25.00
1561852795 25.00
1561852858 25.00
1561852921 24.99
1561852983 25.00
1561853046 25.03
1561853108 24.98
1561853171 24.98
1561853233 25.00
1561853296 25.02
1561853358 24.99
1561853421 25.01
1561853484 24.98
1561853547 25.00
1561853609 24.99
1561853672 25.00
1561853734 25.00
1561853797 25.00
1561853859 24.97
1561853922 25.01
1561853985 24.96
1561854047 24.98
1561854110 24.99
1561854172 24.99
1561854235 25.01
1561854298 24.99
1561854360 25.01
1561854423 25.00
1561854485 25.01
1561854548 24.97
1561854610 24.96
1561854673 24.97
1561854735 24.98
1561854798 24.97
1561854860 25.00
1561854923 24.97
1561854985 24.96
1561855048 25.02
1561855110 24.99
1561855173 24.99
1561855236 24.98
1561855298 24.99
1561855361 24.97
1561855423 24.97
1561855486 24.99
1561855549 24.99
1561855612 24.95
1561855674 25.00
1561855737 24.99
1561855799 24.97
1561855862 24.97
1561855925 24.98
1561855987 24.99
1561856049 24.98
1561856112 24.95
1561856175 24.97
1561856237 24.99
1561856299 24.97
1561856362 24.95
1561856425 24.97
1561856487 24.99
1561856550 24.99
1561856612 24.98
1561856675 24.98
1561856737 24.97
1561856800 24.99
1561856862 24.99
1561856924 24.95
1561856987 24.93
1561857049 24.98
1561857112 24.96
1561857174 24.96
1561857237 24.93
1561857299 24.96
1561857362 24.99
1561857424 24.96
1561857487 24.97
1561857549 24.95
1561857612 24.95
1561857675 24.97
1561857737 24.98
1561857800 24.93
1561857862 24.97
1561857924 24.96
1561857987 24.97
1561858050 24.93
1561858113 24.95
1561858175 24.96
1561858238 24.98
1561858300 24.97
1561858362 24.96
1561858425 24.97
1561858488 24.96
1561858551 24.96
1561858614 24.95
1561858677 24.93
1561858737 24.97
1561858797 24.97
1561858858 24.94
1561858919 24.96
1561858979 24.96
1561859040 24.96
1561859100 24.97
1561859161 24.95
1561859221 24.96
1561859281 24.97
1561859342 24.95
1561859402 24.97
1561859463 24.93
1561859524 24.97
1561859584 24.94
1561859645 24.97
1561859705 24.97
1561859766 24.94
1561859827 24.93
1561859887 24.97
1561859948 24.97
1561860008 24.95
1561860069 24.95
1561860130 24.92
1561860190 24.97
1561860251 24.93
1561860312 24.95
1561860372 24.97
1561860433 24.99
1561860493 24.96
1561860554 24.96
1561860614 24.98
1561860675 24.95
1561860735 24.94
1561860796 24.96
1561860856 24.94
1561860917 24.96
1561860977 24.94
1561861038 24.97
1561861099 24.96
1561861159 24.96
1561861220 24.98
1561861280 24.91
1561861341 24.96
1561861401 24.98
1561861462 24.94
1561861522 24.96
1561861583 24.97
1561861644 24.97
1561861704 24.97
1561861765 24.95
1561861825 24.98
1561861886 24.98
1561861946 24.96
1561862007 24.96
1561862067 24.98
1561862128 24.96
1561862189 24.99
1561862250 24.97
1561862310 24.97
1561862371 24.97
1561862432 24.97
1561862492 24.95
1561862553 24.98
1561862613 25.00
1561862674 24.97
1561862734 24.98
1561862795 24.97
1561862856 24.98
1561862917 24.99
1561862978 24.96
1561863038 24.96
1561863098 25.00
1561863159 24.98
1561863220 25.05
1561863280 24.97
1561863340 24.99
1561863401 24.97
1561863462 24.96
1561863522 24.98
1561863582 24.99
1561863643 24.99
1561863703 24.98
1561863764 24.99
1561863825 24.97
1561863885 24.96
1561863946 24.97
1561864006 25.00
1561864067 25.02
1561864128 24.98
1561864189 24.98
1561864249 24.99
1561864310 25.00
1561864370 24.99
1561864431 25.02
1561864491 25.02
1561864552 25.00
1561864613 24.99
1561864673 25.01
1561864734 25.00
1561864794 24.99
1561864855 25.00
1561864916 24.99
1561864976 24.99
1561865036 25.01
1561865097 24.99
1561865157 25.03
1561865218 25.02
1561865278 24.99
1561865339 25.00
1561865400 25.02
1561865461 24.99
1561865521 25.01
1561865581 24.99
1561865642 25.04
1561865702 25.00
1561865763 24.99
1561865823 25.02
1561865883 24.99
1561865944 25.03
1561866004 25.00
1561866065 25.00
1561866126 24.99
1561866187 24.99
1561866247 25.00
1561866308 25.00
1561866368 25.04
1561866429 25.00
1561866489 25.02
1561866549 25.05
1561866610 25.02
1561866671 25.01
1561866731 25.04
1561866792 25.04
1561866852 25.01
1561866913 25.03
1561866973 25.02
1561867034 25.00
1561867095 25.03
1561867155 25.03
1561867215 25.01
1561867276 24.99
1561867336 25.04
1561867397 25.02
1561867457 24.99
1561867518 25.00
1561867579 25.04
1561867639 25.02
1561867700 25.04
1561867760 25.01
1561867820 25.01
1561867881 25.02
1561867941 25.01
1561868002 25.03
1561868062 25.02
1561868123 25.02
1561868183 25.00
1561868244 25.03
1561868304 25.00
1561868364 25.01
1561868425 25.00
1561868486 25.05
1561868547 24.99
1561868607 25.06
1561868667 25.06
1561868728 25.03
1561868788 25.03
1561868849 25.05
1561868910 25.07
1561868970 25.03
1561869030 25.08
1561869091 25.02
1561869151 25.02
1561869212 25.03
1561869273 25.02
1561869333 25.04
1561869393 25.06
1561869454 25.02
1561869514 25.03
1561869575 25.04
1561869636 25.03
1561869696 25.08
1561869757 25.02
1561869817 25.04
1561869878 25.06
1561869939 25.09
1561869999 25.01
1561870060 25.04
1561870121 25.04
1561870181 25.03
1561870241 25.04
1561870302 25.04
1561870362 25.09
1561870423 25.05
1561870483 25.06
1561870544 25.06
1561870604 25.03
1561870665 25.03
1561870726 25.04
1561870786 25.06
1561870847 25.10
1561870908 25.08
1561870969 25.07
1561871029 25.04
1561871090 25.08
1561871151 25.11
1561871211 25.08
1561871272 25.03
1561871332 25.06
1561871393 25.08
1561871453 25.08
1561871514 25.10
1561871574 25.05
1561871635 25.06
1561871695 25.06
1561871756 25.08
1561871817 25.09
1561871877 25.06
1561871938 25.10
1561871999 25.12
1561872059 25.09
1561872120 25.03
1561872180 25.07
1561872241 25.08
1561872301 25.06
1561872362 25.04
1561872423 25.09
1561872483 25.07
1561872544 25.10
1561872604 25.12
1561872665 25.08
1561872726 25.08
1561872788 25.06
1561872848 25.12
1561872909 25.08
1561872969 25.06
1561873029 25.11
1561873090 25.06
1561873150 25.06
1561873210 25.07
1561873271 25.09
1561873331 25.08
1561873392 25.06
1561873452 25.12
1561873512 25.11
1561873572 25.11
1561873633 25.11
1561873693 25.09
1561873754 25.14
1561873815 25.12
1561873876 25.08
1561873936 25.08
1561873997 25.08
1561874057 25.11
1561874118 25.07
1561874178 25.06
1561874239 25.13
1561874299 25.13
1561874360 25.11
1561874420 25.06
1561874480 25.10
1561874541 25.11
1561874601 25.12
1561874662 25.11
1561874723 25.12
1561874783 25.10
1561874843 25.09
1561874904 25.10
1561874964 25.19
1561875025 25.15
1561875085 25.15
1561875145 25.06
1561875206 25.18
1561875267 25.13
1561875327 25.12
1561875387 25.10
1561875448 25.11
1561875509 25.10
1561875569 25.11
1561875630 25.10
1561875691 25.10
1561875751 25.10
1561875812 25.16
1561875873 25.11
1561875933 25.10
1561875994 25.10
1561876054 25.15
1561876115 25.10
1561876175 25.08
1561876236 25.11
1561876296 25.09
1561876357 25.09
1561876417 25.06
1561876478 25.10
1561876539 25.08
1561876599 25.13
1561876660 25.11
1561876720 25.09
1561876781 25.08
1561876841 25.14
1561876902 25.14
1561876963 25.10
1561877023 25.10
1561877103 25.10
1561877164 25.11
1561877225 25.07
1561877285 25.14
1561877346 25.06
1561877407 25.12
1561877467 25.11
1561877528 25.08
1561877589 25.08
1561877649 25.17
1561877709 25.10
1561877770 25.12
1561877830 25.13
1561877891 25.13
1561877952 25.10
1561878012 25.15
1561878073 25.10
1561878134 25.12
1561878194 25.10
1561878255 25.06
1561878315 25.10
1561878376 25.14
1561878437 25.11
1561878498 25.13
1561878558 25.09
1561878619 25.18
1561878679 25.11
1561878739 25.11
1561878800 25.10
1561878861 25.11
1561878921 25.13
1561878982 25.17
1561879042 25.14
1561879103 25.11
1561879164 25.14
1561879225 25.10
1561879285 25.13
1561879346 25.06
1561879406 25.12
1561879466 25.11
1561879527 25.08
1561879587 25.12
1561879648 25.11
1561879708 25.11
1561879768 25.12
1561879829 25.11
1561879890 25.09
1561879950 25.18
1561880010 25.16
1561880071 25.13
1561880131 25.13
1561880192 25.08
1561880253 25.12
1561880313 25.12
1561880374 25.13
1561880435 25.16
1561880495 25.13
1561880556 25.12
1561880616 25.17
1561880677 25.10
1561880738 25.15
1561880798 25.12
1561880859 25.09
1561880920 25.11
1561880980 25.14
1561881041 25.11
1561881101 25.17
1561881162 25.15
1561881222 25.12
1561881283 25.15
1561881343 25.15
1561881404 25.15
1561881464 25.14
1561881525 25.09
1561881586 25.12
1561881647 25.11
1561881707 25.18
1561881768 25.10
1561881829 25.14
1561881890 25.10
1561881950 25.18
1561882011 25.09
1561882072 25.08
1561882132 25.07
1561882193 25.14
1561882253 25.12
1561882314 25.17
1561882374 25.13
1561882435 25.06
1561882496 25.13
1561882557 25.13
1561882618 25.11
1561882678 25.12
1561882739 25.07
1561882799 25.12
1561882860 25.12
1561882920 25.08
1561882981 25.08
1561883042 25.13
1561883102 25.13
1561883163 25.11
1561883223 25.15
1561883284 25.13
1561883345 25.10
1561883405 25.11
1561883465 25.12
1561883526 25.15
1561883587 25.12
1561883647 25.12
1561883708 25.16
1561883769 25.18
1561883829 25.15
1561883889 25.18
1561883950 25.14
1561884011 25.12
1561884071 25.10
1561884132 25.11
1561884193 25.08
1561884253 25.09
1561884314 25.08
1561884375 25.10
1561884435 25.07
1561884496 25.06
1561884557 25.08
1561884617 25.11
1561884678 25.09
1561884738 25.01
1561884799 25.09
1561884860 25.07
1561884921 25.09
1561884981 25.09
1561885042 25.11
1561885102 25.06
1561885163 25.05
1561885224 25.09
1561885284 25.06
1561885345 25.11
1561885406 25.03
1561885466 25.07
1561885527 25.08
1561885588 25.13
1561885648 25.08
1561885709 25.08
1561885769 25.09
1561885830 25.08
1561885890 25.06
1561885951 25.08
1561886012 25.06
1561886072 25.05
1561886134 25.04
1561886194 25.00
1561886255 24.98
1561886316 25.01
1561886376 25.02
1561886436 25.03
1561886497 24.99
1561886558 25.03
1561886618 25.01
1561886679 25.02
1561886739 25.03
1561886800 25.00
1561886860 25.00
1561886921 24.97
1561886982 24.99
1561887042 25.02
1561887102 24.99
1561887163 24.98
1561887223 24.98
1561887284 24.99
1561887344 25.01
1561887405 24.99
1561887466 25.00
1561887526 25.00
1561887587 24.99
1561887648 24.98
1561887708 25.00
1561887769 24.97
1561887829 25.01
1561887889 24.99
1561887950 25.00
1561888011 24.97
1561888071 24.98
1561888132 24.99
1561888192 24.98
1561888253 24.97
1561888314 24.98
1561888375 24.98
1561888435 24.98
1561888496 25.00
1561888556 25.00
1561888617 25.02
1561888678 25.00
1561888738 24.97
1561888799 24.99
1561888859 24.99
1561888920 24.99
1561888980 25.03
1561889041 24.99
1561889101 25.02
1561889162 24.98
1561889223 25.00
1561889283 25.02
1561889344 25.00
1561889405 25.00
1561889465 24.98
1561889526 25.02
1561889586 25.03
1561889647 24.99
1561889708 25.00
1561889768 24.99
1561889829 24.99
1561889889 24.98
1561889949 25.00
1561890010 25.00
1561890071 25.02
1561890132 24.99
1561890192 25.00
1561890253 25.02
1561890313 25.00
1561890374 24.99
1561890435 25.00
1561890496 25.01
1561890556 25.02
1561890617 25.00
1561890678 24.99
1561890738 25.05
1561890799 25.02
1561890859 25.02
1561890920 25.00
1561890980 25.01
1561891041 24.99
1561891102 24.99
1561891162 24.99
1561891223 25.00
1561891283 25.03
1561891344 25.00
1561891404 25.01
1561891465 25.04
1561891526 25.00
1561891586 25.03
1561891647 25.01
1561891707 25.02
1561891768 25.04
1561891828 24.99
1561891889 25.00
1561891949 25.04
1561892010 24.99
1561892071 25.03
1561892131 25.02
1561892192 25.02
1561892252 25.01
1561892313 25.02
1561892375 25.04
1561892436 25.03
1561892496 25.04
1561892557 25.00
1561892618 25.00
1561892678 25.01
1561892739 25.01
1561892800 25.00
1561892860 25.01
1561892921 25.01
1561892981 25.00
1561893042 25.03
1561893102 25.09
1561893163 25.03
1561893224 25.02
1561893284 25.00
1561893344 25.06
1561893405 25.02
1561893466 25.00
1561893527 25.05
1561893587 25.08
1561893648 25.06
1561893709 25.00
1561893769 25.00
1561893830 25.00
1561893891 25.06
1561893951 25.02
1561894012 25.03
1561894072 25.05
1561894133 25.03
1561894193 25.05
1561894254 25.02
1561894314 25.03
1561894375 25.05
1561894435 25.03
1561894496 25.01
1561894557 25.00
1561894617 25.06
1561894678 25.01
1561894738 25.04
1561894799 24.99
1561894859 25.02
1561894920 25.04
1561894980 25.05
1561895040 25.02
1561895101 25.04
1561895161 25.00
1561895222 25.00
1561895282 25.03
1561895343 25.02
1561895404 25.04
1561895464 25.04
1561895525 25.00
1561895585 25.02
1561895646 25.00
1561895707 25.00
1561895767 25.01
1561895828 24.99
1561895889 25.00
1561895949 25.01
1561896010 25.02
1561896070 25.02
1561896131 25.04
1561896192 25.07
1561896252 25.06
1561896313 25.02
1561896373 25.01
1561896434 25.00
1561896495 25.01
1561896555 25.06
1561896616 25.06
1561896677 25.03
1561896737 25.02
1561896798 25.01
1561896858 25.03
1561896919 25.07
1561896979 24.99
1561897040 24.99
1561897101 24.98
1561897161 24.99
1561897222 24.99
1561897283 24.99
1561897343 24.97
1561897403 24.99
1561897464 25.00
1561897524 24.98
1561897585 24.97
1561897645 24.99
1561897706 24.97
1561897767 24.98
1561897827 24.97
1561897887 24.99
1561897948 24.99
1561898009 24.96
1561898069 24.98
1561898130 24.99
1561898191 25.00
1561898252 24.98
1561898313 24.97
1561898373 24.99
1561898434 24.99
1561898494 24.98
1561898555 25.00
1561898615 24.98
1561898676 24.96
1561898737 25.00
1561898797 25.00
1561898858 24.99
1561898918 24.98
1561898979 24.99
1561899040 24.97
1561899101 25.00
1561899161 24.99
1561899222 24.97
1561899282 24.99
1561899343 25.05
1561899404 24.98
1561899464 24.97
1561899525 25.00
1561899586 24.99
1561899646 24.98
1561899707 25.00
1561899767 24.99
1561899828 25.00
1561899889 24.99
1561899950 24.97
1561900010 25.00
1561900070 24.99
1561900131 25.00
1561900191 24.99
1561900251 25.00
1561900312 25.00
1561900373 25.00
1561900434 25.01
1561900494 25.00
1561900555 25.00
1561900616 25.01
1561900676 25.00
1561900736 25.01
1561900797 25.00
1561900858 24.97
1561900918 24.99
1561900979 25.00
1561901040 25.01
1561901101 25.00
1561901161 25.03
1561901222 25.00
1561901283 25.03
1561901344 24.99
1561901404 25.03
1561901465 25.01
1561901526 25.05
1561901586 24.99
1561901646 25.01
1561901707 25.00
1561901768 25.00
1561901828 25.00
1561901889 25.04
1561901950 25.00
1561902010 24.99
1561902071 25.00
1561902131 25.00
1561902192 25.00
1561902252 25.01
1561902313 25.03
1561902374 25.04
1561902434 25.04
1561902495 25.02
1561902556 25.10
1561902616 25.04
1561902677 25.04
1561902738 25.01
1561902799 25.04
1561902860 25.06
1561902920 25.03
1561902981 25.04
1561903042 25.04
1561903102 25.06
1561903162 25.03
1561903223 25.03
1561903283 25.06
1561903345 25.03
1561903406 25.04
1561903466 25.02
1561903527 25.05
1561903587 25.03
1561903648 25.06
1561903708 25.11
1561903769 25.06
1561903830 25.04
1561903890 25.05
1561903951 25.08
1561904012 25.06
1561904072 25.07
1561904132 25.08
1561904193 25.01
1561904253 25.04
1561904314 25.03
1561904375 25.04
1561904436 25.00
1561904496 25.08
1561904557 25.03
1561904617 25.05
1561904678 25.05
1561904739 25.02
1561904799 25.08
1561904860 25.06
1561904920 25.08
1561904981 25.11
1561905042 25.05
1561905102 25.09
1561905163 25.07
1561905224 25.05
1561905284 25.04
1561905345 25.04
1561905405 25.05
1561905466 25.04
1561905526 25.08
1561905587 25.04
1561905647 25.04
1561905707 25.03
1561905768 25.06
1561905829 25.00
1561905890 25.06
1561905950 25.01
1561906010 25.01
1561906071 25.03
1561906132 25.06
1561906192 25.02
1561906253 25.08
1561906313 25.04
1561906374 25.05
1561906434 25.02
1561906495 25.08
1561906556 25.03
1561906617 25.06
1561906677 25.00
1561906738 25.05
1561906798 25.02
1561906858 25.04
1561906919 25.03
1561906979 25.03
1561907040 25.01
1561907100 25.01
1561907161 25.01
1561907222 25.01
1561907282 25.01
1561907343 25.01
1561907404 25.03
1561907465 25.04
1561907525 25.00
1561907586 25.00
1561907646 25.03
1561907707 25.02
1561907767 25.04
1561907828 25.01
1561907888 25.05
1561907949 25.05
1561908009 25.03
1561908070 24.99
1561908130 25.01
1561908191 25.02
1561908251 25.01
1561908312 25.03
1561908373 25.04
1561908433 25.03
1561908494 25.00
1561908554 25.04
1561908615 25.03
1561908676 25.00
1561908736 25.07
1561908797 25.02
1561908858 25.03
1561908918 25.04
1561908979 25.04
1561909039 25.03
1561909100 25.03
1561909161 25.01
1561909223 25.03
1561909283 25.04
1561909346 25.01
1561909406 24.98
1561909466 25.00
1561909527 25.02
1561909587 25.01
1561909648 24.99
1561909708 25.03
1561909769 25.00
1561909829 25.00
1561909889 25.04
1561909949 24.99
1561910010 24.99
1561910071 24.99
1561910131 25.00
1561910191 25.00
1561910252 25.00
1561910312 25.00
1561910373 25.00
1561910434 25.01
1561910494 25.02
1561910555 25.01
1561910615 25.00
1561910675 24.98
1561910736 24.98
1561910796 24.99
1561910857 25.01
1561910918 25.00
1561910979 24.99
1561911039 25.03
1561911100 25.00
1561911161 24.99
1561911222 25.00
1561911282 25.03
1561911343 25.00
1561911403 24.99
1561911463 25.00
1561911524 24.99
1561911585 25.03
1561911645 25.03
1561911705 25.00
1561911766 25.03
1561911826 25.01
1561911887 25.04
1561911947 25.04
1561912008 25.02
1561912068 25.03
1561912129 25.02
1561912190 25.01
1561912250 25.03
1561912311 24.99
1561912372 25.01
1561912433 25.01
1561912493 25.00
1561912554 25.05
1561912614 25.03
1561912675 25.02
1561912736 25.00
1561912796 25.04
1561912857 25.04
1561912917 25.02
1561912977 25.00
1561913038 25.01
1561913098 25.00
1561913159 25.00
1561913219 25.00
1561913280 24.99
1561913341 24.99
1561913402 25.01
1561913462 24.99
1561913522 25.03
1561913583 25.03
1561913643 25.01
1561913704 24.99
1561913765 25.05
1561913826 25.00
1561913886 25.03
1561913947 25.02
1561914007 25.04
1561914068 25.02
1561914128 25.04
1561914189 25.02
1561914250 25.03
1561914310 25.02
1561914370 25.00
1561914431 25.01
1561914491 25.00
1561914552 25.04
1561914613 25.01
1561914673 25.00
1561914734 25.02
1561914795 25.01
1561914855 25.01
1561914916 25.06
1561914976 25.02
1561915037 25.01
1561915097 25.01
1561915158 25.04
1561915218 24.99
1561915279 25.02
1561915340 25.01
1561915400 25.06
1561915461 25.03
1561915522 25.03
1561915582 25.02
1561915643 25.02
1561915703 25.05
1561915763 25.06
1561915824 25.07
1561915885 25.05
1561915946 25.04
1561916006 25.00
1561916067 25.04
1561916127 25.04
1561916187 25.07
1561916248 25.03
1561916308 25.04
1561916369 24.99
1561916430 25.04
1561916490 25.02
1561916550 25.01
1561916611 25.03
1561916672 25.04
1561916732 25.01
1561916793 25.00
1561916854 25.03
1561916914 24.99
1561916975 25.04
1561917036 25.00
1561917096 25.00
1561917157 25.01
1561917218 25.06
1561917278 25.03
1561917339 25.01
1561917400 25.01
1561917460 24.99
1561917521 25.02
1561917582 25.02
1561917642 24.99
1561917702 25.03
1561917763 25.00
1561917824 25.02
1561917884 25.02
1561917945 25.03
1561918005 25.05
1561918066 24.99
1561918126 25.05
1561918187 24.99
1561918247 24.99
1561918308 25.04
1561918368 25.02
1561918429 25.02
1561918490 25.03
1561918550 25.04
1561918610 25.00
1561918671 25.04
1561918731 25.01
1561918791 25.02
1561918852 25.04
1561918912 25.01
1561918973 25.04
1561919034 25.00
1561919095 25.00
1561919155 25.05
1561919216 25.03
1561919276 25.06
1561919337 25.00
1561919397 25.02
1561919457 25.06
1561919518 25.04
1561919578 25.02
1561919639 25.05
1561919699 25.05
1561919760 25.03
1561919820 25.01
1561919881 25.03
1561919941 25.04
1561920002 24.99
1561920062 25.06
1561920123 25.04
1561920184 25.02
1561920244 25.06
1561920305 25.00
1561920365 25.00
1561920426 25.00
1561920486 25.00
1561920546 25.05
1561920606 25.00
1561920667 25.03
1561920728 24.99
1561920788 25.03
1561920848 25.00
1561920909 25.00
1561920970 25.01
1561921030 25.01
1561921090 25.03
1561921151 25.01
1561921212 25.02
1561921272 25.00
1561921332 25.03
1561921393 24.99
1561921453 25.02
1561921513 25.03
1561921574 25.00
1561921634 25.02
1561921695 25.03
1561921755 25.00
1561921816 25.00
1561921877 25.07
1561921938 24.99
1561921998 24.99
1561922059 25.06
1561922119 25.03
1561922180 25.04
1561922240 25.01
1561922300 25.03
1561922361 25.03
1561922422 25.00
1561922482 25.02
1561922543 25.05
1561922603 25.05
1561922664 25.00
1561922724 25.01
1561922785 25.01
1561922846 25.02
1561922906 25.03
1561922966 25.00
1561923027 25.03
1561923087 25.03
1561923148 24.98
1561923209 25.04
1561923269 25.00
1561923330 25.01
1561923391 25.02
1561923451 25.04
1561923512 24.98
1561923573 25.03
1561923633 25.00
1561923694 25.03
1561923755 25.06
1561923815 25.00
1561923876 25.02
1561923937 25.02
1561923997 25.00
1561924057 25.03
1561924118 25.05
1561924178 25.01
1561924239 25.02
1561924299 25.01
1561924360 25.01
1561924420 25.03
1561924481 25.02
1561924541 25.00
1561924601 25.00
1561924662 25.03
1561924722 25.04
1561924783 25.00
1561924843 25.00
1561924904 25.06
1561924965 25.05
1561925025 25.02
1561925086 25.01
1561925147 25.03
1561925207 25.00
1561925268 25.02
1561925328 25.00
1561925388 25.03
1561925449 25.02
1561925509 25.00
1561925570 25.03
1561925630 25.00
1561925691 25.00
1561925751 25.00
1561925812 25.03
1561925872 25.02
1561925932 25.00
1561925993 25.01
1561926053 25.01
1561926113 25.04
1561926174 25.00
1561926234 25.03
1561926295 25.02
1561926356 25.00
1561926416 25.02
1561926477 25.01
1561926538 25.04
1561926599 25.04
1561926659 25.00
1561926720 25.05
1561926781 25.02
1561926841 25.05
1561926902 25.04
1561926963 25.01
1561927023 25.00
1561927083 25.00
1561927143 25.05
1561927203 25.02
1561927264 25.05
1561927324 25.02
1561927384 25.04
1561927445 25.04
1561927505 25.04
1561927566 25.04
1561927626 25.02
1561927687 25.01
1561927748 25.00
1561927808 25.01
1561927868 25.03
1561927929 25.01
1561927990 25.00
1561928050 25.01
1561928111 25.03
1561928171 25.06
1561928232 25.02
1561928293 25.02
1561928353 25.04
1561928413 25.01
