1561669142 25.82
1561669203 25.82
1561669263 25.80
1561669324 25.82
1561669384 25.83
1561669445 25.79
1561669505 25.81
1561669566 25.79
1561669626 25.86
1561669687 25.85
1561669747 25.88
1561669808 25.85
1561669868 25.86
1561669929 25.80
1561669990 25.85
1561670050 25.86
1561670111 25.83
1561670171 25.82
1561670232 25.79
1561670293 25.77
1561670353 25.87
1561670414 25.82
1561670475 25.83
1561670535 25.77
1561670596 25.85
1561670656 25.83
1561670717 25.81
1561670777 25.80
1561670838 25.82
1561670899 25.87
1561670960 25.77
1561671020 25.81
1561671081 25.81
1561671142 25.83
1561671203 25.85
1561671264 25.82
1561671324 25.85
1561671385 25.85
1561671445 25.78
1561671506 25.82
1561671567 25.82
1561671627 25.81
1561671688 25.80
1561671748 25.85
1561671809 25.79
1561671869 25.78
1561671929 25.77
1561671990 25.76
1561672051 25.85
1561672111 25.79
1561672172 25.78
1561672232 25.79
1561672293 25.81
1561672353 25.78
1561672414 25.79
1561672475 25.79
1561672535 25.81
1561672596 25.74
1561672656 25.75
1561672717 25.78
1561672777 25.75
1561672838 25.82
1561672898 25.77
1561672959 25.80
1561673019 25.83
1561673080 25.78
1561673141 25.75
1561673201 25.77
1561673261 25.75
1561673322 25.76
1561673383 25.80
1561673443 25.73
1561673504 25.78
1561673564 25.86
1561673625 25.77
1561673685 25.76
1561673746 25.79
1561673807 25.76
1561673867 25.83
1561673928 25.77
1561673988 25.77
1561674049 25.84
1561674109 25.79
1561674170 25.79
1561674230 25.79
1561674290 25.82
1561674351 25.79
1561674411 25.79
1561674472 25.83
1561674533 25.81
1561674593 25.74
1561674654 25.75
1561674714 25.79
1561674774 25.78
1561674835 25.74
1561674895 25.75
1561674956 25.77
1561675016 25.78
1561675077 25.76
1561675138 25.78
1561675198 25.75
1561675259 25.77
1561675319 25.80
1561675380 25.75
1561675440 25.80
1561675502 25.79
1561675562 25.78
1561675624 25.83
1561675684 25.78
1561675745 25.75
1561675805 25.76
1561675866 25.80
1561675927 25.81
1561675987 25.78
1561676048 25.79
1561676109 25.74
1561676170 25.76
1561676230 25.74
1561676290 25.73
1561676350 25.79
1561676411 25.76
1561676471 25.77
1561676532 25.81
1561676592 25.82
1561676653 25.75
1561676713 25.77
1561676774 25.75
1561676834 25.82
1561676895 25.77
1561676955 25.82
1561677016 25.76
1561677077 25.78
1561677137 25.78
1561677198 25.78
1561677258 25.85
1561677319 25.77
1561677380 25.76
1561677441 25.75
1561677501 25.74
1561677562 25.77
1561677622 25.77
1561677683 25.75
1561677743 25.75
1561677804 25.79
1561677864 25.75
1561677925 25.73
1561677986 25.75
1561678046 25.86
1561678107 25.75
1561678167 25.71
1561678228 25.74
1561678289 25.75
1561678350 25.73
1561678410 25.75
1561678471 25.77
1561678531 25.77
1561678592 25.75
1561678652 25.75
1561678713 25.72
1561678773 25.74
1561678834 25.73
1561678895 25.75
1561678955 25.76
1561679016 25.72
1561679076 25.84
1561679137 25.74
1561679197 25.74
1561679257 25.76
1561679318 25.73
1561679380 25.75
1561679441 25.78
1561679501 25.74
1561679562 25.74
1561679622 25.77
1561679683 25.75
1561679744 25.70
1561679804 25.76
1561679864 25.79
1561679924 25.72
1561679985 25.65
1561680045 25.75
1561680106 25.69
1561680167 25.75
1561680228 25.74
1561680288 25.74
1561680349 25.73
1561680409 25.70
1561680470 25.71
1561680530 25.83
1561680591 25.74
1561680652 25.72
1561680712 25.71
1561680773 25.70
1561680833 25.78
1561680894 25.73
1561680955 25.73
1561681016 25.71
1561681076 25.72
1561681136 25.71
1561681197 25.75
1561681257 25.72
1561681318 25.71
1561681378 25.72
1561681439 25.70
1561681499 25.71
1561681560 25.75
1561681621 25.72
1561681681 25.71
1561681742 25.74
1561681802 25.69
1561681863 25.71
1561681925 25.73
1561681985 25.71
1561682046 25.72
1561682107 25.71
1561682167 25.68
1561682228 25.71
1561682288 25.69
1561682349 25.70
1561682409 25.67
1561682470 25.71
1561682530 25.72
1561682591 25.69
1561682652 25.73
1561682712 25.68
1561682773 25.70
1561682833 25.78
1561682894 25.71
1561682955 25.70
1561683015 25.70
1561683076 25.69
1561683136 25.72
1561683197 25.74
1561683257 25.72
1561683317 25.69
1561683378 25.70
1561683438 25.76
1561683499 25.68
1561683559 25.72
1561683620 25.72
1561683680 25.71
1561683741 25.74
1561683802 25.74
1561683862 25.70
1561683923 25.69
1561683983 25.69
1561684043 25.70
1561684104 25.70
1561684164 25.74
1561684225 25.69
1561684285 25.69
1561684346 25.67
1561684406 25.66
1561684467 25.66
1561684528 25.68
1561684588 25.68
1561684648 25.69
1561684709 25.66
1561684769 25.67
1561684830 25.74
1561684890 25.69
1561684951 25.72
1561685011 25.69
1561685072 25.61
1561685133 25.71
1561685193 25.71
1561685254 25.65
1561685314 25.71
1561685375 25.67
1561685436 25.67
1561685496 25.67
1561685557 25.70
1561685618 25.68
1561685678 25.69
1561685738 25.71
1561685799 25.68
1561685859 25.70
1561685920 25.71
1561685980 25.67
1561686041 25.65
1561686102 25.71
1561686162 25.67
1561686223 25.68
1561686283 25.70
1561686346 25.71
1561686407 25.66
1561686467 25.71
1561686530 25.70
1561686591 25.65
1561686651 25.64
1561686712 25.59
1561686774 25.68
1561686837 25.62
1561686897 25.66
1561686960 25.63
1561687021 25.62
1561687083 25.70
1561687144 25.67
1561687205 25.70
1561687265 25.65
1561687326 25.66
1561687387 25.66
1561687447 25.62
1561687508 25.63
1561687569 25.64
1561687630 25.64
1561687690 25.65
1561687751 25.62
1561687812 25.71
1561687872 25.66
1561687933 25.65
1561687993 25.67
1561688054 25.72
1561688115 25.67
1561688176 25.67
1561688236 25.67
1561688297 25.63
1561688357 25.68
1561688418 25.68
1561688478 25.73
1561688539 25.70
1561688599 25.66
1561688660 25.62
1561688720 25.65
1561688781 25.65
1561688841 25.66
1561688902 25.69
1561688963 25.65
1561689024 25.62
1561689085 25.65
1561689145 25.64
1561689206 25.63
1561689267 25.68
1561689327 25.65
1561689388 25.63
1561689448 25.65
1561689508 25.64
1561689569 25.67
1561689629 25.67
1561689690 25.58
1561689752 25.68
1561689813 25.65
1561689874 25.62
1561689934 25.69
1561689995 25.62
1561690056 25.67
1561690116 25.62
1561690177 25.63
1561690237 25.60
1561690298 25.61
1561690359 25.70
1561690420 25.62
1561690480 25.59
1561690541 25.61
1561690601 25.66
1561690661 25.62
1561690722 25.56
1561690783 25.59
1561690844 25.63
1561690904 25.62
1561690965 25.68
1561691025 25.65
1561691086 25.62
1561691147 25.67
1561691207 25.65
1561691268 25.62
1561691329 25.64
1561691390 25.62
1561691450 25.64
1561691511 25.63
1561691571 25.63
1561691632 25.62
1561691692 25.61
1561691753 25.63
1561691815 25.60
1561691876 25.58
1561691936 25.59
1561691997 25.59
1561692057 25.67
1561692118 25.60
1561692180 25.61
1561692240 25.62
1561692300 25.59
1561692361 25.62
1561692422 25.61
1561692483 25.58
1561692543 25.60
1561692604 25.58
1561692664 25.59
1561692725 25.61
1561692786 25.58
1561692846 25.59
1561692907 25.60
1561692967 25.55
1561693028 25.51
1561693089 25.55
1561693149 25.53
1561693210 25.55
1561693270 25.57
1561693331 25.52
1561693391 25.52
1561693452 25.56
1561693513 25.51
1561693573 25.53
1561693634 25.55
1561693694 25.54
1561693755 25.59
1561693815 25.55
1561693875 25.52
1561693936 25.57
1561693997 25.51
1561694057 25.50
1561694118 25.52
1561694179 25.53
1561694240 25.55
1561694300 25.54
1561694361 25.52
1561694422 25.58
1561694482 25.53
1561694543 25.55
1561694603 25.53
1561694663 25.54
1561694724 25.54
1561694784 25.52
1561694845 25.52
1561694905 25.50
1561694966 25.52
1561695026 25.51
1561695087 25.51
1561695147 25.54
1561695207 25.54
1561695268 25.51
1561695329 25.49
1561695390 25.50
1561695450 25.53
1561695511 25.49
1561695571 25.50
1561695632 25.49
1561695693 25.49
1561695753 25.50
1561695814 25.52
1561695875 25.51
1561695935 25.52
1561695996 25.50
1561696056 25.51
1561696117 25.50
1561696177 25.51
1561696237 25.49
1561696298 25.52
1561696358 25.50
1561696419 25.50
1561696479 25.48
1561696540 25.51
1561696601 25.49
1561696661 25.50
1561696722 25.50
1561696782 25.47
1561696842 25.52
1561696903 25.47
1561696963 25.48
1561697024 25.48
1561697085 25.48
1561697145 25.49
1561697206 25.48
1561697266 25.47
1561697327 25.48
1561697387 25.52
1561697448 25.48
1561697509 25.48
1561697569 25.47
1561697630 25.48
1561697691 25.50
1561697752 25.48
1561697812 25.47
1561697873 25.49
1561697934 25.47
1561697994 25.48
1561698055 25.49
1561698116 25.50
1561698176 25.48
1561698236 25.47
1561698297 25.48
1561698357 25.47
1561698418 25.48
1561698478 25.48
1561698538 25.49
1561698599 25.49
1561698659 25.47
1561698720 25.50
1561698781 25.48
1561698841 25.50
1561698901 25.49
1561698962 25.46
1561699023 25.48
1561699083 25.48
1561699144 25.47
1561699204 25.47
1561699265 25.48
1561699326 25.46
1561699387 25.50
1561699447 25.48
1561699508 25.47
1561699568 25.49
1561699629 25.48
1561699689 25.51
1561699751 25.48
1561699812 25.49
1561699872 25.48
1561699932 25.48
1561699993 25.47
1561700053 25.51
1561700114 25.48
1561700174 25.46
1561700235 25.50
1561700295 25.48
1561700356 25.47
1561700416 25.47
1561700477 25.48
1561700537 25.48
1561700598 25.48
1561700659 25.48
1561700720 25.46
1561700780 25.48
1561700841 25.48
1561700901 25.47
1561700962 25.48
1561701022 25.48
1561701083 25.47
1561701144 25.47
1561701204 25.48
1561701265 25.48
1561701326 25.48
1561701387 25.47
1561701447 25.47
1561701508 25.47
1561701568 25.45
1561701629 25.46
1561701689 25.47
1561701750 25.47
1561701810 25.46
1561701871 25.45
1561701931 25.46
1561701992 25.45
1561702052 25.46
1561702113 25.47
1561702173 25.46
1561702233 25.46
1561702294 25.47
1561702354 25.47
1561702415 25.48
1561702475 25.48
1561702536 25.43
1561702596 25.45
1561702657 25.46
1561702718 25.46
1561702778 25.47
1561702839 25.46
1561702899 25.47
1561702960 25.48
1561703020 25.48
1561703081 25.48
1561703142 25.47
1561703202 25.48
1561703262 25.46
1561703323 25.47
1561703383 25.46
1561703443 25.47
1561703504 25.48
1561703564 25.47
1561703625 25.47
1561703686 25.48
1561703746 25.47
1561703807 25.47
1561703867 25.48
1561703928 25.48
1561703988 25.48
1561704049 25.47
1561704109 25.48
1561704170 25.48
1561704231 25.49
1561704291 25.50
1561704352 25.47
1561704413 25.46
1561704473 25.48
1561704534 25.45
1561704594 25.48
1561704654 25.48
1561704715 25.47
1561704775 25.46
1561704856 25.48
1561704917 25.49
1561704978 25.47
1561705038 25.48
1561705099 25.47
1561705160 25.46
1561705220 25.46
1561705282 25.49
1561705343 25.47
1561705403 25.45
1561705463 25.51
1561705526 25.46
1561705587 25.50
1561705647 25.48
1561705708 25.48
1561705768 25.47
1561705828 25.49
1561705889 25.48
1561705950 25.49
1561706010 25.48
1561706071 25.48
1561706131 25.48
1561706191 25.50
1561706252 25.47
1561706313 25.48
1561706374 25.48
1561706434 25.46
1561706494 25.46
1561706555 25.48
1561706615 25.48
1561706676 25.48
1561706737 25.48
1561706797 25.50
1561706857 25.51
1561706918 25.48
1561706978 25.48
1561707039 25.49
1561707099 25.46
1561707160 25.47
1561707220 25.48
1561707281 25.52
1561707342 25.51
1561707403 25.47
1561707464 25.51
1561707524 25.48
1561707585 25.48
1561707646 25.48
1561707706 25.48
1561707766 25.48
1561707827 25.49
1561707888 25.47
1561707948 25.48
1561708008 25.48
1561708069 25.50
1561708130 25.46
1561708191 25.47
1561708251 25.48
1561708312 25.49
1561708373 25.49
1561708433 25.47
1561708495 25.45
1561708556 25.48
1561708618 25.47
1561708678 25.48
1561708739 25.48
1561708799 25.46
1561708860 25.48
1561708921 25.47
1561708982 25.45
1561709043 25.50
1561709103 25.48
1561709164 25.48
1561709224 25.48
1561709285 25.45
1561709345 25.46
1561709405 25.45
1561709466 25.46
1561709527 25.47
1561709587 25.46
1561709648 25.48
1561709708 25.47
1561709770 25.49
1561709830 25.48
1561709890 25.49
1561709951 25.45
1561710012 25.48
1561710073 25.46
1561710133 25.48
1561710193 25.47
1561710254 25.46
1561710314 25.46
1561710375 25.47
1561710436 25.50
1561710496 25.48
1561710557 25.47
1561710618 25.52
1561710678 25.48
1561710739 25.49
1561710799 25.48
1561710860 25.47
1561710920 25.46
1561710981 25.50
1561711042 25.47
1561711102 25.47
1561711163 25.49
1561711224 25.48
1561711284 25.50
1561711345 25.48
1561711405 25.48
1561711465 25.48
1561711526 25.47
1561711587 25.47
1561711647 25.52
1561711708 25.50
1561711768 25.47
1561711829 25.46
1561711890 25.46
1561711950 25.49
1561712011 25.48
1561712071 25.46
1561712132 25.47
1561712192 25.47
1561712253 25.47
1561712313 25.44
1561712374 25.46
1561712435 25.48
1561712495 25.43
1561712556 25.47
1561712616 25.46
1561712676 25.46
1561712737 25.42
1561712798 25.46
1561712858 25.47
1561712918 25.46
1561712979 25.46
1561713039 25.47
1561713100 25.47
1561713160 25.44
1561713221 25.43
1561713281 25.44
1561713342 25.42
1561713402 25.44
1561713463 25.42
1561713523 25.43
1561713584 25.42
1561713645 25.42
1561713705 25.44
1561713765 25.43
1561713826 25.44
1561713886 25.40
1561713947 25.42
1561714007 25.40
1561714068 25.42
1561714128 25.42
1561714189 25.42
1561714249 25.42
1561714310 25.39
1561714370 25.39
1561714430 25.37
1561714491 25.37
1561714551 25.43
1561714612 25.38
1561714672 25.40
1561714733 25.33
1561714793 25.38
1561714853 25.35
1561714914 25.32
1561714974 25.33
1561715035 25.36
1561715096 25.35
1561715156 25.33
1561715217 25.33
1561715277 25.32
1561715338 25.28
1561715398 25.41
1561715459 25.37
1561715519 25.38
1561715580 25.35
1561715640 25.36
1561715701 25.33
1561715762 25.39
1561715822 25.35
1561715883 25.31
1561715943 25.33
1561716004 25.30
1561716064 25.36
1561716125 25.38
1561716186 25.37
1561716246 25.28
1561716307 25.28
1561716367 25.32
1561716427 25.29
1561716488 25.26
1561716549 25.28
1561716610 25.33
1561716670 25.33
1561716732 25.30
1561716792 25.30
1561716853 25.28
1561716914 25.35
1561716974 25.29
1561717035 25.31
1561717096 25.36
1561717156 25.36
1561717216 25.30
1561717277 25.30
1561717337 25.30
1561717398 25.28
1561717459 25.27
1561717519 25.32
1561717580 25.28
1561717641 25.29
1561717701 25.28
1561717761 25.30
1561717822 25.30
1561717883 25.27
1561717943 25.26
1561718004 25.25
1561718064 25.28
1561718125 25.24
1561718186 25.26
1561718246 25.28
1561718307 25.27
1561718368 25.22
1561718428 25.25
1561718489 25.25
1561718549 25.27
1561718610 25.25
1561718670 25.27
1561718731 25.26
1561718792 25.26
1561718852 25.30
1561718913 25.28
1561718973 25.30
1561719034 25.27
1561719095 25.25
1561719155 25.28
1561719216 25.22
1561719276 25.28
1561719337 25.27
1561719398 25.22
1561719458 25.28
1561719519 25.30
1561719580 25.24
1561719640 25.33
1561719700 25.28
1561719761 25.27
1561719823 25.26
1561719884 25.25
1561719944 25.26
1561720005 25.23
1561720065 25.25
1561720125 25.26
1561720186 25.24
1561720247 25.19
1561720308 25.25
1561720368 25.25
1561720429 25.24
1561720489 25.30
1561720550 25.26
1561720611 25.28
1561720672 25.28
1561720732 25.29
1561720793 25.30
1561720854 25.22
1561720915 25.26
1561720975 25.24
1561721036 25.19
1561721096 25.22
1561721157 25.25
1561721218 25.23
1561721278 25.20
1561721339 25.20
1561721400 25.20
1561721460 25.18
1561721521 25.21
1561721581 25.25
1561721642 25.22
1561721702 25.16
1561721763 25.23
1561721824 25.17
1561721884 25.22
1561721945 25.19
1561722005 25.21
1561722066 25.21
1561722126 25.21
1561722186 25.21
1561722247 25.20
1561722310 25.19
1561722373 25.20
1561722435 25.18
1561722498 25.18
1561722561 25.15
1561722623 25.16
1561722686 25.18
1561722748 25.17
1561722811 25.14
1561722873 25.14
1561722936 25.17
1561722999 25.14
1561723062 25.18
1561723124 25.16
1561723187 25.15
1561723250 25.17
1561723312 25.15
1561723375 25.17
1561723437 25.15
1561723500 25.13
1561723562 25.12
1561723625 25.13
1561723688 25.19
1561723751 25.10
1561723814 25.15
1561723876 25.13
1561723939 25.12
1561724002 25.15
1561724064 25.10
1561724127 25.11
1561724190 25.12
1561724252 25.17
1561724315 25.12
1561724377 25.14
1561724440 25.12
1561724503 25.14
1561724565 25.13
1561724628 25.11
1561724691 25.09
1561724754 25.09
1561724816 25.08
1561724879 25.05
1561724941 25.11
1561725004 25.12
1561725066 25.12
1561725129 25.07
1561725192 25.09
1561725254 25.08
1561725316 25.09
1561725379 25.11
1561725441 25.09
1561725504 25.09
1561725567 25.08
1561725630 25.09
1561725693 25.14
1561725756 25.06
1561725819 25.09
1561725881 25.08
1561725944 25.08
1561726006 25.09
1561726068 25.11
1561726131 25.12
1561726194 25.08
1561726257 25.08
1561726319 25.09
1561726382 25.06
1561726444 25.05
1561726507 25.08
1561726570 25.07
1561726632 25.11
1561726695 25.05
1561726758 25.13
1561726820 25.10
1561726883 25.06
1561726945 25.10
1561727008 25.05
1561727071 25.06
1561727133 25.04
1561727196 25.04
1561727258 25.06
1561727320 25.06
1561727383 25.04
1561727445 25.06
1561727508 25.06
1561727570 25.06
1561727633 25.04
1561727696 25.10
1561727758 25.02
1561727821 25.06
1561727883 25.03
1561727946 25.05
1561728009 25.06
1561728072 25.05
1561728134 25.07
1561728197 25.08
1561728259 25.04
1561728322 25.05
1561728385 25.08
1561728448 25.07
1561728510 25.06
1561728573 25.08
1561728636 25.03
1561728699 25.05
1561728761 25.07
1561728824 25.07
1561728887 25.03
1561728949 25.04
1561729012 25.04
1561729074 25.06
1561729137 25.01
1561729199 25.04
1561729262 25.05
1561729325 25.03
1561729387 25.03
1561729450 25.03
1561729512 25.05
1561729575 25.03
1561729638 25.03
1561729700 25.03
1561729763 25.04
1561729826 25.02
1561729888 25.01
1561729951 25.05
1561730014 25.06
1561730076 25.02
1561730139 25.04
1561730202 25.01
1561730265 25.02
1561730328 25.04
1561730390 25.02
1561730453 25.01
1561730515 25.01
1561730578 25.00
1561730641 25.02
1561730703 25.01
1561730766 25.01
1561730829 25.03
1561730891 25.01
1561730954 25.03
1561731016 25.01
1561731079 25.03
1561731142 25.01
1561731205 25.00
1561731267 25.00
1561731329 25.01
1561731392 25.00
1561731454 25.04
1561731517 25.04
1561731579 25.02
1561731641 25.01
1561731704 25.01
1561731766 25.00
1561731829 25.02
1561731891 25.03
1561731954 25.03
1561732017 25.00
1561732079 25.01
1561732142 25.02
1561732204 25.02
1561732267 24.99
1561732330 24.99
1561732393 24.99
1561732455 25.00
1561732518 25.00
1561732581 25.00
1561732644 25.01
1561732706 25.00
1561732769 25.00
1561732832 25.01
1561732894 25.01
1561732957 25.00
1561733019 25.00
1561733082 25.00
1561733145 24.99
1561733207 25.00
1561733270 25.00
1561733332 24.99
1561733395 25.02
1561733458 25.00
1561733520 25.01
1561733583 25.00
1561733646 25.00
1561733708 24.98
1561733771 25.01
1561733834 24.99
1561733897 25.01
1561733960 25.02
1561734022 25.00
1561734084 24.99
1561734147 24.99
1561734210 24.99
1561734272 24.99
1561734335 25.00
1561734398 24.99
1561734460 24.99
1561734523 24.99
1561734586 24.99
1561734649 24.99
1561734711 24.97
1561734774 24.99
1561734836 24.99
1561734899 24.99
1561734961 24.97
1561735023 25.00
1561735086 25.00
1561735148 24.99
1561735211 24.99
1561735274 24.99
1561735336 25.00
1561735399 24.99
1561735461 24.96
1561735524 25.00
1561735586 25.00
1561735649 24.98
1561735711 24.99
1561735774 24.99
1561735836 25.00
1561735899 24.98
1561735962 24.99
1561736024 24.97
1561736087 24.97
1561736149 25.00
1561736212 24.97
1561736275 24.98
1561736337 24.99
1561736400 24.98
1561736463 25.00
1561736526 24.99
1561736588 25.00
1561736651 24.99
1561736713 25.00
1561736776 25.00
1561736838 25.00
1561736901 24.99
1561736964 24.99
1561737026 25.03
1561737088 25.00
1561737151 24.99
1561737212 24.96
1561737275 24.99
1561737338 24.97
1561737400 24.97
1561737463 24.98
1561737525 24.98
1561737588 24.97
1561737650 24.97
1561737713 24.97
1561737776 24.96
1561737839 24.98
1561737900 24.94
1561737962 24.96
1561738025 25.00
1561738087 24.98
1561738150 25.00
1561738212 24.99
1561738275 24.99
1561738338 24.97
1561738400 24.99
1561738463 25.00
1561738526 24.98
1561738588 24.98
1561738651 24.99
1561738714 24.98
1561738776 24.99
1561738839 24.97
1561738902 25.00
1561738965 24.98
1561739027 24.99
1561739090 24.99
1561739152 25.00
1561739215 25.00
1561739278 24.99
1561739340 24.99
1561739403 24.98
1561739465 25.00
1561739528 24.98
1561739591 25.01
1561739653 25.00
1561739716 24.99
1561739779 24.99
1561739841 25.00
1561739904 25.00
1561739967 25.00
1561740029 24.99
1561740092 25.00
1561740154 24.99
1561740217 24.99
1561740279 25.01
1561740342 24.99
1561740404 24.98
1561740467 24.96
1561740529 25.00
1561740592 25.00
1561740654 24.99
1561740717 25.00
1561740780 25.00
1561740843 24.99
1561740905 25.00
1561740966 25.00
1561741029 25.00
1561741092 25.00
1561741155 24.98
1561741218 25.00
1561741280 24.99
1561741343 24.98
1561741406 24.99
1561741468 25.00
1561741530 24.98
1561741593 25.00
1561741656 25.01
1561741719 25.00
1561741782 25.00
1561741844 24.99
1561741907 24.99
1561741970 24.99
1561742032 24.99
1561742095 25.00
1561742158 24.99
1561742220 24.99
1561742283 24.99
1561742345 25.02
1561742407 24.99
1561742470 25.00
1561742532 24.98
1561742595 25.00
1561742658 25.00
1561742720 25.00
1561742783 25.00
1561742846 25.00
1561742908 25.00
1561742971 24.99
1561743033 25.00
1561743096 25.00
1561743158 25.00
1561743221 24.99
1561743284 25.01
1561743346 24.98
1561743409 24.99
1561743472 25.01
1561743535 24.99
1561743597 25.01
1561743660 24.99
1561743723 24.99
1561743786 24.99
1561743848 24.98
1561743911 24.97
1561743974 25.00
1561744037 24.98
1561744099 24.97
1561744162 24.99
1561744225 24.97
1561744288 24.94
1561744350 25.00
1561744413 24.99
1561744475 24.99
1561744538 24.99
1561744601 24.97
1561744663 24.96
1561744726 24.99
1561744788 24.96
1561744851 24.97
1561744913 24.97
1561744976 24.96
1561745038 24.96
1561745101 24.96
1561745163 24.95
1561745226 24.99
1561745289 24.96
1561745352 24.99
1561745414 24.98
1561745477 24.99
1561745539 24.97
1561745602 24.99
1561745665 24.98
1561745727 24.96
1561745790 25.00
1561745852 24.99
1561745915 24.99
1561745978 25.00
1561746040 24.99
1561746103 24.97
1561746165 24.98
1561746228 25.01
1561746290 24.99
1561746353 24.97
1561746415 24.97
1561746478 24.98
1561746540 24.99
1561746603 24.98
1561746666 24.98
1561746728 24.98
1561746791 25.00
1561746853 24.99
1561746916 24.98
1561746978 24.99
1561747040 24.98
1561747103 24.97
1561747165 25.00
1561747228 24.99
1561747290 24.98
1561747353 24.99
1561747415 24.99
1561747478 25.00
1561747540 24.97
1561747603 24.99
1561747666 24.98
1561747729 24.98
1561747792 24.97
1561747854 24.98
1561747917 24.97
1561747979 24.97
1561748042 24.99
1561748105 24.98
1561748167 25.01
1561748230 24.98
1561748293 24.99
1561748356 24.95
1561748418 24.95
1561748481 24.97
1561748543 24.98
1561748605 24.96
1561748668 24.98
1561748731 24.95
1561748793 24.96
1561748856 24.97
1561748919 24.97
1561748981 24.99
1561749044 24.97
1561749107 24.96
1561749170 24.95
1561749232 24.97
1561749295 24.92
1561749358 24.96
1561749420 24.97
1561749483 24.93
1561749545 24.97
1561749608 24.96
1561749670 24.97
1561749733 24.97
1561749795 24.94
1561749858 24.97
1561749921 24.96
1561749983 24.97
1561750045 24.96
1561750108 24.94
1561750171 24.97
1561750233 24.95
1561750296 24.96
1561750359 24.96
1561750421 24.94
1561750484 24.98
1561750546 24.94
1561750609 24.96
1561750672 24.96
1561750734 24.93
1561750797 24.94
1561750860 24.94
1561750923 24.98
1561750985 24.93
1561751048 24.90
1561751111 24.94
1561751173 24.92
1561751236 24.96
1561751299 24.95
1561751361 24.93
1561751424 24.96
1561751486 24.94
1561751549 24.95
1561751612 24.93
1561751674 24.91
1561751737 24.95
1561751799 24.94
1561751862 24.94
1561751925 24.92
1561751987 24.94
1561752049 24.90
1561752112 24.92
1561752175 24.91
1561752237 24.95
1561752300 24.93
1561752363 24.95
1561752426 24.93
1561752489 24.95
1561752551 24.96
1561752614 24.88
1561752677 24.94
1561752739 24.97
1561752802 24.94
1561752864 24.93
1561752927 24.93
1561752989 24.94
1561753052 24.92
1561753115 24.92
1561753177 24.92
1561753240 24.91
1561753303 24.97
1561753365 24.93
1561753428 24.92
1561753491 24.93
1561753553 24.94
1561753616 24.91
1561753679 24.92
1561753742 24.93
1561753804 24.95
1561753867 24.89
1561753930 24.91
1561753992 24.91
1561754055 24.91
1561754118 24.94
1561754180 24.91
1561754243 24.91
1561754306 24.92
1561754368 24.92
1561754431 24.90
1561754494 24.92
1561754557 24.92
1561754619 24.91
1561754682 24.91
1561754745 24.91
1561754807 24.86
1561754870 24.91
1561754932 24.91
1561754993 24.92
1561755056 24.87
1561755119 24.86
1561755181 24.86
1561755244 24.89
1561755307 24.91
1561755370 24.83
1561755433 24.89
1561755495 24.86
1561755558 24.91
1561755621 24.90
1561755683 24.92
1561755746 24.91
1561755809 24.94
1561755871 24.91
1561755934 24.84
1561755997 24.89
1561756059 24.91
1561756122 24.95
1561756184 24.83
1561756247 24.90
1561756309 24.92
1561756372 24.93
1561756434 24.90
1561756497 24.93
1561756559 24.91
1561756622 24.89
1561756684 24.92
1561756747 24.91
1561756808 24.86
1561756870 24.86
1561756933 24.87
1561756995 24.93
1561757058 24.88
1561757121 24.90
1561757183 24.90
1561757246 24.84
1561757309 24.87
1561757371 24.87
1561757433 24.91
1561757496 24.94
1561757558 24.89
1561757621 24.91
1561757682 24.92
1561757744 24.88
1561757807 24.91
1561757869 24.90
1561757932 24.92
1561757994 24.92
1561758057 24.93
1561758120 24.94
1561758182 24.89
1561758245 24.92
1561758307 24.87
1561758370 24.91
1561758433 24.88
1561758495 24.92
1561758558 24.91
1561758621 24.90
1561758683 24.92
1561758746 24.92
1561758808 24.88
1561758871 24.92
1561758934 24.92
1561758996 24.85
1561759059 24.90
1561759121 24.89
1561759184 24.82
1561759247 24.90
1561759309 24.88
1561759371 24.86
1561759434 24.83
1561759497 24.83
1561759560 24.84
1561759622 24.84
1561759685 24.88
1561759748 24.83
1561759810 24.78
1561759873 24.85
1561759936 24.82
1561759998 24.82
1561760061 24.83
1561760124 24.83
1561760186 24.82
1561760249 24.83
1561760312 24.84
1561760375 24.79
1561760437 24.86
1561760500 24.81
1561760562 24.80
1561760625 24.77
1561760687 24.80
1561760749 24.80
1561760812 24.83
1561760875 24.82
1561760937 24.83
1561761000 24.79
1561761062 24.83
1561761125 24.77
1561761187 24.83
1561761250 24.88
1561761312 24.88
1561761375 24.88
1561761438 24.83
1561761501 24.80
1561761563 24.81
1561761626 24.80
1561761688 24.87
1561761751 24.84
1561761813 24.84
1561761876 24.79
1561761939 24.79
1561762001 24.79
1561762064 24.82
1561762126 24.78
1561762189 24.78
1561762251 24.80
1561762313 24.81
1561762376 24.79
1561762439 24.84
1561762501 24.79
1561762564 24.76
1561762626 24.81
1561762689 24.79
1561762751 24.82
1561762813 24.81
1561762876 24.79
1561762939 24.80
1561763001 24.79
1561763064 24.82
1561763127 24.80
1561763189 24.81
1561763252 24.83
1561763314 24.84
1561763377 24.76
1561763440 24.80
1561763502 24.79
1561763565 24.80
1561763627 24.80
1561763689 24.83
1561763752 24.79
1561763814 24.77
1561763877 24.78
1561763940 24.79
1561764002 24.80
1561764065 24.84
1561764127 24.80
1561764190 24.77
1561764252 24.82
1561764315 24.80
1561764378 24.77
1561764439 24.77
1561764501 24.80
1561764564 24.84
1561764627 24.83
1561764689 24.83
1561764751 24.80
1561764814 24.77
1561764876 24.76
1561764939 24.80
1561765001 24.77
1561765064 24.80
1561765127 24.82
1561765189 24.80
1561765252 24.80
1561765314 24.79
1561765377 24.83
1561765439 24.83
1561765502 24.83
1561765565 24.82
1561765627 24.78
1561765690 24.82
1561765752 24.86
1561765815 24.84
1561765877 24.90
1561765940 24.85
1561766003 24.87
1561766065 24.81
1561766128 24.77
1561766190 24.83
1561766253 24.81
1561766315 24.80
1561766377 24.77
1561766440 24.78
1561766503 24.82
1561766565 24.80
1561766628 24.85
1561766691 24.77
1561766753 24.82
1561766816 24.84
1561766879 24.79
1561766942 24.83
1561767004 24.79
1561767066 24.80
1561767129 24.80
1561767191 24.81
1561767254 24.77
1561767316 24.79
1561767379 24.79
1561767442 24.85
1561767504 24.79
1561767567 24.78
1561767629 24.84
1561767692 24.86
1561767754 24.80
1561767817 24.79
1561767879 24.80
1561767942 24.82
1561768004 24.81
1561768067 24.79
1561768130 24.83
1561768192 24.76
1561768255 24.78
1561768318 24.76
1561768380 24.81
1561768443 24.83
1561768506 24.83
1561768569 24.79
1561768631 24.77
1561768694 24.79
1561768756 24.85
1561768819 24.83
1561768881 24.83
1561768944 24.76
1561769007 24.80
1561769069 24.80
1561769132 24.82
1561769194 24.81
1561769257 24.79
1561769320 24.74
1561769383 24.76
1561769445 24.80
1561769507 24.76
1561769570 24.78
1561769632 24.77
1561769695 24.77
1561769758 24.80
1561769820 24.80
1561769882 24.77
1561769945 24.77
1561770007 24.79
1561770070 24.79
1561770132 24.82
1561770195 24.78
1561770258 24.79
1561770320 24.80
1561770382 24.79
1561770444 24.77
1561770506 24.83
1561770569 24.79
1561770631 24.80
1561770694 24.81
1561770757 24.82
1561770819 24.77
1561770880 24.78
1561770943 24.83
1561771005 24.82
1561771068 24.79
1561771131 24.76
1561771193 24.78
1561771256 24.80
1561771319 24.80
1561771382 24.82
1561771444 24.78
1561771507 24.85
1561771570 24.76
1561771632 24.79
1561771695 24.77
1561771757 24.80
1561771820 24.80
1561771883 24.79
1561771945 24.78
1561772008 24.81
1561772071 24.77
1561772133 24.72
1561772196 24.76
1561772259 24.76
1561772321 24.73
1561772384 24.73
1561772446 24.76
1561772509 24.77
1561772571 24.79
1561772634 24.77
1561772697 24.75
1561772760 24.75
1561772823 24.74
1561772885 24.76
1561772948 24.75
1561773011 24.80
1561773073 24.80
1561773136 24.77
1561773198 24.77
1561773261 24.73
1561773323 24.71
1561773386 24.74
1561773448 24.77
1561773511 24.76
1561773574 24.76
1561773634 24.77
1561773697 24.76
1561773759 24.74
1561773822 24.73
1561773885 24.77
1561773947 24.76
1561774010 24.72
1561774073 24.75
1561774135 24.77
1561774198 24.76
1561774260 24.79
1561774322 24.74
1561774385 24.74
1561774447 24.80
1561774510 24.77
1561774573 24.75
1561774636 24.78
1561774699 24.73
1561774762 24.73
1561774825 24.74
1561774888 24.78
1561774950 24.71
1561775013 24.76
1561775075 24.73
1561775138 24.72
1561775200 24.74
1561775263 24.74
1561775325 24.72
1561775388 24.73
1561775451 24.73
1561775514 24.76
1561775576 24.74
1561775639 24.76
1561775702 24.78
1561775764 24.76
1561775827 24.76
1561775890 24.77
1561775952 24.77
1561776015 24.70
1561776078 24.71
1561776139 24.73
1561776201 24.73
1561776264 24.75
1561776327 24.70
1561776389 24.71
1561776452 24.73
1561776514 24.71
1561776575 24.69
1561776638 24.70
1561776701 24.71
1561776764 24.68
1561776826 24.75
1561776889 24.72
1561776951 24.73
1561777014 24.79
1561777076 24.75
1561777139 24.73
1561777202 24.74
1561777265 24.71
1561777326 24.72
1561777388 24.74
1561777451 24.76
1561777513 24.72
1561777576 24.69
1561777638 24.70
1561777701 24.71
1561777764 24.72
1561777826 24.72
1561777889 24.71
1561777952 24.70
1561778014 24.70
1561778077 24.69
1561778140 24.73
1561778202 24.72
1561778264 24.73
1561778327 24.75
1561778390 24.69
1561778453 24.71
1561778516 24.71
1561778578 24.70
1561778641 24.70
1561778703 24.69
1561778766 24.73
1561778828 24.73
1561778891 24.68
1561778953 24.69
1561779016 24.72
1561779079 24.72
1561779141 24.69
1561779204 24.72
1561779266 24.69
1561779329 24.73
1561779391 24.67
1561779454 24.72
1561779517 24.68
1561779579 24.73
1561779642 24.71
1561779704 24.73
1561779767 24.66
1561779830 24.70
1561779893 24.69
1561779955 24.68
1561780018 24.67
1561780080 24.69
1561780143 24.65
1561780205 24.68
1561780268 24.66
1561780330 24.64
1561780393 24.69
1561780455 24.65
1561780518 24.65
1561780581 24.67
1561780644 24.71
1561780706 24.67
1561780769 24.67
1561780831 24.71
1561780894 24.72
1561780957 24.72
1561781020 24.66
1561781082 24.71
1561781144 24.69
1561781207 24.68
1561781270 24.68
1561781332 24.68
1561781395 24.68
1561781458 24.69
1561781520 24.67
1561781583 24.68
1561781646 24.68
1561781708 24.68
1561781771 24.71
1561781833 24.69
1561781896 24.65
1561781958 24.66
1561782020 24.66
1561782083 24.71
1561782146 24.71
1561782207 24.71
1561782269 24.65
1561782332 24.66
1561782395 24.68
1561782458 24.67
1561782520 24.71
1561782582 24.64
1561782645 24.69
1561782707 24.71
1561782770 24.67
1561782832 24.71
1561782895 24.68
1561782958 24.65
1561783020 24.68
1561783083 24.67
1561783146 24.65
1561783208 24.63
1561783271 24.67
1561783333 24.68
1561783396 24.68
1561783459 24.68
1561783521 24.67
1561783584 24.66
1561783645 24.62
1561783708 24.64
1561783770 24.68
1561783833 24.64
1561783896 24.66
1561783958 24.64
1561784021 24.67
1561784084 24.64
1561784146 24.63
1561784209 24.64
1561784271 24.66
1561784334 24.59
1561784396 24.60
1561784459 24.59
1561784522 24.60
1561784584 24.62
1561784647 24.61
1561784710 24.59
1561784772 24.61
1561784835 24.60
1561784898 24.64
1561784961 24.61
1561785023 24.62
1561785086 24.66
1561785148 24.60
1561785211 24.61
1561785274 24.64
1561785336 24.59
1561785399 24.61
1561785461 24.64
1561785524 24.63
1561785586 24.64
1561785649 24.64
1561785711 24.61
1561785774 24.60
1561785836 24.59
1561785899 24.59
1561785961 24.64
1561786024 24.61
1561786086 24.61
1561786149 24.61
1561786211 24.61
1561786273 24.63
1561786336 24.63
1561786398 24.64
1561786461 24.61
1561786524 24.61
1561786586 24.59
1561786649 24.64
1561786712 24.61
1561786774 24.56
1561786837 24.67
1561786900 24.62
1561786962 24.60
1561787025 24.63
1561787088 24.62
1561787151 24.59
1561787213 24.61
1561787276 24.61
1561787339 24.63
1561787402 24.65
1561787464 24.60
1561787527 24.62
1561787590 24.59
1561787653 24.60
1561787716 24.61
1561787778 24.61
1561787841 24.62
1561787904 24.62
1561787966 24.58
1561788029 24.61
1561788092 24.62
1561788154 24.60
1561788217 24.60
1561788279 24.61
1561788342 24.59
1561788404 24.60
1561788467 24.58
1561788530 24.60
1561788593 24.57
1561788656 24.61
1561788719 24.56
1561788781 24.61
1561788844 24.59
1561788906 24.62
1561788968 24.58
1561789031 24.59
1561789094 24.53
1561789156 24.61
1561789219 24.56
1561789282 24.57
1561789344 24.58
1561789407 24.56
1561789470 24.59
1561789533 24.61
1561789595 24.56
1561789658 24.56
1561789721 24.59
1561789783 24.59
1561789846 24.58
1561789909 24.57
1561789972 24.57
1561790034 24.57
1561790097 24.59
1561790159 24.62
1561790221 24.56
1561790284 24.54
1561790347 24.56
1561790410 24.54
1561790472 24.58
1561790535 24.56
1561790598 24.57
1561790660 24.58
1561790723 24.54
1561790786 24.60
1561790848 24.59
1561790911 24.56
1561790974 24.56
1561791037 24.62
1561791099 24.54
1561791162 24.58
1561791224 24.59
1561791288 24.59
1561791350 24.54
1561791413 24.59
1561791475 24.53
1561791538 24.54
1561791600 24.54
1561791663 24.56
1561791726 24.54
1561791788 24.56
1561791851 24.57
1561791913 24.55
1561791976 24.55
1561792038 24.56
1561792101 24.55
1561792164 24.51
1561792226 24.56
1561792289 24.56
1561792351 24.56
1561792413 24.58
1561792476 24.54
1561792539 24.58
1561792601 24.52
1561792664 24.55
1561792727 24.55
1561792790 24.57
1561792853 24.54
1561792915 24.56
1561792978 24.57
1561793040 24.55
1561793103 24.58
1561793166 24.53
1561793229 24.59
1561793291 24.54
1561793354 24.54
1561793417 24.57
1561793480 24.64
1561793542 24.55
1561793605 24.56
1561793668 24.53
1561793730 24.59
1561793792 24.53
1561793855 24.52
1561793917 24.56
1561793979 24.53
1561794042 24.56
1561794104 24.53
1561794167 24.54
1561794230 24.54
1561794292 24.56
1561794354 24.56
1561794417 24.59
1561794479 24.58
1561794542 24.53
1561794605 24.55
1561794668 24.54
1561794730 24.52
1561794793 24.51
1561794855 24.53
1561794918 24.54
1561794981 24.54
1561795043 24.51
1561795106 24.53
1561795168 24.52
1561795231 24.55
1561795293 24.53
1561795356 24.55
1561795418 24.51
1561795481 24.53
1561795544 24.53
1561795606 24.52
1561795669 24.54
1561795732 24.51
1561795794 24.51
1561795857 24.53
1561795920 24.51
1561795982 24.53
1561796045 24.54
1561796107 24.52
1561796170 24.51
1561796232 24.53
1561796295 24.53
1561796358 24.53
1561796420 24.53
1561796482 24.55
1561796545 24.52
1561796607 24.54
1561796670 24.52
1561796732 24.51
1561796795 24.51
1561796857 24.50
1561796920 24.53
1561796983 24.53
1561797045 24.53
1561797108 24.54
1561797171 24.54
1561797233 24.54
1561797295 24.56
1561797358 24.53
1561797421 24.51
1561797484 24.52
1561797546 24.50
1561797609 24.53
1561797672 24.54
1561797735 24.53
1561797798 24.56
1561797860 24.50
1561797923 24.50
1561797985 24.51
1561798048 24.52
1561798111 24.53
1561798173 24.53
1561798236 24.52
1561798299 24.51
1561798361 24.53
1561798424 24.51
1561798487 24.50
1561798549 24.51
1561798611 24.52
1561798674 24.51
1561798737 24.50
1561798799 24.52
1561798862 24.49
1561798924 24.52
1561798987 24.49
1561799050 24.52
1561799112 24.49
1561799175 24.52
1561799238 24.53
1561799301 24.53
1561799364 24.51
1561799427 24.50
1561799489 24.53
1561799552 24.53
1561799614 24.52
1561799677 24.53
1561799739 24.52
1561799802 24.51
1561799864 24.51
1561799927 24.52
1561799989 24.51
1561800052 24.51
1561800115 24.54
1561800177 24.51
1561800240 24.50
1561800302 24.53
1561800365 24.50
1561800427 24.49
1561800490 24.51
1561800552 24.49
1561800614 24.51
1561800677 24.52
1561800740 24.49
1561800803 24.51
1561800865 24.53
1561800928 24.51
1561800990 24.52
1561801053 24.53
1561801116 24.53
1561801178 24.49
1561801241 24.51
1561801304 24.52
1561801366 24.53
1561801429 24.51
1561801491 24.54
1561801554 24.51
1561801617 24.51
1561801680 24.53
1561801742 24.49
1561801805 24.51
1561801867 24.49
1561801930 24.48
1561801992 24.50
1561802055 24.48
1561802117 24.49
1561802179 24.51
1561802242 24.53
1561802305 24.50
1561802367 24.53
1561802430 24.53
1561802493 24.54
1561802555 24.51
1561802617 24.51
1561802680 24.48
1561802743 24.49
1561802805 24.46
1561802868 24.48
1561802931 24.49
1561802994 24.51
1561803057 24.48
1561803119 24.50
1561803182 24.49
1561803244 24.51
1561803307 24.51
1561803369 24.49
1561803432 24.50
1561803495 24.50
1561803557 24.48
1561803620 24.51
1561803683 24.49
1561803746 24.48
1561803808 24.52
1561803871 24.49
1561803933 24.52
1561803996 24.51
1561804059 24.48
1561804121 24.50
1561804184 24.51
1561804246 24.51
1561804309 24.51
1561804372 24.51
1561804434 24.49
1561804497 24.49
1561804560 24.51
1561804622 24.50
1561804685 24.49
1561804748 24.48
1561804810 24.54
1561804873 24.50
1561804936 24.49
1561804999 24.49
1561805062 24.49
1561805124 24.50
1561805187 24.49
1561805250 24.48
1561805313 24.49
1561805376 24.48
1561805438 24.49
1561805501 24.51
1561805564 24.50
1561805626 24.51
1561805689 24.50
1561805752 24.47
1561805814 24.50
1561805877 24.52
1561805940 24.49
1561806002 24.53
1561806065 24.49
1561806128 24.49
1561806190 24.51
1561806253 24.47
1561806315 24.48
1561806378 24.50
1561806440 24.49
1561806503 24.50
1561806566 24.51
1561806628 24.49
1561806690 24.48
1561806753 24.49
1561806816 24.51
1561806878 24.48
1561806941 24.51
1561807004 24.49
1561807066 24.48
1561807129 24.48
1561807191 24.47
1561807254 24.47
1561807317 24.48
1561807379 24.49
1561807442 24.48
1561807504 24.49
1561807567 24.49
1561807629 24.53
1561807692 24.49
1561807754 24.48
1561807817 24.47
1561807879 24.48
1561807942 24.48
1561808005 24.48
1561808067 24.48
1561808130 24.49
1561808193 24.48
1561808256 24.47
1561808318 24.48
1561808381 24.46
1561808443 24.45
1561808506 24.48
1561808568 24.48
1561808631 24.47
1561808693 24.49
1561808756 24.49
1561808818 24.47
1561808881 24.45
1561808944 24.48
1561809006 24.46
1561809069 24.47
1561809132 24.45
1561809195 24.48
1561809257 24.46
1561809320 24.49
1561809383 24.47
1561809445 24.45
1561809508 24.49
1561809570 24.48
1561809633 24.46
1561809695 24.48
1561809758 24.46
1561809820 24.49
1561809883 24.46
1561809946 24.47
1561810008 24.46
1561810071 24.47
1561810134 24.48
1561810197 24.48
1561810260 24.48
1561810322 24.45
1561810385 24.48
1561810448 24.46
1561810510 24.47
1561810573 24.47
1561810636 24.46
1561810699 24.48
1561810761 24.48
1561810824 24.45
1561810886 24.47
1561810949 24.45
1561811012 24.44
1561811075 24.45
1561811137 24.46
1561811200 24.49
1561811262 24.46
1561811325 24.48
1561811387 24.44
1561811450 24.46
1561811512 24.45
1561811575 24.47
1561811638 24.46
1561811701 24.43
1561811763 24.44
1561811826 24.45
1561811889 24.44
1561811951 24.44
1561812014 24.45
1561812077 24.45
1561812140 24.44
1561812202 24.43
1561812265 24.47
1561812327 24.46
1561812390 24.45
1561812453 24.47
1561812515 24.48
1561812578 24.46
1561812641 24.46
1561812704 24.46
1561812766 24.45
1561812829 24.46
1561812892 24.42
1561812954 24.45
1561813017 24.45
1561813080 24.42
1561813142 24.45
1561813205 24.42
1561813268 24.47
1561813331 24.45
1561813393 24.43
1561813456 24.45
1561813518 24.45
1561813581 24.42
1561813643 24.45
1561813706 24.46
1561813768 24.47
1561813831 24.45
1561813893 24.48
1561813956 24.47
1561814019 24.47
1561814082 24.44
1561814144 24.44
1561814208 24.43
1561814270 24.43
1561814332 24.44
1561814395 24.48
1561814458 24.45
1561814520 24.44
1561814583 24.45
1561814645 24.46
1561814708 24.45
1561814770 24.44
1561814833 24.44
1561814895 24.45
1561814958 24.42
1561815020 24.48
1561815083 24.45
1561815145 24.46
1561815208 24.43
1561815271 24.44
1561815333 24.46
1561815396 24.45
1561815458 24.44
1561815521 24.45
1561815584 24.46
1561815647 24.44
1561815709 24.46
1561815772 24.45
1561815835 24.48
1561815898 24.48
1561815960 24.45
1561816023 24.45
1561816085 24.45
1561816147 24.44
1561816209 24.48
1561816272 24.45
1561816335 24.45
1561816398 24.41
1561816460 24.48
1561816523 24.46
1561816585 24.43
1561816648 24.43
1561816711 24.42
1561816773 24.46
1561816836 24.45
1561816898 24.41
1561816961 24.43
1561817024 24.41
1561817086 24.44
1561817149 24.43
1561817212 24.43
1561817274 24.44
1561817337 24.41
1561817400 24.42
1561817463 24.38
1561817525 24.40
1561817588 24.43
1561817651 24.38
1561817714 24.40
1561817777 24.41
1561817839 24.41
1561817902 24.40
1561817965 24.39
1561818027 24.40
1561818090 24.41
1561818153 24.38
1561818216 24.44
1561818278 24.43
1561818341 24.41
1561818404 24.43
1561818466 24.39
1561818529 24.43
1561818592 24.45
1561818655 24.40
1561818717 24.43
1561818779 24.39
1561818842 24.42
1561818904 24.43
1561818967 24.43
1561819030 24.46
1561819092 24.41
1561819155 24.43
1561819217 24.40
1561819280 24.43
1561819343 24.42
1561819405 24.43
1561819468 24.41
1561819531 24.42
1561819593 24.43
1561819656 24.46
1561819718 24.41
1561819781 24.43
1561819843 24.42
1561819906 24.42
1561819969 24.43
1561820031 24.39
1561820094 24.44
1561820156 24.42
1561820218 24.40
1561820281 24.43
1561820343 24.43
1561820406 24.41
1561820469 24.43
1561820532 24.41
1561820594 24.42
1561820657 24.45
1561820720 24.44
1561820782 24.43
1561820845 24.45
1561820907 24.41
1561820970 24.43
1561821032 24.43
1561821095 24.46
1561821158 24.43
1561821220 24.46
1561821283 24.42
1561821346 24.43
1561821408 24.45
1561821471 24.47
1561821534 24.46
1561821596 24.46
1561821659 24.46
1561821721 24.43
1561821784 24.47
1561821846 24.40
1561821908 24.43
1561821971 24.42
1561822034 24.45
1561822097 24.45
1561822160 24.45
1561822222 24.45
1561822285 24.42
1561822348 24.45
1561822411 24.41
1561822473 24.44
1561822536 24.39
1561822598 24.43
1561822661 24.43
1561822724 24.47
1561822787 24.43
1561822849 24.41
1561822912 24.40
1561822975 24.42
1561823037 24.42
1561823099 24.42
1561823162 24.46
1561823224 24.43
1561823287 24.43
1561823349 24.43
1561823412 24.40
1561823475 24.45
1561823537 24.42
1561823600 24.40
1561823663 24.38
1561823725 24.42
1561823787 24.43
1561823850 24.45
1561823912 24.37
1561823975 24.42
1561824037 24.42
1561824100 24.41
1561824162 24.41
1561824225 24.41
1561824288 24.38
1561824350 24.40
1561824413 24.42
1561824475 24.42
1561824538 24.47
1561824601 24.43
1561824663 24.40
1561824726 24.43
1561824788 24.42
1561824851 24.41
1561824914 24.40
1561824976 24.42
1561825038 24.41
1561825101 24.42
1561825163 24.40
1561825226 24.42
1561825289 24.38
1561825352 24.41
1561825414 24.43
1561825477 24.43
1561825540 24.44
1561825601 24.41
1561825664 24.43
1561825726 24.43
1561825789 24.43
1561825852 24.46
1561825914 24.45
1561825977 24.40
1561826039 24.43
1561826102 24.44
1561826165 24.43
1561826227 24.43
1561826290 24.45
1561826353 24.43
1561826415 24.43
1561826478 24.41
1561826540 24.45
1561826603 24.44
1561826665 24.42
1561826728 24.46
1561826790 24.41
1561826853 24.44
1561826915 24.43
1561826977 24.43
1561827040 24.46
1561827103 24.41
1561827166 24.44
1561827228 24.41
1561827291 24.42
1561827354 24.43
1561827416 24.43
1561827479 24.44
1561827542 24.42
1561827605 24.42
1561827667 24.39
1561827730 24.43
1561827792 24.40
1561827855 24.40
1561827918 24.39
1561827980 24.36
1561828043 24.41
1561828105 24.41
1561828167 24.43
1561828230 24.45
1561828292 24.45
1561828355 24.41
1561828418 24.41
1561828480 24.43
1561828543 24.40
1561828606 24.42
1561828669 24.40
1561828731 24.42
1561828794 24.40
1561828857 24.44
1561828920 24.44
1561828982 24.43
1561829044 24.42
1561829107 24.42
1561829169 24.45
1561829232 24.38
1561829294 24.39
1561829357 24.43
1561829420 24.44
1561829482 24.42
1561829545 24.41
1561829607 24.40
1561829670 24.42
1561829733 24.41
1561829795 24.43
1561829857 24.43
1561829920 24.43
1561829982 24.43
1561830045 24.40
1561830107 24.45
1561830170 24.43
1561830233 24.43
1561830296 24.41
1561830359 24.44
1561830422 24.40
1561830484 24.43
1561830547 24.42
1561830610 24.42
1561830672 24.41
1561830734 24.39
1561830797 24.43
1561830860 24.42
1561830922 24.42
1561830985 24.42
1561831047 24.40
1561831110 24.40
1561831173 24.39
1561831235 24.41
1561831298 24.43
1561831361 24.40
1561831424 24.45
1561831486 24.43
1561831549 24.41
1561831611 24.42
1561831674 24.38
1561831737 24.43
1561831799 24.39
1561831862 24.42
1561831924 24.40
1561831987 24.40
1561832049 24.43
1561832111 24.36
1561832174 24.40
1561832236 24.44
1561832299 24.42
1561832362 24.43
1561832424 24.39
1561832487 24.42
1561832549 24.43
1561832612 24.42
1561832675 24.45
1561832738 24.39
1561832800 24.40
1561832863 24.40
1561832925 24.41
1561832988 24.41
1561833051 24.38
1561833114 24.38
1561833176 24.42
1561833239 24.41
1561833301 24.44
1561833364 24.38
1561833426 24.41
1561833489 24.42
1561833552 24.41
1561833614 24.42
1561833677 24.42
1561833739 24.38
1561833802 24.42
1561833865 24.41
1561833927 24.40
1561833990 24.40
1561834053 24.41
1561834115 24.39
1561834178 24.38
1561834240 24.38
1561834303 24.40
1561834365 24.39
1561834428 24.38
1561834491 24.40
1561834554 24.40
1561834616 24.41
1561834678 24.45
1561834741 24.38
1561834803 24.39
1561834866 24.37
1561834929 24.38
1561834992 24.44
1561835054 24.40
1561835117 24.40
1561835179 24.40
1561835241 24.35
1561835304 24.41
1561835366 24.39
1561835429 24.39
1561835492 24.39
1561835554 24.38
1561835616 24.37
1561835679 24.38
1561835741 24.40
1561835804 24.36
1561835867 24.38
1561835930 24.38
1561835992 24.36
1561836055 24.35
1561836118 24.36
1561836181 24.45
1561836243 24.39
1561836306 24.39
1561836368 24.36
1561836431 24.36
1561836493 24.42
1561836556 24.38
1561836619 24.37
1561836682 24.40
1561836744 24.38
1561836807 24.37
1561836870 24.36
1561836932 24.37
1561836995 24.36
1561837058 24.40
1561837121 24.35
1561837183 24.38
1561837246 24.37
1561837308 24.37
1561837371 24.39
1561837433 24.40
1561837496 24.38
1561837558 24.39
1561837621 24.40
1561837683 24.36
1561837746 24.36
1561837808 24.40
1561837871 24.39
1561837934 24.40
1561837997 24.40
1561838060 24.40
1561838122 24.40
1561838185 24.38
1561838248 24.40
1561838310 24.40
1561838373 24.36
1561838435 24.39
1561838498 24.38
1561838561 24.38
1561838623 24.40
1561838686 24.37
1561838749 24.37
1561838812 24.37
1561838875 24.40
1561838937 24.39
1561839000 24.38
1561839062 24.40
1561839125 24.41
1561839188 24.39
1561839251 24.38
1561839314 24.37
1561839376 24.40
1561839439 24.38
1561839502 24.37
1561839565 24.32
1561839627 24.38
1561839690 24.38
1561839752 24.41
1561839815 24.36
1561839878 24.39
1561839940 24.40
1561840003 24.34
1561840065 24.37
1561840128 24.38
1561840190 24.35
1561840253 24.37
1561840316 24.38
1561840378 24.36
1561840441 24.35
1561840504 24.37
1561840566 24.38
1561840629 24.38
1561840692 24.34
1561840754 24.39
1561840817 24.38
1561840879 24.40
1561840942 24.36
1561841004 24.41
1561841067 24.41
1561841130 24.38
1561841193 24.35
1561841256 24.36
1561841318 24.36
1561841381 24.38
1561841443 24.36
1561841506 24.36
1561841568 24.42
1561841631 24.34
1561841694 24.41
1561841757 24.34
1561841819 24.39
1561841882 24.37
1561841945 24.38
1561842007 24.36
1561842069 24.42
1561842132 24.39
1561842195 24.38
1561842258 24.39
1561842321 24.39
1561842383 24.35
1561842446 24.39
1561842508 24.34
1561842571 24.37
1561842633 24.40
1561842696 24.36
1561842759 24.37
1561842822 24.33
1561842885 24.33
1561842947 24.38
1561843010 24.40
1561843072 24.37
1561843135 24.36
1561843197 24.34
1561843260 24.38
1561843322 24.36
1561843385 24.38
1561843448 24.36
1561843511 24.38
1561843573 24.33
1561843636 24.41
1561843699 24.40
1561843761 24.37
1561843824 24.39
1561843887 24.39
1561843950 24.39
1561844012 24.40
1561844075 24.39
1561844137 24.40
1561844200 24.38
1561844263 24.35
1561844326 24.36
1561844388 24.37
1561844451 24.40
1561844514 24.40
1561844576 24.38
1561844639 24.38
1561844702 24.32
1561844764 24.36
1561844827 24.33
1561844889 24.40
1561844952 24.37
1561845014 24.38
1561845077 24.34
1561845139 24.36
1561845202 24.34
1561845265 24.37
1561845328 24.34
1561845390 24.34
1561845453 24.33
1561845515 24.34
1561845578 24.35
1561845641 24.31
1561845703 24.31
1561845766 24.33
1561845829 24.35
1561845891 24.30
1561845954 24.38
1561846017 24.38
1561846079 24.36
1561846142 24.35
1561846205 24.35
1561846268 24.35
1561846330 24.33
1561846393 24.36
1561846455 24.35
1561846517 24.36
1561846580 24.29
1561846642 24.32
1561846705 24.36
1561846768 24.33
1561846830 24.32
1561846893 24.31
1561846955 24.36
1561847018 24.36
1561847080 24.31
1561847143 24.34
1561847206 24.34
1561847268 24.33
1561847331 24.36
1561847394 24.34
1561847456 24.37
1561847519 24.38
1561847581 24.33
1561847644 24.33
1561847707 24.32
1561847769 24.36
1561847832 24.33
1561847895 24.33
1561847958 24.30
1561848020 24.35
1561848083 24.33
1561848145 24.31
1561848208 24.33
1561848270 24.34
1561848332 24.28
1561848395 24.30
1561848458 24.30
1561848521 24.34
1561848583 24.37
1561848645 24.32
1561848708 24.33
1561848771 24.36
1561848833 24.30
1561848896 24.31
1561848959 24.34
1561849021 24.33
1561849084 24.27
1561849147 24.32
1561849209 24.31
1561849272 24.33
1561849335 24.29
1561849397 24.29
1561849460 24.29
1561849522 24.31
1561849585 24.25
1561849647 24.33
1561849709 24.29
1561849772 24.32
1561849834 24.26
1561849897 24.30
1561849960 24.30
1561850022 24.29
1561850085 24.27
1561850147 24.31
1561850210 24.30
1561850272 24.32
1561850335 24.31
1561850397 24.25
1561850460 24.30
1561850523 24.30
1561850585 24.31
1561850647 24.32
1561850710 24.27
1561850772 24.30
1561850835 24.34
1561850897 24.30
1561850960 24.28
1561851022 24.29
1561851084 24.30
1561851147 24.26
1561851210 24.30
1561851272 24.30
1561851335 24.33
1561851397 24.28
1561851459 24.28
1561851522 24.32
1561851584 24.31
1561851647 24.29
1561851709 24.27
1561851772 24.26
1561851835 24.26
1561851898 24.32
1561851960 24.30
1561852023 24.31
1561852086 24.30
1561852148 24.29
1561852211 24.26
1561852273 24.28
1561852336 24.31
1561852398 24.31
1561852461 24.36
1561852524 24.27
1561852586 24.32
1561852649 24.34
1561852711 24.37
1561852774 24.29
1561852836 24.30
1561852899 24.30
1561852961 24.26
1561853024 24.26
1561853087 24.29
1561853149 24.24
1561853212 24.28
1561853274 24.29
1561853337 24.28
1561853399 24.26
1561853462 24.26
1561853525 24.33
1561853588 24.27
1561853650 24.24
1561853713 24.30
1561853776 24.27
1561853838 24.27
1561853901 24.24
1561853963 24.27
1561854026 24.31
1561854088 24.26
1561854151 24.30
1561854214 24.29
1561854276 24.27
1561854339 24.30
1561854401 24.24
1561854464 24.27
1561854526 24.25
1561854589 24.29
1561854651 24.27
1561854714 24.30
1561854776 24.29
1561854839 24.28
1561854901 24.28
1561854964 24.26
1561855026 24.25
1561855089 24.28
1561855151 24.25
1561855214 24.28
1561855277 24.28
1561855339 24.28
1561855402 24.22
1561855465 24.27
1561855527 24.27
1561855590 24.28
1561855653 24.28
1561855715 24.28
1561855778 24.28
1561855840 24.26
1561855903 24.30
1561855965 24.34
1561856028 24.36
1561856091 24.29
1561856153 24.24
1561856215 24.28
1561856278 24.29
1561856341 24.23
1561856403 24.26
1561856466 24.27
1561856528 24.27
1561856591 24.31
1561856653 24.25
1561856716 24.32
1561856778 24.33
1561856840 24.26
1561856903 24.23
1561856965 24.30
1561857028 24.29
1561857090 24.25
1561857153 24.28
1561857215 24.31
1561857278 24.24
1561857341 24.23
1561857403 24.23
1561857465 24.30
1561857528 24.31
1561857590 24.28
1561857653 24.31
1561857716 24.27
1561857778 24.28
1561857841 24.27
1561857903 24.28
1561857965 24.26
1561858028 24.28
1561858091 24.26
1561858154 24.25
1561858216 24.26
1561858279 24.26
1561858341 24.22
1561858403 24.28
1561858466 24.23
1561858529 24.32
1561858592 24.29
1561858655 24.23
1561858718 24.25
1561858779 24.24
1561858839 24.28
1561858900 24.28
1561858961 24.29
1561859021 24.29
1561859082 24.25
1561859142 24.26
1561859202 24.24
1561859263 24.25
1561859323 24.25
1561859384 24.26
1561859447 24.26
1561859509 24.27
1561859572 24.24
1561859632 24.24
1561859693 24.24
1561859754 24.26
1561859814 24.25
1561859875 24.28
1561859935 24.26
1561859996 24.29
1561860057 24.24
1561860118 24.26
1561860178 24.28
1561860239 24.27
1561860299 24.26
1561860360 24.24
1561860422 24.26
1561860483 24.24
1561860543 24.26
1561860604 24.28
1561860664 24.23
1561860725 24.26
1561860785 24.22
1561860846 24.21
1561860907 24.26
1561860967 24.21
1561861028 24.24
1561861088 24.23
1561861149 24.21
1561861210 24.24
1561861270 24.25
1561861330 24.26
1561861391 24.26
1561861452 24.25
1561861512 24.24
1561861572 24.22
1561861633 24.22
1561861694 24.23
1561861754 24.20
1561861815 24.25
1561861875 24.24
1561861936 24.26
1561861997 24.26
1561862057 24.25
1561862118 24.23
1561862179 24.30
1561862239 24.31
1561862300 24.20
1561862361 24.26
1561862421 24.22
1561862482 24.21
1561862542 24.26
1561862603 24.21
1561862663 24.22
1561862724 24.26
1561862785 24.23
1561862845 24.24
1561862907 24.22
1561862967 24.25
1561863027 24.24
1561863088 24.29
1561863149 24.25
1561863209 24.25
1561863269 24.25
1561863330 24.25
1561863391 24.25
1561863451 24.28
1561863512 24.24
1561863572 24.26
1561863632 24.32
1561863693 24.27
1561863754 24.27
1561863815 24.25
1561863875 24.27
1561863936 24.27
1561863996 24.31
1561864057 24.25
1561864117 24.26
1561864178 24.25
1561864238 24.26
1561864299 24.26
1561864360 24.27
1561864420 24.22
1561864481 24.23
1561864542 24.27
1561864602 24.25
1561864663 24.27
1561864723 24.26
1561864784 24.26
1561864845 24.30
1561864905 24.24
1561864965 24.34
1561865026 24.27
1561865086 24.25
1561865147 24.25
1561865207 24.24
1561865268 24.24
1561865328 24.24
1561865390 24.24
1561865450 24.24
1561865511 24.23
1561865571 24.23
1561865631 24.28
1561865692 24.28
1561865752 24.24
1561865813 24.24
1561865875 24.26
1561865935 24.21
1561865996 24.24
1561866056 24.26
1561866117 24.25
1561866178 24.25
1561866239 24.24
1561866299 24.24
1561866360 24.20
1561866420 24.24
1561866482 24.23
1561866543 24.27
1561866604 24.27
1561866664 24.28
1561866725 24.25
1561866785 24.19
1561866846 24.26
1561866907 24.27
1561866967 24.25
1561867028 24.28
1561867088 24.25
1561867149 24.24
1561867209 24.24
1561867269 24.25
1561867330 24.26
1561867390 24.24
1561867451 24.22
1561867512 24.26
1561867572 24.24
1561867633 24.25
1561867693 24.25
1561867754 24.25
1561867816 24.25
1561867876 24.26
1561867937 24.23
1561867998 24.26
1561868058 24.24
1561868119 24.24
1561868179 24.28
1561868239 24.28
1561868299 24.32
1561868360 24.26
1561868421 24.27
1561868481 24.26
1561868542 24.24
1561868602 24.25
1561868663 24.28
1561868723 24.24
1561868784 24.22
1561868845 24.22
1561868905 24.25
1561868966 24.20
1561869026 24.20
1561869087 24.21
1561869147 24.22
1561869208 24.26
1561869268 24.25
1561869329 24.23
1561869389 24.24
1561869449 24.26
1561869510 24.24
1561869570 24.20
1561869631 24.18
1561869692 24.25
1561869752 24.20
1561869813 24.26
1561869873 24.25
1561869934 24.23
1561869995 24.22
1561870055 24.23
1561870116 24.22
1561870177 24.22
1561870237 24.23
1561870298 24.25
1561870358 24.21
1561870418 24.24
1561870479 24.22
1561870539 24.22
1561870600 24.23
1561870661 24.28
1561870721 24.24
1561870782 24.28
1561870843 24.27
1561870904 24.28
1561870964 24.23
1561871025 24.21
1561871086 24.27
1561871146 24.24
1561871206 24.28
1561871267 24.29
1561871328 24.25
1561871389 24.26
1561871449 24.24
1561871509 24.24
1561871570 24.25
1561871630 24.26
1561871691 24.28
1561871752 24.24
1561871812 24.26
1561871873 24.27
1561871933 24.29
1561871994 24.26
1561872055 24.26
1561872115 24.26
1561872176 24.27
1561872236 24.22
1561872297 24.24
1561872358 24.26
1561872418 24.26
1561872479 24.26
1561872539 24.30
1561872600 24.24
1561872661 24.24
1561872721 24.30
1561872781 24.23
1561872842 24.30
1561872902 24.28
1561872963 24.26
1561873023 24.26
1561873083 24.24
1561873144 24.23
1561873204 24.26
1561873264 24.30
1561873325 24.27
1561873385 24.24
1561873446 24.23
1561873506 24.26
1561873566 24.28
1561873626 24.28
1561873687 24.31
1561873748 24.25
1561873809 24.28
1561873869 24.24
1561873930 24.30
1561873991 24.24
1561874051 24.23
1561874111 24.28
1561874172 24.26
1561874232 24.26
1561874293 24.29
1561874353 24.27
1561874413 24.25
1561874474 24.25
1561874534 24.33
1561874595 24.24
1561874655 24.28
1561874716 24.30
1561874777 24.25
1561874837 24.23
1561874898 24.25
1561874958 24.28
1561875018 24.27
1561875079 24.30
1561875139 24.25
1561875200 24.21
1561875260 24.26
1561875321 24.30
1561875381 24.27
1561875442 24.27
1561875503 24.26
1561875563 24.28
1561875624 24.27
1561875684 24.26
1561875745 24.23
1561875806 24.25
1561875866 24.30
1561875927 24.26
1561875988 24.26
1561876048 24.27
1561876109 24.26
1561876169 24.26
1561876229 24.28
1561876290 24.23
1561876350 24.31
1561876411 24.27
1561876471 24.25
1561876532 24.26
1561876593 24.29
1561876653 24.28
1561876714 24.24
1561876774 24.28
1561876835 24.23
1561876896 24.24
1561876956 24.26
1561877016 24.22
1561877077 24.30
1561877137 24.24
1561877198 24.28
1561877259 24.24
1561877319 24.29
1561877380 24.23
1561877442 24.25
1561877505 24.26
1561877568 24.26
1561877631 24.26
1561877691 24.23
1561877751 24.26
1561877812 24.28
1561877873 24.25
1561877933 24.25
1561877994 24.28
1561878054 24.24
1561878115 24.28
1561878176 24.28
1561878236 24.24
1561878297 24.26
1561878358 24.29
1561878418 24.27
1561878479 24.24
1561878540 24.28
1561878600 24.25
1561878661 24.28
1561878721 24.29
1561878782 24.28
1561878842 24.26
1561878903 24.25
1561878963 24.22
1561879024 24.26
1561879085 24.26
1561879145 24.21
1561879206 24.25
1561879267 24.26
1561879327 24.23
1561879387 24.25
1561879448 24.26
1561879508 24.22
1561879568 24.24
1561879629 24.22
1561879690 24.29
1561879750 24.23
1561879811 24.19
1561879871 24.26
1561879932 24.22
1561879992 24.24
1561880053 24.23
1561880113 24.23
1561880173 24.28
1561880234 24.28
1561880295 24.27
1561880355 24.26
1561880416 24.36
1561880477 24.23
1561880537 24.21
1561880598 24.27
1561880659 24.27
1561880719 24.25
1561880779 24.24
1561880840 24.26
1561880901 24.26
1561880961 24.27
1561881022 24.24
1561881083 24.30
1561881143 24.26
1561881204 24.24
1561881265 24.25
1561881325 24.27
1561881385 24.25
1561881446 24.29
1561881506 24.27
1561881567 24.25
1561881628 24.23
1561881689 24.26
1561881750 24.25
1561881811 24.23
1561881871 24.22
1561881932 24.24
1561881992 24.24
1561882053 24.24
1561882114 24.23
1561882174 24.24
1561882235 24.24
1561882295 24.29
1561882356 24.25
1561882416 24.28
1561882477 24.27
1561882538 24.24
1561882599 24.20
1561882660 24.24
1561882720 24.25
1561882781 24.27
1561882842 24.21
1561882902 24.24
1561882962 24.23
1561883023 24.22
1561883084 24.29
1561883144 24.25
1561883205 24.22
1561883266 24.25
1561883326 24.25
1561883386 24.23
1561883447 24.25
1561883508 24.27
1561883568 24.25
1561883629 24.27
1561883689 24.25
1561883750 24.24
1561883811 24.29
1561883871 24.28
1561883931 24.29
1561883992 24.28
1561884053 24.27
1561884113 24.21
1561884174 24.25
1561884235 24.22
1561884296 24.22
1561884357 24.24
1561884417 24.25
1561884477 24.25
1561884538 24.19
1561884599 24.22
1561884659 24.26
1561884720 24.21
1561884781 24.19
1561884841 24.22
1561884902 24.22
1561884962 24.20
1561885023 24.20
1561885084 24.22
1561885144 24.22
1561885205 24.22
1561885266 24.24
1561885326 24.20
1561885387 24.18
1561885448 24.21
1561885508 24.22
1561885569 24.22
1561885629 24.22
1561885690 24.23
1561885750 24.24
1561885811 24.23
1561885872 24.21
1561885933 24.20
1561885993 24.20
1561886054 24.19
1561886115 24.19
1561886176 24.21
1561886237 24.17
1561886297 24.20
1561886358 24.23
1561886418 24.22
1561886478 24.17
1561886539 24.21
1561886599 24.18
1561886660 24.21
1561886721 24.19
1561886781 24.17
1561886842 24.19
1561886902 24.21
1561886963 24.14
1561887024 24.19
1561887084 24.17
1561887144 24.19
1561887205 24.17
1561887265 24.19
1561887326 24.19
1561887386 24.16
1561887447 24.14
1561887508 24.19
1561887569 24.15
1561887629 24.18
1561887689 24.22
1561887750 24.21
1561887811 24.22
1561887871 24.23
1561887932 24.17
1561887992 24.19
1561888053 24.17
1561888113 24.14
1561888174 24.19
1561888235 24.21
1561888295 24.19
1561888356 24.14
1561888417 24.19
1561888477 24.19
1561888538 24.19
1561888599 24.19
1561888659 24.16
1561888720 24.19
1561888781 24.16
1561888841 24.21
1561888901 24.20
1561888961 24.16
1561889022 24.16
1561889083 24.17
1561889144 24.19
1561889205 24.20
1561889265 24.23
1561889326 24.17
1561889386 24.20
1561889447 24.19
1561889507 24.20
1561889568 24.20
1561889629 24.16
1561889689 24.17
1561889749 24.21
1561889810 24.17
1561889871 24.17
1561889931 24.24
1561889992 24.24
1561890052 24.22
1561890113 24.17
1561890174 24.16
1561890234 24.19
1561890295 24.17
1561890356 24.23
1561890418 24.22
1561890479 24.20
1561890540 24.21
1561890600 24.21
1561890661 24.17
1561890722 24.18
1561890782 24.20
1561890842 24.16
1561890903 24.21
1561890964 24.26
1561891025 24.22
1561891085 24.24
1561891146 24.22
1561891206 24.16
1561891267 24.23
1561891327 24.21
1561891388 24.23
1561891448 24.21
1561891509 24.19
1561891570 24.20
1561891630 24.21
1561891691 24.25
1561891752 24.17
1561891812 24.21
1561891872 24.24
1561891933 24.17
1561891994 24.24
1561892054 24.21
1561892115 24.21
1561892175 24.21
1561892236 24.20
1561892296 24.21
1561892357 24.22
1561892417 24.23
1561892478 24.20
1561892538 24.21
1561892599 24.22
1561892660 24.22
1561892720 24.19
1561892781 24.23
1561892841 24.19
1561892902 24.16
1561892963 24.24
1561893023 24.23
1561893084 24.19
1561893145 24.22
1561893205 24.21
1561893266 24.19
1561893326 24.22
1561893387 24.18
1561893448 24.17
1561893508 24.21
1561893569 24.18
1561893630 24.14
1561893690 24.23
1561893751 24.23
1561893812 24.18
1561893872 24.19
1561893933 24.23
1561893993 24.19
1561894054 24.23
1561894114 24.24
1561894175 24.18
1561894235 24.20
1561894296 24.21
1561894356 24.24
1561894417 24.23
1561894478 24.19
1561894538 24.20
1561894599 24.22
1561894659 24.18
1561894720 24.17
1561894781 24.19
1561894841 24.17
1561894901 24.18
1561894961 24.15
1561895022 24.15
1561895082 24.20
1561895143 24.20
1561895203 24.16
1561895264 24.19
1561895325 24.18
1561895385 24.19
1561895446 24.16
1561895506 24.20
1561895567 24.20
1561895627 24.19
1561895688 24.17
1561895749 24.21
1561895809 24.19
1561895870 24.21
1561895930 24.20
1561895991 24.18
1561896052 24.19
1561896113 24.17
1561896173 24.13
1561896234 24.14
1561896294 24.21
1561896355 24.17
1561896416 24.16
1561896476 24.18
1561896536 24.18
1561896597 24.22
1561896658 24.20
1561896718 24.19
1561896779 24.19
1561896840 24.21
1561896900 24.19
1561896961 24.25
1561897021 24.19
1561897082 24.19
1561897143 24.18
1561897204 24.18
1561897264 24.18
1561897324 24.17
1561897385 24.16
1561897445 24.16
1561897506 24.13
1561897566 24.16
1561897627 24.17
1561897687 24.15
1561897748 24.15
1561897808 24.16
1561897869 24.17
1561897930 24.21
1561897990 24.18
1561898051 24.17
1561898112 24.17
1561898172 24.13
1561898233 24.16
1561898294 24.12
1561898355 24.14
1561898415 24.19
1561898476 24.19
1561898537 24.13
1561898597 24.17
1561898657 24.14
1561898718 24.16
1561898779 24.14
1561898839 24.20
1561898900 24.17
1561898960 24.17
1561899021 24.16
1561899082 24.17
1561899143 24.17
1561899204 24.17
1561899264 24.23
1561899325 24.19
1561899385 24.14
1561899446 24.14
1561899506 24.16
1561899567 24.14
1561899628 24.16
1561899688 24.15
1561899749 24.14
1561899810 24.15
1561899870 24.14
1561899931 24.13
1561899992 24.19
1561900052 24.17
1561900112 24.15
1561900173 24.16
1561900233 24.16
1561900294 24.15
1561900354 24.18
1561900415 24.22
1561900476 24.16
1561900536 24.18
1561900597 24.18
1561900658 24.18
1561900718 24.19
1561900778 24.15
1561900839 24.16
1561900900 24.16
1561900960 24.17
1561901021 24.14
1561901082 24.19
1561901143 24.15
1561901204 24.15
1561901264 24.20
1561901325 24.19
1561901386 24.17
1561901446 24.19
1561901507 24.17
1561901567 24.14
1561901628 24.16
1561901688 24.17
1561901749 24.18
1561901810 24.21
1561901870 24.21
1561901931 24.20
1561901992 24.17
1561902052 24.16
1561902113 24.12
1561902173 24.20
1561902234 24.18
1561902294 24.20
1561902355 24.20
1561902416 24.21
1561902476 24.18
1561902537 24.19
1561902598 24.26
1561902659 24.22
1561902719 24.22
1561902780 24.21
1561902841 24.20
1561902902 24.21
1561902962 24.21
1561903023 24.28
1561903083 24.24
1561903144 24.20
1561903204 24.22
1561903265 24.21
1561903326 24.17
1561903387 24.24
1561903448 24.20
1561903508 24.19
1561903569 24.24
1561903630 24.20
1561903690 24.23
1561903751 24.22
1561903811 24.24
1561903872 24.23
1561903932 24.22
1561903993 24.28
1561904054 24.23
1561904114 24.21
1561904174 24.24
1561904235 24.19
1561904296 24.21
1561904356 24.21
1561904417 24.17
1561904478 24.22
1561904538 24.17
1561904599 24.24
1561904659 24.24
1561904720 24.23
1561904781 24.20
1561904842 24.22
1561904902 24.24
1561904962 24.22
1561905023 24.21
1561905084 24.29
1561905144 24.23
1561905205 24.22
1561905265 24.26
1561905326 24.21
1561905386 24.20
1561905447 24.19
1561905508 24.22
1561905568 24.23
1561905629 24.25
1561905689 24.22
1561905750 24.21
1561905811 24.19
1561905871 24.20
1561905931 24.23
1561905992 24.22
1561906053 24.20
1561906113 24.21
1561906174 24.21
1561906234 24.19
1561906295 24.24
1561906355 24.21
1561906416 24.21
1561906477 24.23
1561906538 24.21
1561906598 24.20
1561906659 24.20
1561906719 24.22
1561906780 24.19
1561906840 24.25
1561906901 24.23
1561906961 24.24
1561907021 24.21
1561907082 24.21
1561907142 24.21
1561907203 24.21
1561907264 24.21
1561907325 24.22
1561907385 24.20
1561907446 24.17
1561907507 24.23
1561907567 24.21
1561907628 24.17
1561907688 24.23
1561907749 24.24
1561907809 24.20
1561907870 24.22
1561907932 24.20
1561907993 24.21
1561908053 24.18
1561908114 24.20
1561908174 24.21
1561908237 24.19
1561908297 24.21
1561908358 24.16
1561908419 24.23
1561908479 24.19
1561908540 24.23
1561908601 24.17
1561908661 24.22
1561908722 24.20
1561908782 24.22
1561908842 24.19
1561908903 24.22
1561908964 24.20
1561909024 24.21
1561909085 24.24
1561909145 24.22
1561909206 24.21
1561909266 24.22
1561909327 24.21
1561909387 24.22
1561909448 24.20
1561909508 24.26
1561909569 24.20
1561909629 24.22
1561909690 24.21
1561909750 24.18
1561909812 24.23
1561909873 24.21
1561909933 24.21
1561909994 24.23
1561910054 24.17
1561910114 24.20
1561910175 24.21
1561910235 24.21
1561910296 24.19
1561910357 24.25
1561910417 24.20
1561910478 24.19
1561910538 24.17
1561910598 24.18
1561910659 24.21
1561910719 24.17
1561910780 24.19
1561910841 24.21
1561910902 24.18
1561910962 24.22
1561911023 24.15
1561911083 24.17
1561911144 24.21
1561911205 24.22
1561911266 24.18
1561911326 24.18
1561911386 24.19
1561911447 24.16
1561911507 24.19
1561911568 24.21
1561911629 24.23
1561911689 24.23
1561911749 24.20
1561911810 24.23
1561911870 24.23
1561911931 24.22
1561911991 24.21
1561912052 24.21
1561912113 24.24
1561912173 24.23
1561912234 24.25
1561912295 24.23
1561912355 24.21
1561912416 24.21
1561912477 24.18
1561912537 24.22
1561912598 24.20
1561912658 24.14
1561912719 24.18
1561912780 24.20
1561912840 24.19
1561912900 24.19
1561912961 24.18
1561913021 24.18
1561913082 24.16
1561913143 24.17
1561913203 24.15
1561913264 24.17
1561913324 24.19
1561913385 24.22
1561913445 24.22
1561913506 24.19
1561913566 24.21
1561913627 24.24
1561913687 24.14
1561913748 24.18
1561913809 24.18
1561913870 24.21
1561913930 24.25
1561913990 24.23
1561914051 24.18
1561914112 24.23
1561914173 24.18
1561914233 24.20
1561914295 24.21
1561914356 24.21
1561914416 24.22
1561914477 24.22
1561914538 24.20
1561914598 24.20
1561914659 24.21
1561914720 24.22
1561914780 24.21
1561914841 24.24
1561914901 24.22
1561914962 24.27
1561915022 24.24
1561915083 24.22
1561915143 24.19
1561915204 24.22
1561915265 24.20
1561915325 24.23
1561915386 24.23
1561915447 24.22
1561915507 24.26
1561915568 24.26
1561915628 24.24
1561915688 24.20
1561915749 24.18
1561915810 24.22
1561915870 24.22
1561915931 24.18
1561915992 24.20
1561916052 24.19
1561916113 24.22
1561916173 24.19
1561916233 24.21
1561916294 24.27
1561916354 24.20
1561916415 24.21
1561916476 24.23
1561916536 24.19
1561916596 24.22
1561916657 24.22
1561916718 24.24
1561916779 24.20
1561916839 24.25
1561916900 24.19
1561916960 24.25
1561917021 24.22
1561917082 24.22
1561917142 24.26
1561917203 24.16
1561917264 24.24
1561917325 24.21
1561917385 24.24
1561917446 24.26
1561917507 24.22
1561917567 24.25
1561917628 24.22
1561917688 24.26
1561917749 24.21
1561917809 24.17
1561917869 24.21
1561917930 24.23
1561917991 24.23
1561918051 24.19
1561918113 24.29
1561918174 24.21
1561918235 24.24
1561918295 24.21
1561918356 24.21
1561918417 24.23
1561918477 24.21
1561918538 24.21
1561918598 24.25
1561918658 24.21
1561918718 24.22
1561918779 24.22
1561918840 24.23
1561918900 24.25
1561918960 24.22
1561919021 24.31
1561919082 24.23
1561919143 24.23
1561919203 24.24
1561919264 24.22
1561919324 24.24
1561919384 24.21
1561919445 24.24
1561919505 24.24
1561919566 24.29
1561919626 24.24
1561919687 24.21
1561919747 24.21
1561919807 24.27
1561919868 24.23
1561919929 24.20
1561919989 24.24
1561920050 24.23
1561920110 24.26
1561920171 24.27
1561920232 24.23
1561920292 24.22
1561920353 24.24
1561920413 24.21
1561920474 24.22
1561920534 24.22
1561920596 24.21
1561920657 24.23
1561920717 24.25
1561920778 24.22
1561920838 24.22
1561920899 24.25
1561920959 24.24
1561921019 24.24
1561921080 24.20
1561921140 24.24
1561921201 24.22
1561921261 24.19
1561921322 24.25
1561921382 24.26
1561921443 24.22
1561921503 24.22
1561921563 24.21
1561921624 24.22
1561921684 24.23
1561921745 24.19
1561921806 24.22
1561921866 24.22
1561921927 24.28
1561921988 24.22
1561922048 24.21
1561922109 24.21
1561922169 24.21
1561922230 24.22
1561922290 24.28
1561922351 24.22
1561922411 24.22
1561922472 24.24
1561922532 24.23
1561922593 24.22
1561922653 24.22
1561922714 24.22
1561922775 24.21
1561922835 24.19
1561922896 24.22
1561922956 24.23
1561923016 24.19
1561923077 24.21
1561923137 24.22
1561923198 24.22
1561923259 24.22
1561923320 24.20
1561923380 24.20
1561923441 24.23
1561923502 24.22
1561923562 24.21
1561923623 24.22
1561923684 24.22
1561923744 24.23
1561923805 24.23
1561923866 24.22
1561923926 24.25
1561923987 24.25
1561924047 24.24
1561924107 24.22
1561924168 24.19
1561924228 24.23
1561924289 24.22
1561924349 24.22
1561924409 24.20
1561924470 24.18
1561924531 24.21
1561924591 24.22
1561924652 24.21
1561924712 24.21
1561924772 24.20
1561924833 24.21
1561924893 24.21
1561924954 24.22
1561925014 24.21
1561925075 24.22
1561925136 24.25
1561925197 24.24
1561925257 24.23
1561925318 24.24
1561925378 24.22
1561925439 24.24
1561925499 24.25
1561925560 24.21
1561925620 24.21
1561925680 24.21
1561925741 24.22
1561925801 24.21
1561925862 24.24
1561925922 24.27
1561925984 24.18
1561926044 24.24
1561926105 24.24
1561926165 24.27
1561926226 24.25
1561926286 24.19
1561926347 24.23
1561926408 24.22
1561926469 24.24
1561926529 24.20
1561926590 24.22
1561926651 24.25
1561926711 24.27
1561926772 24.26
1561926833 24.22
1561926894 24.25
1561926954 24.22
1561927014 24.27
1561927076 24.28
1561927137 24.26
1561927197 24.30
1561927257 24.21
1561927318 24.22
1561927378 24.20
1561927438 24.18
1561927499 24.24
1561927559 24.28
1561927620 24.27
1561927681 24.24
1561927741 24.24
1561927801 24.23
1561927862 24.24
1561927923 24.24
1561927983 24.17
1561928044 24.24
1561928104 24.22
1561928165 24.21
1561928225 24.23
1561928286 24.28
1561928346 24.24
1561928407 24.22
