1535403609 12.45
1535403670 12.42
1535403730 12.48
1535403792 12.50
1535403852 12.49
1535403912 12.47
1535403973 12.44
1535404033 12.49
1535404093 12.47
1535404154 12.51
1535404214 12.48
1535404276 12.49
1535404336 12.47
1535404397 12.47
1535404457 12.52
1535404519 12.54
1535404581 12.49
1535404641 12.55
1535404703 12.50
1535404764 12.48
1535404824 12.47
1535404884 12.49
1535404946 12.47
1535405007 12.49
1535405067 12.49
1535405127 12.44
1535405189 12.49
1535405251 12.47
1535405312 12.43
1535405372 12.45
1535405432 12.42
1535405492 12.49
1535405554 12.49
1535405614 12.49
1535405675 12.38
1535405735 12.43
1535405795 12.45
1535405855 12.43
1535405917 12.43
1535405977 12.44
1535406037 12.46
1535406100 12.42
1535406159 12.41
1535406220 12.41
1535406282 12.39
1535406344 12.43
1535406404 12.40
1535406466 12.37
1535406526 12.41
1535406588 12.43
1535406648 12.39
1535406708 12.39
1535406768 12.38
1535406829 12.42
1535406889 12.41
1535406949 12.41
1535407009 12.39
1535407069 12.42
1535407131 12.36
1535407192 12.42
1535407252 12.44
1535407314 12.41
1535407374 12.42
1535407434 12.39
1535407494 12.42
1535407555 12.41
1535407615 12.44
1535407676 12.45
1535407738 12.41
1535407800 12.44
1535407863 12.43
1535407925 12.43
1535407987 12.44
1535408048 12.41
1535408108 12.39
1535408170 12.40
1535408230 12.42
1535408290 12.45
1535408351 12.45
1535408411 12.46
1535408473 12.47
1535408533 12.43
1535408595 12.44
1535408656 12.44
1535408716 12.47
1535408776 12.45
1535408836 12.44
1535408896 12.44
1535408958 12.45
1535409019 12.42
1535409079 12.44
1535409141 12.45
1535409203 12.43
1535409263 12.44
1535409325 12.46
1535409385 12.41
1535409445 12.45
1535409506 12.46
1535409566 12.41
1535409626 12.44
1535409688 12.45
1535409750 12.43
1535409811 12.44
1535409871 12.42
1535409933 12.41
1535409995 12.43
1535410056 12.45
1535410116 12.47
1535410178 12.46
1535410238 12.40
1535410300 12.43
1535410360 12.47
1535410423 12.46
1535410484 12.41
1535410544 12.44
1535410605 12.42
1535410667 12.47
1535410728 12.48
1535410790 12.45
1535410850 12.48
1535410911 12.47
1535410971 12.44
1535411031 12.46
1535411091 12.40
1535411153 12.43
1535411213 12.41
1535411276 12.44
1535411336 12.42
1535411398 12.43
1535411458 12.41
1535411518 12.42
1535411578 12.42
1535411639 12.45
1535411699 12.39
1535411761 12.45
1535411821 12.41
1535411881 12.39
1535411941 12.40
1535412002 12.44
1535412062 12.44
1535412124 12.45
1535412184 12.40
1535412246 12.41
1535412306 12.40
1535412368 12.39
1535412428 12.42
1535412489 12.41
1535412549 12.40
1535412609 12.41
1535412670 12.41
1535412730 12.37
1535412791 12.35
1535412851 12.42
1535412911 12.37
1535412973 12.42
1535413034 12.42
1535413094 12.39
1535413154 12.38
1535413216 12.44
1535413276 12.42
1535413336 12.40
1535413397 12.38
1535413457 12.38
1535413518 12.41
1535413578 12.37
1535413638 12.37
1535413699 12.39
1535413759 12.38
1535413819 12.39
1535413881 12.39
1535413941 12.40
1535414002 12.38
1535414062 12.41
1535414124 12.39
1535414184 12.40
1535414245 12.39
1535414305 12.40
1535414366 12.39
1535414428 12.36
1535414489 12.36
1535414549 12.38
1535414609 12.38
1535414669 12.38
1535414729 12.36
1535414791 12.39
1535414851 12.38
1535414912 12.39
1535414974 12.38
1535415034 12.37
1535415096 12.37
1535415156 12.35
1535415216 12.39
1535415277 12.37
1535415337 12.41
1535415398 12.39
1535415458 12.38
1535415519 12.39
1535415579 12.38
1535415639 12.41
1535415700 12.40
1535415760 12.38
1535415820 12.35
1535415881 12.32
1535415943 12.36
1535416003 12.33
1535416063 12.33
1535416123 12.36
1535416183 12.35
1535416244 12.36
1535416304 12.36
1535416364 12.39
1535416424 12.35
1535416486 12.33
1535416547 12.38
1535416607 12.35
1535416667 12.36
1535416729 12.38
1535416789 12.33
1535416851 12.34
1535416911 12.33
1535416973 12.35
1535417034 12.33
1535417094 12.39
1535417156 12.37
1535417216 12.36
1535417276 12.38
1535417338 12.37
1535417400 12.36
1535417462 12.37
1535417524 12.34
1535417584 12.35
1535417646 12.35
1535417706 12.40
1535417766 12.39
1535417826 12.33
1535417887 12.34
1535417947 12.34
1535418007 12.34
1535418067 12.35
1535418128 12.33
1535418188 12.38
1535418248 12.36
1535418309 12.37
1535418370 12.32
1535418432 12.35
1535418492 12.35
1535418553 12.34
1535418613 12.34
1535418675 12.37
1535418735 12.33
1535418795 12.35
1535418856 12.39
1535418916 12.35
1535418976 12.35
1535419038 12.32
1535419098 12.33
1535419158 12.36
1535419218 12.32
1535419280 12.33
1535419342 12.33
1535419403 12.34
1535419463 12.34
1535419523 12.36
1535419583 12.31
1535419645 12.33
1535419705 12.36
1535419767 12.31
1535419827 12.31
1535419890 12.32
1535419952 12.31
1535420014 12.32
1535420076 12.32
1535420139 12.35
1535420199 12.31
1535420259 12.30
1535420322 12.30
1535420382 12.29
1535420442 12.27
1535420503 12.28
1535420563 12.29
1535420623 12.30
1535420683 12.22
1535420743 12.27
1535420804 12.26
1535420864 12.27
1535420926 12.26
1535420989 12.28
1535421051 12.26
1535421112 12.27
1535421172 12.25
1535421232 12.28
1535421294 12.24
1535421355 12.23
1535421415 12.26
1535421475 12.22
1535421535 12.26
1535421596 12.20
1535421656 12.19
1535421716 12.19
1535421778 12.21
1535421839 12.17
1535421899 12.19
1535421961 12.22
1535422021 12.13
1535422083 12.12
1535422145 12.17
1535422205 12.06
1535422265 12.15
1535422325 12.16
1535422387 12.15
1535422449 12.07
1535422510 12.14
1535422572 12.16
1535422632 12.15
1535422693 12.12
1535422753 12.07
1535422813 12.10
1535422874 12.09
1535422934 12.12
1535422996 12.13
1535423056 12.14
1535423116 12.09
1535423176 12.15
1535423237 12.14
1535423297 12.12
1535423357 12.13
1535423417 12.06
1535423478 12.12
1535423540 12.10
1535423600 12.10
1535423662 12.15
1535423722 12.13
1535423782 12.12
1535423843 12.12
1535423905 12.06
1535423965 12.06
1535424026 12.11
1535424086 12.05
1535424148 12.09
1535424208 12.07
1535424268 12.07
1535424328 12.07
1535424390 12.12
1535424450 12.08
1535424510 12.08
1535424572 12.09
1535424634 12.06
1535424694 12.08
1535424755 12.05
1535424815 12.07
1535424877 12.08
1535424939 12.11
1535425000 12.11
1535425060 12.09
1535425120 12.06
1535425181 12.13
1535425243 12.09
1535425303 12.07
1535425363 12.06
1535425423 12.02
1535425483 12.05
1535425544 12.11
1535425604 12.08
1535425666 12.06
1535425726 12.06
1535425788 12.06
1535425849 12.08
1535425909 12.07
1535425971 12.09
1535426032 12.03
1535426093 12.05
1535426155 12.09
1535426215 12.12
1535426275 12.08
1535426337 12.09
1535426397 12.03
1535426458 12.08
1535426518 12.06
1535426580 12.03
1535426640 12.04
1535426700 12.03
1535426761 12.04
1535426821 12.09
1535426881 12.06
1535426942 12.08
1535427002 12.08
1535427062 12.07
1535427122 12.08
1535427183 12.12
1535427245 12.01
1535427305 12.07
1535427365 12.09
1535427426 12.09
1535427486 12.07
1535427546 12.13
1535427606 12.10
1535427668 12.04
1535427728 12.06
1535427789 12.10
1535427849 12.06
1535427911 12.11
1535427971 12.09
1535428031 12.08
1535428091 12.05
1535428152 12.11
1535428212 12.10
1535428272 12.10
1535428333 12.09
1535428393 12.10
1535428453 12.12
1535428513 12.11
1535428575 12.07
1535428635 12.11
1535428696 12.11
1535428758 12.12
1535428819 12.15
1535428881 12.13
1535428943 12.12
1535429004 12.11
1535429064 12.09
1535429126 12.16
1535429188 12.12
1535429250 12.17
1535429312 12.15
1535429372 12.16
1535429432 12.16
1535429493 12.16
1535429553 12.19
1535429613 12.16
1535429675 12.13
1535429735 12.18
1535429795 12.17
1535429857 12.21
1535429918 12.21
1535429979 12.18
1535430040 12.22
1535430100 12.21
1535430162 12.18
1535430222 12.19
1535430282 12.20
1535430343 12.22
1535430403 12.21
1535430463 12.19
1535430524 12.25
1535430585 12.24
1535430645 12.22
1535430707 12.25
1535430767 12.28
1535430829 12.25
1535430889 12.22
1535430949 12.30
1535431009 12.27
1535431070 12.26
1535431132 12.27
1535431193 12.30
1535431254 12.28
1535431315 12.31
1535431376 12.32
1535431436 12.35
1535431496 12.34
1535431557 12.37
1535431617 12.39
1535431679 12.40
1535431739 12.39
1535431801 12.42
1535431862 12.39
1535431922 12.47
1535431982 12.41
1535432042 12.41
1535432103 12.41
1535432163 12.40
1535432225 12.41
1535432285 12.45
1535432345 12.54
1535432405 12.48
1535432467 12.49
1535432528 12.47
1535432588 12.41
1535432648 12.43
1535432710 12.46
1535432770 12.47
1535432830 12.43
1535432890 12.47
1535432951 12.47
1535433013 12.51
1535433073 12.51
1535433134 12.48
1535433195 12.51
1535433256 12.50
1535433315 12.46
1535433376 12.43
1535433436 12.49
1535433496 12.47
1535433558 12.47
1535433618 12.49
1535433678 12.55
1535433738 12.50
1535433799 12.50
1535433859 12.45
1535433921 12.45
1535433981 12.51
1535434041 12.49
1535434102 12.47
1535434163 12.54
1535434225 12.51
1535434287 12.48
1535434348 12.52
1535434408 12.53
1535434468 12.47
1535434528 12.50
1535434588 12.55
1535434648 12.55
1535434709 12.51
1535434771 12.57
1535434833 12.58
1535434893 12.56
1535434953 12.57
1535435014 12.59
1535435074 12.59
1535435136 12.61
1535435196 12.60
1535435257 12.62
1535435317 12.65
1535435377 12.58
1535435437 12.60
1535435498 12.63
1535435558 12.61
1535435618 12.55
1535435678 12.61
1535435738 12.65
1535435799 12.63
1535435861 12.66
1535435921 12.66
1535435983 12.70
1535436043 12.67
1535436103 12.70
1535436164 12.68
1535436224 12.67
1535436284 12.71
1535436346 12.75
1535436408 12.70
1535436468 12.70
1535436530 12.74
1535436590 12.78
1535436652 12.73
1535436712 12.70
1535436774 12.74
1535436834 12.64
1535436894 12.69
1535436955 12.69
1535437016 12.67
1535437078 12.65
1535437139 12.64
1535437199 12.61
1535437261 12.62
1535437321 12.65
1535437382 12.61
1535437443 12.61
1535437505 12.59
1535437567 12.58
1535437629 12.62
1535437690 12.61
1535437750 12.62
1535437810 12.61
1535437870 12.56
1535437932 12.56
1535437994 12.60
1535438054 12.60
1535438114 12.56
1535438176 12.52
1535438238 12.57
1535438298 12.55
1535438359 12.56
1535438419 12.52
1535438481 12.54
1535438541 12.60
1535438603 12.55
1535438663 12.53
1535438724 12.59
1535438784 12.56
1535438844 12.55
1535438904 12.51
1535438964 12.53
1535439025 12.51
1535439085 12.52
1535439145 12.55
1535439205 12.54
1535439265 12.53
1535439325 12.48
1535439386 12.51
1535439446 12.50
1535439506 12.49
1535439567 12.49
1535439629 12.45
1535439689 12.47
1535439749 12.46
1535439809 12.48
1535439870 12.50
1535439931 12.52
1535439994 12.51
1535440054 12.54
1535440114 12.53
1535440174 12.53
1535440235 12.56
1535440295 12.55
1535440355 12.63
1535440417 12.59
1535440479 12.61
1535440540 12.55
1535440601 12.58
1535440661 12.56
1535440723 12.54
1535440783 12.55
1535440843 12.56
1535440905 12.59
1535440965 12.55
1535441026 12.58
1535441086 12.60
1535441146 12.60
1535441207 12.59
1535441267 12.57
1535441327 12.55
1535441387 12.59
1535441448 12.54
1535441508 12.81
1535441568 13.10
1535441629 13.24
1535441690 13.22
1535441751 13.02
1535441811 12.54
1535441871 12.21
1535441932 12.10
1535441994 11.76
1535442054 11.54
1535442114 11.44
1535442176 11.49
1535442236 11.52
1535442297 11.43
1535442357 11.04
1535442417 11.03
1535442478 10.82
1535442538 10.82
1535442599 10.69
1535442659 10.36
1535442721 10.27
1535442781 10.07
1535442842 10.07
1535442904 10.04
1535442965 9.96
1535443027 9.99
1535443089 9.65
1535443150 9.66
1535443210 9.50
1535443270 9.32
1535443332 8.95
1535443392 8.95
1535443452 8.79
1535443512 8.60
1535443573 8.63
1535443633 8.28
1535443693 8.40
1535443753 8.39
1535443813 8.18
1535443874 8.21
1535443934 8.10
1535443994 7.98
1535444054 7.98
1535444114 8.00
1535444176 8.07
1535444238 8.19
1535444298 8.33
1535444358 8.50
1535444419 8.72
1535444479 8.79
1535444541 8.84
1535444601 9.19
1535444661 9.15
1535444722 8.96
1535444784 8.90
1535444845 8.86
1535444906 9.04
1535444966 9.13
1535445026 9.35
1535445087 9.49
1535445148 9.68
1535445209 9.79
1535445269 9.84
1535445329 9.85
1535445390 9.72
1535445451 9.59
1535445512 9.73
1535445572 9.85
1535445634 9.87
1535445694 10.07
1535445754 10.07
1535445814 10.07
1535445875 10.09
1535445935 10.23
1535445995 10.19
1535446056 10.32
1535446116 10.34
1535446176 10.36
1535446236 10.48
1535446296 10.52
1535446357 10.49
1535446417 10.60
1535446477 10.59
1535446537 10.58
1535446598 10.57
1535446660 10.64
1535446720 10.71
1535446780 10.78
1535446840 10.83
1535446900 10.90
1535446962 10.96
1535447022 10.94
1535447085 10.92
1535447145 11.00
1535447206 11.01
1535447269 11.07
1535447329 11.17
1535447389 11.23
1535447449 11.19
1535447510 11.23
1535447570 11.23
1535447631 11.29
1535447691 11.31
1535447753 11.31
1535447813 11.25
1535447873 11.30
1535447935 11.28
1535447996 11.30
1535448056 11.25
1535448116 11.24
1535448176 11.29
1535448237 11.34
1535448299 11.35
1535448360 11.31
1535448421 11.42
1535448481 11.42
1535448541 11.34
1535448601 11.35
1535448661 11.27
1535448721 11.33
1535448782 11.42
1535448842 11.41
1535448902 11.39
1535448964 11.34
1535449025 11.33
1535449085 11.41
1535449145 11.43
1535449205 11.39
1535449266 11.39
1535449326 11.44
1535449386 11.45
1535449446 11.45
1535449507 11.44
1535449567 11.41
1535449627 11.49
1535449687 11.51
1535449748 11.49
1535449808 11.46
1535449868 11.39
1535449929 11.37
1535449989 11.41
1535450050 11.42
1535450112 11.40
1535450172 11.39
1535450232 11.43
1535450293 11.50
1535450353 11.49
1535450413 11.48
1535450474 11.42
1535450534 11.37
1535450594 11.39
1535450655 11.40
1535450715 11.39
1535450775 11.36
1535450835 11.31
1535450897 11.39
1535450959 11.41
1535451020 11.44
1535451081 11.39
1535451142 11.41
1535451202 11.54
1535451264 11.53
1535451324 11.45
1535451386 11.35
1535451446 11.34
1535451506 11.30
1535451567 11.32
1535451627 11.39
1535451687 11.13
1535451747 10.60
1535451807 10.20
1535451868 9.87
1535451929 9.11
1535451992 8.40
1535452054 8.10
1535452114 7.38
1535452174 7.04
1535452235 6.39
1535452295 5.95
1535452357 5.87
1535452419 5.85
1535452481 5.55
1535452541 5.64
1535452603 5.64
1535452665 5.63
1535452727 5.58
1535452787 5.63
1535452847 5.76
1535452908 5.81
1535452968 5.67
1535453028 5.63
1535453088 5.57
1535453150 5.54
1535453212 5.50
1535453273 5.57
1535453333 5.59
1535453394 5.70
1535453454 5.64
1535453514 5.68
1535453574 5.77
1535453634 5.45
1535453695 5.30
1535453756 5.29
1535453816 5.22
1535453879 5.25
1535453940 5.25
1535454000 5.38
1535454061 5.49
1535454121 5.61
1535454181 5.50
1535454243 5.45
1535454304 5.43
1535454364 5.50
1535454426 5.54
1535454486 5.44
1535454546 5.49
1535454606 5.50
1535454668 5.59
1535454729 5.63
1535454789 5.66
1535454850 5.70
1535454912 5.97
1535454972 5.92
1535455032 6.16
1535455094 6.23
1535455156 6.44
1535455216 6.54
1535455278 6.73
1535455339 6.78
1535455401 6.98
1535455461 7.03
1535455521 7.15
1535455583 7.09
1535455643 7.23
1535455703 7.34
1535455765 7.46
1535455825 7.52
1535455886 7.77
1535455946 7.84
1535456006 7.86
1535456066 7.96
1535456127 8.06
1535456187 8.19
1535456247 8.26
1535456308 8.34
1535456368 8.40
1535456428 8.53
1535456488 8.64
1535456548 8.89
1535456609 8.95
1535456669 8.99
1535456730 9.00
1535456791 9.08
1535456852 9.10
1535456913 9.03
1535456975 8.82
1535457037 8.86
1535457098 8.88
1535457158 8.87
1535457219 8.90
1535457280 8.95
1535457341 8.93
1535457402 8.93
1535457462 8.97
1535457524 9.06
1535457585 9.12
1535457645 9.20
1535457705 9.19
1535457765 9.20
1535457825 9.15
1535457886 9.36
1535457947 9.31
1535458009 9.39
1535458069 9.42
1535458129 9.28
1535458189 9.41
1535458250 9.41
1535458310 9.64
1535458370 9.51
1535458430 9.50
1535458490 9.57
1535458552 9.54
1535458612 9.54
1535458672 9.68
1535458732 9.63
1535458792 9.62
1535458853 9.74
1535458913 9.78
1535458974 9.88
1535459036 9.89
1535459097 10.10
1535459158 10.15
1535459220 10.12
1535459280 10.24
1535459341 10.18
1535459403 10.30
1535459463 10.33
1535459525 10.36
1535459585 10.37
1535459646 10.25
1535459706 10.29
1535459766 10.41
1535459826 10.45
1535459886 10.62
1535459947 10.65
1535460007 10.60
1535460067 10.57
1535460127 10.55
1535460187 10.51
1535460247 10.49
1535460308 10.46
1535460368 10.40
1535460430 10.45
1535460490 10.56
1535460551 10.56
1535460613 10.60
1535460675 10.71
1535460735 10.75
1535460795 10.86
1535460855 10.88
1535460916 10.84
1535460976 10.84
1535461038 10.77
1535461099 10.69
1535461159 10.75
1535461219 10.79
1535461281 10.81
1535461341 10.83
1535461401 10.83
1535461462 10.94
1535461522 10.81
1535461582 10.62
1535461644 10.79
1535461705 10.87
1535461767 10.93
1535461827 10.70
1535461887 10.79
1535461948 10.75
1535462009 10.72
1535462070 10.83
1535462130 10.78
1535462190 10.67
1535462251 10.76
1535462311 11.03
1535462371 11.17
1535462431 11.15
1535462491 11.08
1535462551 10.92
1535462612 10.84
1535462672 10.73
1535462733 10.64
1535462793 10.50
1535462855 10.38
1535462915 10.22
1535462975 10.18
1535463035 10.13
1535463095 10.16
1535463156 10.10
1535463216 10.14
1535463276 10.08
1535463338 10.07
1535463398 10.15
1535463460 10.20
1535463520 10.17
1535463580 10.10
1535463640 10.18
1535463701 10.13
1535463763 10.07
1535463823 10.21
1535463884 10.29
1535463945 10.29
1535464007 10.45
1535464067 10.57
1535464127 10.44
1535464188 10.36
1535464248 10.46
1535464310 10.47
1535464370 10.47
1535464430 10.47
1535464490 10.48
1535464552 10.52
1535464614 10.60
1535464676 10.58
1535464737 10.54
1535464799 10.57
1535464859 10.56
1535464921 10.66
1535464981 10.47
1535465043 10.53
1535465103 10.55
1535465163 10.58
1535465225 10.42
1535465287 10.48
1535465347 10.54
1535465407 10.48
1535465468 10.46
1535465528 10.53
1535465590 10.56
1535465650 10.62
1535465711 10.55
1535465772 10.66
1535465833 10.58
1535465893 10.59
1535465955 10.55
1535466017 10.58
1535466079 10.52
1535466139 10.43
1535466199 10.39
1535466261 10.50
1535466322 10.55
1535466382 10.61
1535466444 10.63
1535466504 10.53
1535466566 10.53
1535466628 10.43
1535466690 10.50
1535466750 10.56
1535466812 10.80
1535466872 10.80
1535466933 10.84
1535466995 10.86
1535467055 10.82
1535467115 10.76
1535467176 10.72
1535467236 10.62
1535467298 10.70
1535467358 10.74
1535467420 10.63
1535467480 10.84
1535467541 10.68
1535467601 10.72
1535467661 10.66
1535467721 10.71
1535467782 10.68
1535467844 10.89
1535467904 10.91
1535467965 11.06
1535468025 10.96
1535468086 11.01
1535468146 10.96
1535468208 10.91
1535468268 10.76
1535468329 10.67
1535468389 10.70
1535468450 10.74
1535468510 10.87
1535468570 11.53
1535468632 11.19
1535468693 10.79
1535468753 10.38
1535468813 10.09
1535468874 10.01
1535468936 10.07
1535468998 10.12
1535469058 9.99
1535469119 9.82
1535469179 9.86
1535469241 9.89
1535469301 9.83
1535469362 9.82
1535469424 9.74
1535469484 9.84
1535469544 9.87
1535469604 9.91
1535469665 9.92
1535469727 9.97
1535469787 10.03
1535469847 10.00
1535469907 10.04
1535469967 10.01
1535470029 10.04
1535470090 10.01
1535470150 10.05
1535470210 10.04
1535470270 10.20
1535470331 10.13
1535470391 10.14
1535470453 10.13
1535470515 10.10
1535470575 10.18
1535470636 10.11
1535470696 10.07
1535470756 10.04
1535470818 9.98
1535470878 9.89
1535470938 9.86
1535470998 9.83
1535471060 9.84
1535471120 9.84
1535471181 9.94
1535471241 9.94
1535471301 9.92
1535471363 10.13
1535471425 10.12
1535471486 10.08
1535471548 10.15
1535471608 10.07
1535471670 10.05
1535471730 10.05
1535471790 9.95
1535471851 10.03
1535471911 10.01
1535471971 9.96
1535472033 9.98
1535472095 9.98
1535472157 10.07
1535472217 10.02
1535472279 10.02
1535472339 9.96
1535472399 10.07
1535472459 10.04
1535472519 10.05
1535472580 10.16
1535472640 10.24
1535472700 10.28
1535472762 10.18
1535472822 10.10
1535472882 10.05
1535472943 10.01
1535473004 10.08
1535473065 10.13
1535473125 10.07
1535473185 10.09
1535473245 10.11
1535473305 10.19
1535473366 10.14
1535473428 10.03
1535473488 10.05
1535473548 10.17
1535473610 10.06
1535473670 10.03
1535473731 10.08
1535473793 10.11
1535473853 10.16
1535473913 10.21
1535473975 10.21
1535474036 10.19
1535474096 10.18
1535474156 10.15
1535474218 10.22
1535474278 10.17
1535474340 10.30
1535474402 10.18
1535474464 10.28
1535474524 10.20
1535474584 10.34
1535474646 10.33
1535474707 10.38
1535474767 10.35
1535474829 10.29
1535474889 10.29
1535474949 10.32
1535475010 10.32
1535475070 10.34
1535475130 10.32
1535475191 10.31
1535475251 10.33
1535475311 10.40
1535475372 10.41
1535475432 10.38
1535475494 10.32
1535475554 10.38
1535475614 10.35
1535475674 10.44
1535475735 10.49
1535475795 10.47
1535475855 10.41
1535475915 10.46
1535475976 10.36
1535476036 10.40
1535476096 10.43
1535476156 10.49
1535476218 10.37
1535476278 10.44
1535476338 10.41
1535476400 10.41
1535476461 10.43
1535476521 10.40
1535476583 10.42
1535476645 10.70
1535476705 10.57
1535476765 10.45
1535476825 10.58
1535476885 10.57
1535476946 10.58
1535477006 10.60
1535477066 10.64
1535477128 10.76
1535477189 10.70
1535477249 10.76
1535477309 10.85
1535477369 10.79
1535477429 10.71
1535477491 10.69
1535477553 10.66
1535477614 10.73
1535477674 10.71
1535477734 10.63
1535477794 10.81
1535477857 10.84
1535477917 10.75
1535477977 10.76
1535478037 10.85
1535478098 10.91
1535478158 10.89
1535478220 10.91
1535478282 11.00
1535478342 11.13
1535478402 11.19
1535478464 11.23
1535478524 11.15
1535478585 11.17
1535478645 11.17
1535478705 11.22
1535478766 11.21
1535478826 11.27
1535478888 11.36
1535478950 11.39
1535479010 11.43
1535479070 11.46
1535479132 11.45
1535479193 11.44
1535479255 11.45
1535479315 11.47
1535479375 11.53
1535479437 11.55
1535479499 11.54
1535479559 11.55
1535479620 11.55
1535479680 11.57
1535479742 11.59
1535479802 11.58
1535479863 11.64
1535479923 11.61
1535479983 11.63
1535480044 11.67
1535480104 11.70
1535480164 11.72
1535480225 11.69
1535480285 11.72
1535480346 11.72
1535480406 11.74
1535480467 11.78
1535480528 11.81
1535480588 11.81
1535480648 11.81
1535480708 11.75
1535480768 11.83
1535480829 11.83
1535480889 11.83
1535480949 11.81
1535481009 11.80
1535481071 11.84
1535481133 11.83
1535481195 11.78
1535481255 11.86
1535481316 11.82
1535481376 11.92
1535481436 11.95
1535481497 11.87
1535481559 11.89
1535481621 11.91
1535481681 11.89
1535481743 11.90
1535481803 11.91
1535481864 11.96
1535481926 11.90
1535481986 12.02
1535482046 12.00
1535482106 12.00
1535482166 12.02
1535482227 12.06
1535482289 12.03
1535482349 12.02
1535482409 12.06
1535482471 12.00
1535482531 12.06
1535482592 12.08
1535482652 12.06
1535482712 12.04
1535482772 12.08
1535482832 12.11
1535482893 12.08
1535482954 12.11
1535483015 12.15
1535483075 12.11
1535483137 12.07
1535483198 12.18
1535483258 12.17
1535483318 12.18
1535483378 12.18
1535483439 12.19
1535483499 12.27
1535483559 12.24
1535483619 12.21
1535483681 12.24
1535483743 12.25
1535483804 12.10
1535483864 12.27
1535483926 12.27
1535483986 12.23
1535484046 12.22
1535484107 12.25
1535484167 12.21
1535484229 12.23
1535484289 12.23
1535484351 12.25
1535484413 12.26
1535484473 12.28
1535484533 12.26
1535484594 12.25
1535484654 12.19
1535484714 12.29
1535484774 12.29
1535484834 12.27
1535484894 12.26
1535484955 12.34
1535485017 12.33
1535485077 12.29
1535485137 12.35
1535485198 12.34
1535485258 12.34
1535485318 12.31
1535485379 12.36
1535485440 12.31
1535485501 12.33
1535485561 12.32
1535485621 12.27
1535485681 12.34
1535485742 12.35
1535485802 12.31
1535485862 12.28
1535485922 12.29
1535485982 12.33
1535486042 12.34
1535486103 12.31
1535486163 12.27
1535486223 12.32
1535486283 12.31
1535486345 12.36
1535486406 12.28
1535486466 12.32
1535486526 12.35
1535486588 12.33
1535486648 12.36
1535486710 12.32
1535486771 12.35
1535486831 12.34
1535486891 12.36
1535486951 12.36
1535487012 12.36
1535487072 12.38
1535487132 12.37
1535487194 12.38
1535487254 12.35
1535487315 12.38
1535487376 12.37
1535487437 12.32
1535487499 12.34
1535487559 12.39
1535487619 12.39
1535487679 12.37
1535487739 12.36
1535487799 12.39
1535487860 12.39
1535487922 12.41
1535487982 12.41
1535488042 12.37
1535488103 12.39
1535488163 12.37
1535488225 12.38
1535488285 12.39
1535488347 12.40
1535488407 12.38
1535488467 12.41
1535488527 12.36
1535488587 12.41
1535488647 12.39
1535488708 12.43
1535488768 12.35
1535488828 12.39
1535488889 12.42
1535488949 12.37
1535489009 12.40
1535489069 12.41
1535489130 12.41
1535489190 12.41
1535489250 12.40
1535489310 12.44
1535489370 12.45
1535489431 12.45
1535489491 12.43
1535489551 12.44
1535489613 12.42
1535489675 12.46
1535489736 12.42
1535489796 12.43
1535489856 12.44
1535489918 12.46
1535489978 12.45
1535490038 12.48
1535490099 12.46
1535490159 12.50
1535490221 12.51
1535490281 12.53
1535490343 12.53
1535490405 12.52
1535490467 12.50
1535490527 12.52
1535490589 12.54
1535490651 12.54
1535490711 12.55
1535490772 12.57
1535490832 12.53
1535490892 12.56
1535490953 12.55
1535491017 12.55
1535491078 12.58
1535491140 12.55
1535491201 12.52
1535491261 12.57
1535491321 12.61
1535491382 12.62
1535491442 12.62
1535491504 12.58
1535491564 12.62
1535491624 12.60
1535491684 12.63
1535491745 12.65
1535491805 12.66
1535491867 12.60
1535491927 12.55
1535491988 12.58
1535492050 12.63
1535492110 12.60
1535492170 12.62
1535492230 12.61
1535492290 12.64
1535492351 12.64
1535492411 12.63
1535492473 12.62
1535492533 12.62
1535492593 12.62
1535492653 12.62
1535492713 12.65
1535492775 12.65
1535492837 12.68
1535492897 12.68
1535492958 12.62
1535493018 12.61
1535493078 12.64
1535493138 12.66
1535493198 12.70
1535493260 12.69
1535493322 12.70
1535493383 12.74
1535493445 12.74
1535493505 12.71
1535493565 12.74
1535493625 12.71
1535493685 12.72
1535493746 12.71
1535493806 12.71
1535493868 12.72
1535493928 12.69
1535493988 12.72
1535494050 12.67
1535494110 12.74
1535494172 12.74
1535494233 12.72
1535494293 12.71
1535494353 12.70
1535494415 12.72
1535494475 12.67
1535494537 12.68
1535494598 12.70
1535494658 12.70
1535494718 12.71
1535494778 12.70
1535494838 12.72
1535494900 12.71
1535494960 12.69
1535495021 12.71
1535495081 12.76
1535495142 12.77
1535495204 12.76
1535495264 12.73
1535495326 12.76
1535495388 12.76
1535495448 12.78
1535495508 12.77
1535495568 12.78
1535495628 12.80
1535495689 12.79
1535495749 12.79
1535495809 12.74
1535495869 12.73
1535495930 12.70
1535495990 12.78
1535496051 12.73
1535496111 12.80
1535496173 12.79
1535496233 12.81
1535496293 12.79
1535496355 12.78
1535496415 12.75
1535496477 12.76
1535496538 12.78
1535496598 12.78
1535496658 12.81
1535496718 12.74
1535496778 12.79
1535496839 12.76
1535496899 12.75
1535496959 12.77
1535497021 12.72
1535497083 12.74
1535497143 12.74
1535497204 12.77
1535497264 12.76
1535497324 12.78
1535497386 12.77
1535497448 12.82
1535497509 12.82
1535497569 12.84
1535497629 12.80
1535497690 12.78
1535497750 12.84
1535497810 12.80
1535497872 12.82
1535497934 12.82
1535497994 12.83
1535498056 12.82
1535498117 12.87
1535498179 12.87
1535498239 12.91
1535498299 12.85
1535498361 12.87
1535498421 12.84
1535498482 12.86
1535498542 12.86
1535498602 12.83
1535498662 12.83
1535498722 12.85
1535498783 12.81
1535498843 12.82
1535498905 12.82
1535498965 12.82
1535499025 12.82
1535499085 12.81
1535499147 12.84
1535499208 12.86
1535499269 12.86
1535499331 12.85
1535499393 12.83
1535499453 12.86
1535499514 12.83
1535499574 12.84
1535499634 12.83
1535499694 12.84
1535499755 12.84
1535499816 12.83
1535499876 12.84
1535499938 12.83
1535499998 12.83
1535500059 12.83
1535500119 12.86
1535500179 12.86
1535500241 12.86
1535500303 12.89
1535500363 12.86
1535500423 12.85
1535500485 12.88
1535500547 12.86
1535500609 12.90
1535500670 12.87
1535500732 12.84
1535500792 12.87
1535500852 12.86
1535500913 12.90
1535500973 12.89
1535501035 12.90
1535501095 12.91
1535501155 12.92
1535501215 12.95
1535501275 12.89
1535501336 12.88
1535501398 12.92
1535501458 12.92
1535501520 12.90
1535501582 12.91
1535501642 12.91
1535501704 12.94
1535501766 12.94
1535501826 12.93
1535501887 12.92
1535501947 12.91
1535502007 12.94
1535502069 12.87
1535502129 12.92
1535502189 12.90
1535502249 12.95
1535502311 12.95
1535502371 12.93
1535502431 12.91
1535502494 12.92
1535502554 12.90
1535502615 12.92
1535502676 12.91
1535502736 12.91
1535502796 12.94
1535502856 12.94
1535502916 12.95
1535502978 12.94
1535503040 12.91
1535503100 12.92
1535503161 12.89
1535503221 12.95
1535503281 12.95
1535503343 12.93
1535503405 12.96
1535503465 12.95
1535503525 12.95
1535503587 12.95
1535503648 12.95
1535503708 12.93
1535503768 12.98
1535503828 12.97
1535503890 13.00
1535503950 12.98
1535504011 13.00
1535504071 13.01
1535504131 12.98
1535504191 12.99
1535504251 13.00
1535504312 12.98
1535504372 12.98
1535504432 13.04
1535504494 13.04
1535504554 13.02
1535504615 13.04
1535504675 13.03
1535504735 13.05
1535504795 13.02
1535504855 13.01
1535504916 13.02
1535504977 13.05
1535505038 13.05
1535505098 13.05
1535505160 13.04
1535505220 13.01
1535505280 13.03
1535505341 13.00
1535505401 13.04
1535505463 13.03
1535505523 13.03
1535505583 13.01
1535505643 13.02
1535505705 13.02
1535505766 13.02
1535505826 13.00
1535505886 13.03
1535505947 13.04
1535506007 13.02
1535506069 13.03
1535506129 13.03
1535506191 13.06
1535506251 13.05
1535506313 13.06
1535506375 13.06
1535506435 13.03
1535506495 13.03
1535506555 13.04
1535506616 13.06
1535506676 13.03
1535506736 13.04
1535506796 13.07
1535506858 13.05
1535506918 13.03
1535506978 13.02
1535507039 13.04
1535507099 13.06
1535507159 13.05
1535507221 13.04
1535507281 13.03
1535507342 13.02
1535507402 13.05
1535507464 13.05
1535507524 13.09
1535507586 13.05
1535507646 13.06
1535507706 13.06
1535507768 13.05
1535507830 13.08
1535507891 13.07
1535507951 13.06
1535508011 13.08
1535508071 13.11
1535508131 13.08
1535508193 13.10
1535508253 13.08
1535508314 13.10
1535508374 13.10
1535508434 13.09
1535508494 13.10
1535508556 13.07
1535508618 13.08
1535508680 13.05
1535508740 13.08
1535508801 13.10
1535508861 13.07
1535508921 13.13
1535508983 13.09
1535509043 13.11
1535509105 13.11
1535509165 13.09
1535509225 13.14
1535509286 13.12
1535509346 13.15
1535509406 13.14
1535509466 13.13
1535509526 13.10
1535509587 13.12
1535509647 13.10
1535509707 13.09
1535509767 13.09
1535509827 13.10
1535509888 13.14
1535509948 13.13
1535510008 13.12
1535510068 13.14
1535510128 13.11
1535510189 13.11
1535510251 13.13
1535510311 13.10
1535510371 13.14
1535510433 13.13
1535510493 13.11
1535510553 13.15
1535510615 13.16
1535510677 13.15
1535510737 13.19
1535510798 13.19
1535510858 13.21
1535510918 13.17
1535510979 13.18
1535511039 13.17
1535511099 13.16
1535511159 13.15
1535511220 13.14
1535511282 13.15
1535511344 13.17
1535511406 13.19
1535511468 13.16
1535511528 13.18
1535511590 13.19
1535511652 13.16
1535511712 13.20
1535511774 13.18
1535511836 13.21
1535511896 13.24
1535511957 13.20
1535512017 13.19
1535512077 13.16
1535512138 13.20
1535512199 13.19
1535512260 13.18
1535512320 13.17
1535512380 13.19
1535512440 13.21
1535512503 13.24
1535512563 13.21
1535512624 13.20
1535512685 13.21
1535512745 13.24
1535512806 13.24
1535512866 13.20
1535512927 13.20
1535512987 13.16
1535513047 13.20
1535513109 13.20
1535513171 13.21
1535513231 13.19
1535513292 13.18
1535513352 13.20
1535513412 13.23
1535513473 13.17
1535513534 13.17
1535513596 13.17
1535513656 13.19
1535513718 13.23
1535513779 13.20
1535513839 13.19
1535513899 13.22
1535513960 13.20
1535514020 13.18
1535514081 13.21
1535514141 13.22
1535514203 13.20
1535514263 13.20
1535514323 13.22
1535514383 13.25
1535514443 13.20
1535514504 13.19
1535514564 13.22
1535514625 13.20
1535514685 13.22
1535514745 13.20
1535514806 13.18
1535514866 13.19
1535514926 13.19
1535514986 13.15
1535515048 13.16
1535515108 13.16
1535515168 13.16
1535515229 13.18
1535515289 13.15
1535515349 13.19
1535515411 13.19
1535515472 13.23
1535515532 13.22
1535515592 13.24
1535515654 13.26
1535515715 13.25
1535515775 13.23
1535515837 13.22
1535515897 13.22
1535515958 13.23
1535516018 13.28
1535516078 13.24
1535516138 13.25
1535516199 13.24
1535516260 13.21
1535516322 13.26
1535516384 13.23
1535516444 13.29
1535516504 13.24
1535516566 13.25
1535516627 13.30
1535516689 13.29
1535516749 13.27
1535516809 13.26
1535516869 13.23
1535516929 13.27
1535516989 13.27
1535517051 13.23
1535517113 13.24
1535517173 13.25
1535517233 13.28
1535517294 13.26
1535517354 13.30
1535517416 13.30
1535517476 13.30
1535517537 13.29
1535517597 13.29
1535517657 13.30
1535517718 13.25
1535517778 13.26
1535517838 13.26
1535517900 13.29
1535517960 13.28
1535518020 13.26
1535518082 13.28
1535518142 13.33
1535518204 13.33
1535518266 13.30
1535518326 13.29
1535518387 13.30
1535518448 13.28
1535518509 13.29
1535518569 13.32
1535518631 13.31
1535518691 13.30
1535518752 13.33
1535518812 13.30
1535518874 13.31
1535518934 13.33
1535518994 13.26
1535519055 13.27
1535519117 13.29
1535519177 13.28
1535519237 13.27
1535519298 13.24
1535519358 13.24
1535519419 13.27
1535519479 13.22
1535519539 13.26
1535519600 13.27
1535519660 13.25
1535519720 13.31
1535519782 13.21
1535519842 13.28
1535519902 13.27
1535519964 13.23
1535520025 13.24
1535520087 13.28
1535520147 13.28
1535520207 13.24
1535520269 13.31
1535520331 13.27
1535520391 13.28
1535520451 13.25
1535520511 13.30
1535520571 13.25
1535520633 13.25
1535520693 13.27
1535520756 13.29
1535520816 13.28
1535520876 13.30
1535520936 13.30
1535520997 13.30
1535521057 13.30
1535521117 13.27
1535521179 13.32
1535521239 13.31
1535521301 13.33
1535521363 13.37
1535521423 13.36
1535521483 13.34
1535521543 13.34
1535521604 13.32
1535521666 13.36
1535521726 13.35
1535521788 13.34
1535521849 13.31
1535521909 13.40
1535521971 13.39
1535522031 13.38
1535522091 13.37
1535522152 13.38
1535522212 13.37
1535522272 13.44
1535522333 13.41
1535522393 13.42
1535522453 13.46
1535522513 13.46
1535522574 13.47
1535522634 13.46
1535522694 13.47
1535522754 13.52
1535522815 13.54
1535522875 13.54
1535522935 13.55
1535522995 13.47
1535523056 13.52
1535523116 13.56
1535523178 13.53
1535523240 13.61
1535523302 13.62
1535523362 13.56
1535523424 13.60
1535523484 13.57
1535523544 13.58
1535523604 13.52
1535523666 13.61
1535523727 13.64
1535523787 13.55
1535523847 13.63
1535523907 13.64
1535523968 13.62
1535524028 13.57
1535524090 13.57
1535524150 13.51
1535524212 13.61
1535524272 13.62
1535524332 13.56
1535524393 13.57
1535524453 13.52
1535524513 13.56
1535524574 13.56
1535524634 13.55
1535524694 13.62
1535524756 13.58
1535524816 13.58
1535524877 13.62
1535524937 13.63
1535524997 13.60
1535525058 13.63
1535525118 13.58
1535525178 13.66
1535525238 13.64
1535525298 13.63
1535525359 13.61
1535525419 13.63
1535525479 13.69
1535525541 13.71
1535525601 13.64
1535525661 13.66
1535525721 13.71
1535525782 13.66
1535525843 13.69
1535525903 13.62
1535525963 13.67
1535526025 13.69
1535526085 13.68
1535526146 13.64
1535526206 13.67
1535526266 13.66
1535526328 13.70
1535526388 13.70
1535526449 13.71
1535526510 13.95
1535526570 13.94
1535526632 13.93
1535526694 13.89
1535526756 13.64
1535526818 13.55
1535526881 13.41
1535526941 13.30
1535527001 13.03
1535527061 12.74
1535527124 12.57
1535527184 12.52
1535527245 12.49
1535527308 12.43
1535527369 12.48
1535527430 12.19
1535527492 11.96
1535527552 11.93
1535527614 12.00
1535527674 11.81
1535527734 11.94
1535527795 11.82
1535527855 11.86
1535527917 11.68
1535527977 11.60
1535528037 11.65
1535528099 11.44
1535528159 11.40
1535528220 11.49
1535528280 11.40
1535528340 11.34
1535528402 11.40
1535528462 11.36
1535528523 11.29
1535528585 11.31
1535528645 11.29
1535528705 11.24
1535528767 11.32
1535528827 11.42
1535528887 11.36
1535528947 11.39
1535529007 11.41
1535529067 11.46
1535529127 11.52
1535529188 11.58
1535529248 11.62
1535529308 11.64
1535529369 11.71
1535529429 11.74
1535529489 11.61
1535529550 11.45
1535529612 11.30
1535529672 11.08
1535529732 10.99
1535529793 10.87
1535529853 10.72
1535529915 10.77
1535529975 10.72
1535530035 10.49
1535530095 10.43
1535530157 10.40
1535530218 10.40
1535530280 10.38
1535530340 10.29
1535530400 10.15
1535530461 10.24
1535530521 10.30
1535530581 10.28
1535530642 10.26
1535530702 10.27
1535530762 10.18
1535530822 10.01
1535530882 10.07
1535530943 9.77
1535531004 9.76
1535531065 9.54
1535531127 9.40
1535531189 9.47
1535531249 9.40
1535531309 9.34
1535531371 9.09
1535531431 9.05
1535531493 9.05
1535531553 9.00
1535531613 8.97
1535531674 8.86
1535531735 8.98
1535531796 8.95
1535531858 9.02
1535531918 8.99
1535531979 9.05
1535532040 9.07
1535532101 8.97
1535532161 8.92
1535532221 8.91
1535532281 8.72
1535532341 8.70
1535532401 8.52
1535532462 8.58
1535532522 8.57
1535532584 8.55
1535532644 8.51
1535532705 8.52
1535532765 8.46
1535532825 8.48
1535532887 8.63
1535532947 8.72
1535533007 8.66
1535533067 8.67
1535533127 8.61
1535533188 8.59
1535533248 8.44
1535533309 8.39
1535533370 8.34
1535533430 8.25
1535533491 8.20
1535533551 8.26
1535533612 8.21
1535533672 8.26
1535533732 8.20
1535533793 8.11
1535533853 8.27
1535533915 8.07
1535533975 7.99
1535534035 7.88
1535534096 7.94
1535534156 7.99
1535534216 7.92
1535534278 8.00
1535534338 7.86
1535534398 7.96
1535534460 8.00
1535534522 7.98
1535534582 7.97
1535534643 8.03
1535534703 8.14
1535534763 8.16
1535534825 8.27
1535534885 8.30
1535534946 8.34
1535535008 8.54
1535535068 8.62
1535535128 8.88
1535535190 8.90
1535535252 8.92
1535535312 9.06
1535535372 9.16
1535535434 9.20
1535535494 9.25
1535535555 9.33
1535535615 9.36
1535535675 9.49
1535535735 9.52
1535535796 9.62
1535535856 9.64
1535535918 9.68
1535535979 9.73
1535536039 9.92
1535536101 9.96
1535536163 10.04
1535536223 10.05
1535536285 10.18
1535536345 10.20
1535536407 10.26
1535536467 10.27
1535536529 10.32
1535536589 10.29
1535536650 10.33
1535536710 10.42
1535536772 10.40
1535536833 10.42
1535536893 10.53
1535536953 10.61
1535537013 10.64
1535537074 10.76
1535537134 10.76
1535537194 10.74
1535537254 10.74
1535537314 10.77
1535537374 10.77
1535537435 10.82
1535537495 10.82
1535537556 10.83
1535537616 10.85
1535537678 10.85
1535537739 10.88
1535537799 10.87
1535537860 10.88
1535537920 10.93
1535537982 10.97
1535538042 11.02
1535538102 11.08
1535538162 11.09
1535538223 11.08
1535538285 11.09
1535538345 11.11
1535538405 11.13
1535538465 11.16
1535538527 11.16
1535538588 11.16
1535538648 10.99
1535538708 10.81
1535538768 10.73
1535538830 10.65
1535538891 10.58
1535538953 10.46
1535539013 10.49
1535539073 10.50
1535539133 10.49
1535539193 10.46
1535539253 10.45
1535539314 10.42
1535539376 10.45
1535539436 10.42
1535539496 10.53
1535539557 10.50
1535539617 10.55
1535539677 10.61
1535539739 10.59
1535539799 10.66
1535539860 10.63
1535539920 10.68
1535539980 10.76
1535540042 10.77
1535540104 10.81
1535540164 10.90
1535540224 10.90
1535540286 11.07
1535540347 11.06
1535540407 11.07
1535540467 11.07
1535540527 11.13
1535540587 11.12
1535540649 11.17
1535540711 11.12
1535540771 11.19
1535540831 11.18
1535540892 11.27
1535540952 11.18
1535541012 11.42
1535541072 10.79
1535541132 10.14
1535541192 9.75
1535541253 9.21
1535541313 9.04
1535541375 8.93
1535541435 8.64
1535541496 8.58
1535541556 8.23
1535541616 8.00
1535541678 7.76
1535541739 7.77
1535541801 7.57
1535541861 7.42
1535541921 7.33
1535541982 7.11
1535542044 7.16
1535542106 7.01
1535542166 6.81
1535542226 6.63
1535542289 6.47
1535542353 6.54
1535542414 6.49
1535542474 6.57
1535542534 6.58
1535542596 6.61
1535542658 6.68
1535542719 6.72
1535542779 6.50
1535542839 6.43
1535542900 6.70
1535542960 6.59
1535543021 6.53
1535543081 6.63
1535543143 6.62
1535543203 6.62
1535543265 6.87
1535543327 6.71
1535543388 6.58
1535543448 6.71
1535543510 6.53
1535543570 6.49
1535543631 6.41
1535543691 6.24
1535543752 6.31
1535543813 6.33
1535543874 6.30
1535543936 6.32
1535543996 6.26
1535544056 6.24
1535544117 6.18
1535544178 6.37
1535544238 6.52
1535544298 6.33
1535544358 6.31
1535544419 6.14
1535544479 6.03
1535544539 6.14
1535544602 6.10
1535544662 5.94
1535544722 6.12
1535544784 6.15
1535544844 6.33
1535544904 6.27
1535544964 6.36
1535545026 6.46
1535545088 6.59
1535545149 6.61
1535545209 6.85
1535545269 6.95
1535545330 7.06
1535545390 7.26
1535545450 7.41
1535545510 7.42
1535545571 7.60
1535545631 7.70
1535545693 7.79
1535545755 7.96
1535545817 8.03
1535545877 8.21
1535545938 8.28
1535545998 8.31
1535546058 8.49
1535546118 8.66
1535546180 8.71
1535546242 8.67
1535546302 8.70
1535546362 8.70
1535546423 8.83
1535546483 8.80
1535546543 9.13
1535546604 9.02
1535546664 9.28
1535546724 9.27
1535546785 9.25
1535546846 9.81
1535546907 9.44
1535546967 9.56
1535547027 9.42
1535547089 9.36
1535547151 9.23
1535547211 9.28
1535547273 9.23
1535547333 9.21
1535547394 9.18
1535547456 9.25
1535547518 9.34
1535547578 9.38
1535547640 9.61
1535547701 9.68
1535547762 9.71
1535547824 10.03
1535547884 9.65
1535547946 9.78
1535548006 9.81
1535548066 9.79
1535548129 9.80
1535548189 10.03
1535548249 10.08
1535548309 10.02
1535548369 10.08
1535548431 10.45
1535548492 10.56
1535548552 10.12
1535548612 9.35
1535548674 9.62
1535548736 9.90
1535548796 9.74
1535548856 10.26
1535548917 10.00
1535548977 10.31
1535549037 9.95
1535549097 10.51
1535549157 10.55
1535549218 10.08
1535549278 9.78
1535549340 10.23
1535549400 10.07
1535549460 9.92
1535549521 9.95
1535549581 10.01
1535549641 10.14
1535549701 10.30
1535549763 9.91
1535549824 10.51
1535549884 10.38
1535549944 10.10
1535550004 10.46
1535550065 10.40
1535550127 10.54
1535550187 10.33
1535550247 10.92
1535550308 10.74
1535550368 10.70
1535550428 10.77
1535550488 10.82
1535550548 10.91
1535550609 10.86
1535550671 10.83
1535550731 10.89
1535550791 10.85
1535550852 10.89
1535550913 10.96
1535550974 11.06
1535551034 11.06
1535551096 11.03
1535551156 11.23
1535551217 11.16
1535551277 11.11
1535551337 11.26
1535551397 11.13
1535551459 11.38
1535551519 11.40
1535551580 11.22
1535551640 11.48
1535551700 11.47
1535551762 11.59
1535551822 11.44
1535551882 11.61
1535551944 11.61
1535552004 11.61
1535552064 11.64
1535552125 11.70
1535552185 11.70
1535552246 11.80
1535552306 11.67
1535552366 11.72
1535552426 11.67
1535552487 11.62
1535552549 11.76
1535552609 11.73
1535552671 11.69
1535552733 11.75
1535552793 11.65
1535552854 11.72
1535552914 11.80
1535552974 11.75
1535553034 11.66
1535553095 11.61
1535553155 11.60
1535553215 11.69
1535553275 11.67
1535553335 11.74
1535553397 11.79
1535553457 11.75
1535553518 11.80
1535553578 11.74
1535553638 11.66
1535553699 11.80
1535553759 11.79
1535553819 11.71
1535553879 11.73
1535553939 11.75
1535554000 11.72
1535554060 11.75
1535554120 11.72
1535554181 11.79
1535554241 11.79
1535554301 11.79
1535554361 11.79
1535554422 11.68
1535554482 11.71
1535554542 11.63
1535554602 11.83
1535554663 11.78
1535554723 11.80
1535554783 11.83
1535554845 11.94
1535554905 11.88
1535554967 11.74
1535555027 11.75
1535555088 11.90
1535555148 11.79
1535555210 11.96
1535555270 11.80
1535555332 12.03
1535555394 11.98
1535555454 11.98
1535555514 12.01
1535555576 11.82
1535555636 12.02
1535555696 12.05
1535555757 12.11
1535555817 12.11
1535555877 12.07
1535555937 11.80
1535555998 12.11
1535556058 12.07
1535556118 12.09
1535556179 12.00
1535556241 12.17
1535556303 12.02
1535556363 11.99
1535556423 12.09
1535556484 12.06
1535556544 12.14
1535556606 12.22
1535556666 12.21
1535556728 12.14
1535556790 12.12
1535556850 12.10
1535556910 12.16
1535556970 12.12
1535557031 12.28
1535557091 12.06
1535557151 12.15
1535557213 12.19
1535557274 12.16
1535557334 12.27
1535557396 12.11
1535557456 12.08
1535557518 12.16
1535557580 12.09
1535557642 12.14
1535557704 12.11
1535557764 12.13
1535557825 12.12
1535557885 12.13
1535557947 12.15
1535558007 12.09
1535558069 12.18
1535558130 12.10
1535558190 12.14
1535558250 12.10
1535558311 12.24
1535558371 12.12
1535558431 12.12
1535558494 12.20
1535558554 12.17
1535558614 12.18
1535558674 12.12
1535558736 12.11
1535558798 12.03
1535558859 12.06
1535558919 12.12
1535558980 12.12
1535559040 12.14
1535559100 12.07
1535559161 12.16
1535559221 12.03
1535559281 12.03
1535559341 12.07
1535559402 12.04
1535559464 12.00
1535559525 12.02
1535559585 12.03
1535559646 12.12
1535559706 12.06
1535559766 12.06
1535559828 12.01
1535559889 12.10
1535559951 12.04
1535560012 12.00
1535560072 12.07
1535560133 11.97
1535560193 12.04
1535560254 12.03
1535560314 12.06
1535560374 12.02
1535560434 11.97
1535560494 12.01
1535560555 11.98
1535560615 11.96
1535560677 11.99
1535560737 11.87
1535560797 12.02
1535560859 12.02
1535560919 11.81
1535560981 12.02
1535561041 11.89
1535561101 11.89
1535561162 11.88
1535561222 11.99
1535561283 11.96
1535561343 11.94
1535561403 11.89
1535561463 11.79
1535561523 11.82
1535561583 11.82
1535561644 11.99
1535561704 11.79
1535561765 11.74
1535561825 11.81
1535561887 11.82
1535561947 11.78
1535562008 11.79
1535562068 11.81
1535562130 11.78
1535562192 11.76
1535562254 11.86
1535562316 11.80
1535562377 11.80
1535562440 11.78
1535562500 11.81
1535562562 11.87
1535562622 11.82
1535562682 11.79
1535562743 11.75
1535562803 11.82
1535562863 11.87
1535562923 11.88
1535562983 11.82
1535563045 11.88
1535563106 11.73
1535563166 11.84
1535563227 11.77
1535563287 11.76
1535563349 11.78
1535563411 11.86
1535563471 11.78
1535563531 11.82
1535563593 11.80
1535563653 11.81
1535563715 11.77
1535563777 11.81
1535563839 11.83
1535563900 11.82
1535563960 11.83
1535564022 11.80
1535564082 11.78
1535564143 11.73
1535564202 11.82
1535564263 11.81
1535564324 11.73
1535564384 11.80
1535564445 11.81
1535564507 11.83
1535564569 11.85
1535564630 11.77
1535564692 11.87
1535564752 11.87
1535564812 11.80
1535564873 11.85
1535564933 11.83
1535564993 11.77
1535565053 11.75
1535565114 11.74
1535565174 11.54
1535565236 11.80
1535565298 11.83
1535565358 11.75
1535565418 11.79
1535565478 11.80
1535565539 11.80
1535565599 11.76
1535565660 11.78
1535565720 11.79
1535565780 11.76
1535565840 11.72
1535565901 11.80
1535565963 11.76
1535566023 11.78
1535566085 11.81
1535566145 11.84
1535566206 11.68
1535566266 11.83
1535566326 11.76
1535566386 11.68
1535566448 11.79
1535566508 11.80
1535566568 11.57
1535566629 11.81
1535566689 11.73
1535566749 11.80
1535566810 11.83
1535566870 11.78
1535566932 11.74
1535566992 11.73
1535567053 11.81
1535567113 11.74
1535567174 11.70
1535567234 11.72
1535567295 11.71
1535567355 11.81
1535567415 11.74
1535567475 11.70
1535567535 11.79
1535567596 11.76
1535567656 11.71
1535567718 11.87
1535567780 11.80
1535567840 11.75
1535567900 11.73
1535567960 11.70
1535568022 12.11
1535568082 11.76
1535568144 11.68
1535568204 11.59
1535568264 11.75
1535568326 11.75
1535568387 11.69
1535568448 11.70
1535568508 11.67
1535568570 11.78
1535568632 11.73
1535568692 11.60
1535568753 11.75
1535568813 11.69
1535568873 11.68
1535568933 11.69
1535568995 11.66
1535569055 11.73
1535569118 11.73
1535569178 11.67
1535569238 11.64
1535569298 11.66
1535569358 11.66
1535569419 11.69
1535569479 11.63
1535569541 11.67
1535569603 11.61
1535569663 11.62
1535569723 11.65
1535569783 11.63
1535569845 11.69
1535569905 11.65
1535569966 11.71
1535570026 11.56
1535570088 11.67
1535570148 11.60
1535570208 11.59
1535570268 11.51
1535570329 11.39
1535570389 11.57
1535570449 11.58
1535570511 11.53
1535570573 11.59
1535570633 11.54
1535570694 11.63
1535570754 11.54
1535570814 11.61
1535570876 11.41
1535570938 11.57
1535570998 11.77
1535571058 11.80
1535571119 11.31
1535571181 11.58
1535571241 11.68
1535571301 11.51
1535571363 11.66
1535571423 11.50
1535571483 11.60
1535571543 11.74
1535571604 11.67
1535571665 11.65
1535571726 11.52
1535571786 11.60
1535571848 11.56
1535571908 11.61
1535571969 11.54
1535572031 11.60
1535572091 11.58
1535572151 11.61
1535572211 11.49
1535572273 11.45
1535572333 11.56
1535572393 11.61
1535572454 11.54
1535572514 11.61
1535572574 11.62
1535572634 11.57
1535572694 11.50
1535572754 11.28
1535572814 11.54
1535572875 11.45
1535572935 11.69
1535572996 11.16
1535573057 11.67
1535573117 11.61
1535573177 11.48
1535573237 11.54
1535573298 11.51
1535573358 11.51
1535573420 11.58
1535573480 11.48
1535573541 11.53
1535573603 11.53
1535573663 11.49
1535573723 11.63
1535573785 11.50
1535573845 11.62
1535573907 11.58
1535573967 11.53
1535574027 11.60
1535574087 11.43
1535574147 11.51
1535574207 11.61
1535574268 11.55
1535574328 11.53
1535574388 11.36
1535574448 11.58
1535574509 11.60
1535574569 11.51
1535574629 11.51
1535574690 11.54
1535574750 11.52
1535574810 11.52
1535574870 11.55
1535574931 11.58
1535574991 11.57
1535575051 11.56
1535575113 11.76
1535575175 11.39
1535575237 11.56
1535575297 11.52
1535575359 11.66
1535575419 11.34
1535575479 11.63
1535575540 11.63
1535575600 11.52
1535575662 11.74
1535575722 11.57
1535575783 11.66
1535575843 11.59
1535575904 11.34
1535575964 11.66
1535576024 11.52
1535576084 11.22
1535576146 11.54
1535576207 11.46
1535576267 11.53
1535576329 11.52
1535576391 11.42
1535576453 11.56
1535576513 11.55
1535576575 11.51
1535576635 11.51
1535576696 11.46
1535576756 11.58
1535576818 11.63
1535576878 11.50
1535576939 11.38
1535576999 11.47
1535577060 11.51
1535577122 11.33
1535577182 11.62
1535577244 11.61
1535577304 11.55
1535577365 11.53
1535577425 11.52
1535577485 11.47
1535577545 11.48
1535577606 11.42
1535577667 11.53
1535577729 11.45
1535577789 11.58
1535577849 11.51
1535577911 11.43
1535577971 11.66
1535578034 11.56
1535578094 11.53
1535578154 11.54
1535578215 11.50
1535578275 11.55
1535578335 11.46
1535578396 11.63
1535578456 11.45
1535578516 11.50
1535578578 11.47
1535578639 11.47
1535578700 11.53
1535578762 11.49
1535578824 11.46
1535578886 11.67
1535578946 11.31
1535579007 11.42
1535579068 11.42
1535579130 11.44
1535579191 11.56
1535579251 11.23
1535579312 11.35
1535579372 11.62
1535579432 11.50
1535579492 11.41
1535579552 11.65
1535579612 11.50
1535579674 11.19
1535579736 11.40
1535579797 11.49
1535579858 11.47
1535579920 11.55
1535579980 11.47
1535580042 11.43
1535580104 11.33
1535580165 11.63
1535580225 11.20
1535580287 11.35
1535580349 11.81
1535580410 11.51
1535580470 11.44
1535580532 11.49
1535580592 11.45
1535580652 11.44
1535580714 11.51
1535580775 11.45
1535580837 11.37
1535580897 11.49
1535580958 11.48
1535581019 11.40
1535581079 11.33
1535581140 11.58
1535581202 11.46
1535581262 11.48
1535581322 11.43
1535581384 11.59
1535581444 11.53
1535581504 11.46
1535581565 11.44
1535581627 11.26
1535581687 11.58
1535581749 11.54
1535581809 11.61
1535581869 11.64
1535581929 11.74
1535581990 11.49
1535582050 11.52
1535582110 11.24
1535582170 11.45
1535582230 11.50
1535582290 11.45
1535582351 11.38
1535582411 11.49
1535582471 11.52
1535582533 11.27
1535582594 11.56
1535582655 11.50
1535582715 11.51
1535582777 11.34
1535582837 11.50
1535582897 11.50
1535582958 11.34
1535583018 11.46
1535583082 11.38
1535583139 11.36
1535583201 11.41
1535583261 11.23
1535583323 11.71
1535583383 11.43
1535583444 11.36
1535583504 11.53
1535583564 11.12
1535583626 11.28
1535583686 11.70
1535583747 11.40
1535583807 11.39
1535583868 11.41
1535583928 11.33
1535583990 11.46
1535584052 11.26
1535584112 11.41
1535584172 11.48
1535584232 11.39
1535584292 11.32
1535584354 11.38
1535584415 11.40
1535584475 11.49
1535584537 11.46
1535584599 11.19
1535584659 11.44
1535584719 11.49
1535584779 11.28
1535584841 11.48
1535584903 11.43
1535584963 11.44
1535585024 11.32
1535585084 11.42
1535585144 11.40
1535585204 11.41
1535585264 11.39
1535585326 11.57
1535585386 11.62
1535585448 11.38
1535585508 11.46
1535585569 11.41
1535585631 11.41
1535585691 11.37
1535585753 11.48
1535585813 11.41
1535585873 11.29
1535585934 11.47
1535585994 11.39
1535586056 11.56
1535586116 11.44
1535586177 11.44
1535586237 11.48
1535586299 11.24
1535586359 10.71
1535586419 11.57
1535586481 11.42
1535586543 11.54
1535586603 11.43
1535586665 11.45
1535586726 11.52
1535586786 11.32
1535586846 11.50
1535586908 11.42
1535586970 11.57
1535587032 11.24
1535587092 11.31
1535587154 11.51
1535587216 11.43
1535587276 11.51
1535587338 11.60
1535587398 11.44
1535587459 11.39
1535587519 11.46
1535587579 11.49
1535587639 11.48
1535587700 11.36
1535587761 11.34
1535587822 11.38
1535587882 11.48
1535587942 11.26
1535588002 11.43
1535588062 11.45
1535588122 11.51
1535588183 11.46
1535588243 11.43
1535588303 11.52
1535588364 11.44
1535588426 11.45
1535588486 11.36
1535588548 11.52
1535588608 11.44
1535588668 11.45
1535588729 11.27
1535588789 11.52
1535588849 11.33
1535588911 11.38
1535588972 11.28
1535589032 11.38
1535589092 11.39
1535589154 11.37
1535589214 10.50
1535589275 11.36
1535589335 11.34
1535589395 11.31
1535589457 11.12
1535589518 11.35
1535589578 11.30
1535589638 10.98
1535589698 11.42
1535589759 11.34
1535589819 11.32
1535589879 11.31
1535589940 11.31
1535590000 11.37
1535590062 11.20
1535590122 11.31
1535590182 11.20
1535590244 11.17
1535590306 11.35
1535590366 11.33
1535590427 11.26
1535590487 11.31
1535590547 11.32
1535590608 11.41
1535590668 11.26
1535590730 11.11
1535590790 11.23
1535590850 11.37
1535590911 11.31
1535590973 11.24
1535591033 11.30
1535591095 11.38
1535591157 11.18
1535591219 11.34
1535591279 11.63
1535591339 11.40
1535591400 11.36
1535591460 11.21
1535591523 11.29
1535591584 11.00
1535591646 11.23
1535591708 11.34
1535591770 11.35
1535591832 11.19
1535591894 11.35
1535591957 11.44
1535592019 11.35
1535592081 11.31
1535592144 11.35
1535592206 11.24
1535592268 11.25
1535592330 11.14
1535592393 11.24
1535592455 11.15
1535592516 11.46
1535592577 11.35
1535592639 11.15
1535592701 11.33
1535592761 11.23
1535592822 11.25
1535592882 11.25
1535592943 11.17
1535593003 10.50
1535593063 11.55
1535593124 11.27
1535593184 11.38
1535593244 11.21
1535593306 11.27
1535593366 11.23
1535593428 11.38
1535593488 11.13
1535593549 11.21
1535593609 11.27
1535593669 11.22
1535593729 11.22
1535593789 11.21
1535593849 11.32
1535593910 11.12
1535593970 11.48
1535594031 11.30
1535594091 11.30
1535594152 11.22
1535594214 11.24
1535594274 11.30
1535594334 11.18
1535594395 11.26
1535594455 11.21
1535594515 11.26
1535594576 11.29
1535594636 11.06
1535594696 11.28
1535594756 11.27
1535594818 11.28
1535594879 11.27
1535594939 11.32
1535595001 11.17
1535595061 11.19
1535595121 11.32
1535595181 11.17
1535595241 11.27
1535595302 11.13
1535595362 11.10
1535595423 11.29
1535595483 11.11
1535595543 10.95
1535595604 11.34
1535595665 11.21
1535595726 11.16
1535595788 11.24
1535595848 11.15
1535595910 11.26
1535595970 11.53
1535596030 11.18
1535596091 10.90
1535596151 11.16
1535596213 11.25
1535596273 11.27
1535596333 11.27
1535596395 11.26
1535596456 11.20
1535596516 11.28
1535596576 11.25
1535596638 11.27
1535596700 11.07
1535596760 11.23
1535596820 11.26
1535596880 11.27
1535596942 11.28
1535597003 11.28
1535597063 11.09
1535597125 11.12
1535597187 11.20
1535597247 11.08
1535597307 11.38
1535597368 10.96
1535597428 11.52
1535597488 11.23
1535597548 11.30
1535597608 11.28
1535597670 11.38
1535597731 11.28
1535597791 11.36
1535597851 11.36
1535597912 11.04
1535597972 11.29
1535598032 11.19
1535598094 11.31
1535598154 11.41
1535598214 11.29
1535598274 11.09
1535598335 11.25
1535598395 11.35
1535598455 11.17
1535598515 11.17
1535598576 11.38
1535598638 11.41
1535598698 11.37
1535598758 11.35
1535598818 11.28
1535598879 11.10
1535598939 11.18
1535598999 11.27
1535599061 11.41
1535599121 11.32
1535599181 11.01
1535599241 11.23
1535599303 11.50
1535599365 11.11
1535599425 11.27
1535599485 11.13
1535599547 11.34
1535599608 11.24
1535599670 11.38
1535599731 11.28
1535599791 11.21
1535599851 11.38
1535599913 11.28
1535599973 11.00
1535600033 11.24
1535600096 10.85
1535600157 11.33
1535600218 11.24
1535600278 11.42
1535600338 11.38
1535600399 11.36
1535600459 11.29
1535600521 11.32
1535600581 11.15
1535600641 11.49
1535600702 10.88
1535600762 11.38
1535600822 11.48
1535600882 11.39
1535600943 11.54
1535601005 11.37
1535601065 11.40
1535601125 11.44
1535601187 11.30
1535601249 11.37
1535601311 11.45
1535601371 11.32
1535601433 11.33
1535601495 11.36
1535601555 11.06
1535601617 11.41
1535601677 11.42
1535601739 11.31
1535601799 11.35
1535601860 11.35
1535601920 11.37
1535601980 11.21
1535602040 11.51
1535602103 11.44
1535602163 11.30
1535602223 11.18
1535602283 11.38
1535602344 11.31
1535602404 11.43
1535602464 11.36
1535602524 11.37
1535602585 11.21
1535602645 11.18
1535602705 11.23
1535602765 11.42
1535602826 11.27
1535602886 11.38
1535602947 11.27
1535603007 11.36
1535603068 11.34
1535603130 11.24
1535603191 11.42
1535603253 11.42
1535603313 11.46
1535603373 11.54
1535603433 11.19
1535603493 11.30
1535603554 11.42
1535603614 11.32
1535603676 11.35
1535603736 11.34
1535603797 11.23
1535603857 11.48
1535603919 11.30
1535603980 11.27
1535604042 11.35
1535604102 11.29
1535604164 11.45
1535604225 11.32
1535604286 11.50
1535604346 11.28
1535604407 11.39
1535604467 11.29
1535604529 11.54
1535604589 11.45
1535604651 11.39
1535604712 11.43
1535604772 11.15
1535604834 11.43
1535604894 11.48
1535604954 11.23
1535605015 11.40
1535605077 11.45
1535605137 11.52
1535605197 11.39
1535605257 11.60
1535605319 11.51
1535605380 11.53
1535605440 11.52
1535605500 11.51
1535605560 11.33
1535605620 11.17
1535605681 11.43
1535605741 11.52
1535605801 11.59
1535605861 11.18
1535605921 11.42
1535605982 11.57
1535606042 11.27
1535606103 11.35
1535606163 11.45
1535606225 11.49
1535606285 11.39
1535606345 11.27
1535606407 11.53
1535606467 11.16
1535606527 11.52
1535606588 11.64
1535606648 11.45
1535606708 11.35
1535606769 11.54
1535606829 11.58
1535606889 11.55
1535606950 11.54
1535607012 11.45
1535607072 11.11
1535607132 11.51
1535607195 11.43
1535607255 11.38
1535607315 11.49
1535607375 11.44
1535607437 11.63
1535607497 11.43
1535607559 11.43
1535607619 11.34
1535607681 11.61
1535607741 11.49
1535607801 11.71
1535607863 11.51
1535607924 11.52
1535607984 11.48
1535608046 11.44
1535608106 11.59
1535608167 10.77
1535608229 11.59
1535608289 11.51
1535608349 11.46
1535608409 11.45
1535608469 11.37
1535608529 11.43
1535608591 11.48
1535608653 11.60
1535608715 11.54
1535608775 11.25
1535608837 11.46
1535608899 11.39
1535608959 11.42
1535609020 11.68
1535609080 11.47
1535609140 11.36
1535609202 11.24
1535609263 11.57
1535609323 11.14
1535609383 11.70
1535609445 11.44
1535609505 11.49
1535609565 11.57
1535609627 11.21
1535609688 11.69
1535609748 11.34
1535609808 11.64
1535609870 11.66
1535609930 11.52
1535609991 11.60
1535610053 11.51
1535610113 11.54
1535610173 11.56
1535610235 11.45
1535610295 11.56
1535610357 11.55
1535610418 11.64
1535610478 11.58
1535610538 11.45
1535610599 11.42
1535610661 11.33
1535610723 11.65
1535610785 11.29
1535610847 11.70
1535610909 11.55
1535610972 11.52
1535611034 11.48
1535611095 11.62
1535611157 11.45
1535611217 11.65
1535611280 11.34
1535611342 11.58
1535611404 11.56
1535611464 11.55
1535611526 11.64
1535611589 11.73
1535611651 11.54
1535611713 11.69
1535611775 11.86
1535611838 11.67
1535611900 11.81
1535611960 11.76
1535612020 11.65
1535612081 11.90
1535612142 11.75
1535612202 11.96
1535612262 11.87
1535612323 11.53
1535612383 11.96
1535612443 11.93
1535612503 11.81
1535612563 11.80
1535612623 11.79
1535612683 11.74
1535612744 11.67
1535612804 11.76
1535612864 11.73
1535612925 11.74
1535612986 11.85
1535613047 11.66
1535613108 11.83
1535613168 11.97
1535613228 11.80
1535613290 11.67
1535613352 11.70
1535613412 11.71
1535613472 11.53
1535613532 11.69
1535613593 11.60
1535613655 11.61
1535613715 11.47
1535613776 11.70
1535613836 11.62
1535613898 11.59
1535613958 11.07
1535614019 11.48
1535614079 11.77
1535614139 11.55
1535614199 11.48
1535614259 11.56
1535614319 11.59
1535614380 11.68
1535614440 11.57
1535614502 11.48
1535614562 11.46
1535614622 11.54
1535614682 11.64
1535614743 11.59
1535614803 11.36
1535614863 11.74
1535614924 11.58
1535614984 11.25
1535615046 11.43
1535615106 11.59
1535615168 11.44
1535615228 11.73
1535615288 11.78
1535615350 11.68
1535615412 11.68
1535615472 11.73
1535615534 11.45
1535615594 11.53
1535615655 11.71
1535615717 11.73
1535615777 11.92
1535615837 11.77
1535615897 11.72
1535615957 11.71
1535616019 11.78
1535616079 11.73
1535616139 11.74
1535616199 11.70
1535616261 11.84
1535616321 11.64
1535616382 11.71
1535616442 11.51
1535616502 11.21
1535616564 11.77
1535616625 11.75
1535616685 11.63
1535616745 11.59
1535616805 11.65
1535616867 11.68
1535616927 11.69
1535616988 11.86
1535617048 11.66
1535617108 11.61
1535617168 11.59
1535617229 11.75
1535617289 11.59
1535617349 11.75
1535617409 11.65
1535617469 11.68
1535617530 11.51
1535617590 11.50
1535617650 11.36
1535617711 11.63
1535617771 11.69
1535617831 11.66
1535617891 11.50
1535617953 11.83
1535618013 11.78
1535618075 11.86
1535618137 11.86
1535618197 11.92
1535618258 11.64
1535618318 11.53
1535618378 11.68
1535618438 11.47
1535618499 11.69
1535618561 11.69
1535618621 11.71
1535618681 11.61
1535618741 11.77
1535618803 11.72
1535618865 11.71
1535618925 11.76
1535618987 11.70
1535619049 11.73
1535619111 11.54
1535619171 11.83
1535619231 11.75
1535619293 11.68
1535619355 11.78
1535619415 11.81
1535619477 11.70
1535619537 11.78
1535619599 11.61
1535619660 11.55
1535619720 11.96
1535619780 11.68
1535619842 11.56
1535619903 11.88
1535619963 11.84
1535620023 11.88
1535620083 11.92
1535620144 11.88
1535620204 11.56
1535620264 11.70
1535620324 11.76
1535620385 11.83
1535620446 11.88
1535620506 11.82
1535620566 11.90
1535620626 11.78
1535620688 11.87
1535620748 12.06
1535620810 11.79
1535620871 12.07
1535620931 11.92
1535620991 11.55
1535621051 11.96
1535621111 11.81
1535621172 11.72
1535621232 12.06
1535621292 11.91
1535621352 11.68
1535621412 11.84
1535621472 12.01
1535621533 11.79
1535621593 11.77
1535621653 12.04
1535621713 11.90
1535621775 11.81
1535621835 11.97
1535621896 11.75
1535621956 11.86
1535622016 11.90
1535622076 11.96
1535622137 11.94
1535622197 12.04
1535622257 11.74
1535622318 11.92
1535622378 11.76
1535622438 11.94
1535622498 11.88
1535622560 11.77
1535622620 11.96
1535622681 11.87
1535622741 11.88
1535622803 12.03
1535622863 11.73
1535622926 11.93
1535622986 12.00
1535623046 12.09
1535623108 11.68
1535623168 11.83
1535623229 12.00
1535623291 12.00
1535623351 11.93
1535623411 11.98
1535623471 11.78
1535623533 11.57
1535623593 11.90
1535623653 12.01
1535623714 11.66
1535623776 11.85
1535623836 11.65
1535623896 11.85
1535623956 11.75
1535624016 11.98
1535624078 11.53
1535624139 12.10
1535624200 11.65
1535624261 11.64
1535624321 11.85
1535624381 11.89
1535624442 11.51
1535624502 11.67
1535624562 11.73
1535624624 11.92
1535624684 11.77
1535624744 11.66
1535624805 11.86
1535624865 11.97
1535624927 11.72
1535624987 11.72
1535625049 11.96
1535625109 11.87
1535625171 11.68
1535625232 11.54
1535625293 11.58
1535625353 11.56
1535625413 11.83
1535625474 11.78
1535625535 11.73
1535625596 11.79
1535625656 11.77
1535625718 11.78
1535625778 11.83
1535625838 11.78
1535625900 11.65
1535625961 11.88
1535626021 11.85
1535626082 11.75
1535626142 11.54
1535626204 11.46
1535626264 11.51
1535626324 11.54
1535626386 11.52
1535626446 11.49
1535626506 11.77
1535626567 11.56
1535626627 11.76
1535626687 11.68
1535626748 11.68
1535626808 11.61
1535626868 11.27
1535626928 11.61
1535626989 11.72
1535627049 11.57
1535627109 11.86
1535627169 11.70
1535627230 11.62
1535627290 11.47
1535627350 11.59
1535627410 11.22
1535627471 11.50
1535627531 11.48
1535627591 11.59
1535627652 11.73
1535627712 11.73
1535627772 11.56
1535627834 11.35
1535627894 11.73
1535627955 11.68
1535628016 11.55
1535628077 11.58
1535628137 11.58
1535628197 11.84
1535628259 11.56
1535628320 11.65
1535628380 11.56
1535628441 11.58
1535628501 11.64
1535628563 11.57
1535628623 11.59
1535628683 11.66
1535628746 11.61
1535628806 11.70
1535628866 11.57
1535628926 11.68
1535628988 11.67
1535629048 11.56
1535629109 11.49
1535629169 11.64
1535629229 11.56
1535629290 11.56
1535629352 11.57
1535629414 11.58
1535629476 11.52
1535629539 11.58
1535629601 11.54
1535629663 11.57
1535629726 11.56
1535629788 11.61
1535629850 11.71
1535629912 11.63
1535629974 11.71
1535630037 11.49
1535630099 11.66
1535630161 11.70
1535630223 11.92
1535630285 11.78
1535630347 11.69
1535630409 11.54
1535630472 11.65
1535630534 11.63
1535630596 11.52
1535630658 11.37
1535630720 11.80
1535630782 12.05
1535630844 11.86
1535630906 11.52
1535630968 12.01
1535631030 11.94
1535631092 11.92
1535631155 11.80
1535631217 11.79
1535631280 11.86
1535631342 11.89
1535631404 12.00
1535631466 12.42
1535631528 12.04
1535631590 11.88
1535631652 12.13
1535631714 11.80
1535631776 11.92
1535631839 11.86
1535631901 12.02
1535631963 11.77
1535632025 11.73
1535632087 11.85
1535632150 11.63
1535632212 12.06
1535632274 11.77
1535632336 11.89
1535632398 12.03
1535632460 11.98
1535632523 12.08
1535632585 12.33
1535632647 11.95
1535632709 12.11
1535632771 12.24
1535632834 11.80
1535632896 12.12
1535632959 12.12
1535633021 11.84
1535633084 12.14
1535633146 11.73
1535633209 11.99
1535633271 12.14
1535633333 12.17
1535633397 11.76
1535633457 11.99
1535633520 11.89
1535633582 11.89
1535633644 11.67
1535633706 11.98
1535633769 11.99
1535633830 12.07
1535633892 11.92
1535633954 11.95
1535634017 12.03
1535634079 11.88
1535634141 12.18
1535634203 12.07
1535634265 12.14
1535634327 12.01
1535634390 12.05
1535634452 12.27
1535634514 11.96
1535634576 12.17
1535634639 11.89
1535634701 11.90
1535634764 12.16
1535634826 12.23
1535634888 12.09
1535634950 11.82
1535635013 12.19
1535635075 12.29
1535635137 12.17
1535635200 11.95
1535635262 12.20
1535635324 12.15
1535635386 12.23
1535635448 12.01
1535635511 12.14
1535635573 12.28
1535635635 12.25
1535635698 12.06
1535635760 12.19
1535635822 12.40
1535635884 12.07
1535635946 12.22
1535636008 12.30
1535636071 12.02
1535636133 12.34
1535636195 12.35
1535636258 12.34
1535636320 12.09
1535636382 11.84
1535636444 12.36
1535636507 12.24
1535636569 12.06
1535636631 12.40
1535636693 12.17
1535636756 12.41
1535636818 12.26
1535636880 12.17
1535636942 12.22
1535637004 12.40
1535637066 12.16
1535637128 12.11
1535637190 12.09
1535637253 12.38
1535637315 12.08
1535637377 12.15
1535637439 12.38
1535637501 12.34
1535637564 12.19
1535637626 12.37
1535637688 12.33
1535637750 12.42
1535637813 12.32
1535637875 12.19
1535637937 12.19
1535638000 12.07
1535638062 12.13
1535638124 12.24
1535638186 12.36
1535638248 12.13
1535638311 12.17
1535638373 12.31
1535638435 12.13
1535638497 12.23
1535638560 12.27
1535638622 12.29
1535638684 12.08
1535638746 12.19
1535638808 12.33
1535638870 12.20
1535638933 12.28
1535638994 12.24
1535639057 12.35
1535639119 12.26
1535639180 12.05
1535639243 12.17
1535639303 12.14
1535639365 11.99
1535639425 12.03
1535639487 11.93
1535639547 12.21
1535639607 11.85
1535639667 12.20
1535639727 11.99
1535639788 11.63
1535639848 12.19
1535639908 12.07
1535639968 12.01
1535640028 12.15
1535640088 12.11
1535640148 12.20
1535640209 12.14
1535640269 12.19
1535640329 12.13
1535640391 12.16
1535640451 11.97
1535640513 11.85
1535640573 11.94
1535640634 12.04
1535640694 12.14
1535640754 12.03
1535640815 12.05
1535640875 12.10
1535640935 11.89
1535640995 11.64
1535641056 11.95
1535641116 12.04
1535641178 12.10
1535641240 12.05
1535641300 11.98
1535641362 12.04
1535641424 12.15
1535641485 11.91
1535641545 12.03
1535641605 12.02
1535641665 11.95
1535641725 12.02
1535641786 11.98
1535641846 12.10
1535641908 12.09
1535641968 12.09
1535642028 12.07
1535642088 12.01
1535642149 11.94
1535642209 12.07
1535642271 12.03
1535642332 11.95
1535642392 12.17
1535642452 11.99
1535642512 12.14
1535642573 12.02
1535642633 12.07
1535642693 11.92
1535642754 12.08
1535642814 11.97
1535642874 12.11
1535642934 12.03
1535642994 11.92
1535643054 12.07
1535643115 12.02
1535643175 11.82
1535643237 12.07
1535643297 11.91
1535643357 11.92
1535643417 11.86
1535643479 12.04
1535643541 12.15
1535643602 11.82
1535643664 11.91
1535643726 11.87
1535643786 11.89
1535643846 12.12
1535643908 11.95
1535643968 12.10
1535644028 12.02
1535644090 12.13
1535644151 12.05
1535644211 11.97
1535644271 12.03
1535644331 11.96
1535644391 12.02
1535644451 11.96
1535644512 12.01
1535644572 11.83
1535644634 11.87
1535644694 12.00
1535644754 11.97
1535644816 12.06
1535644878 11.93
1535644938 11.92
1535645000 11.96
1535645061 12.00
1535645121 11.93
1535645182 11.92
1535645245 12.00
1535645307 11.95
1535645367 12.02
1535645429 11.93
1535645489 11.89
1535645551 11.95
1535645613 11.94
1535645673 12.09
1535645733 11.97
1535645794 11.97
1535645854 11.98
1535645914 11.86
1535645974 11.69
1535646036 11.85
1535646096 11.77
1535646158 11.86
1535646218 12.03
1535646278 11.92
1535646338 11.92
1535646400 11.51
1535646460 11.85
1535646522 11.84
1535646582 11.77
1535646642 11.73
1535646704 11.79
1535646764 11.96
1535646825 11.76
1535646887 11.89
1535646947 12.01
1535647009 11.82
1535647069 11.84
1535647129 11.97
1535647190 11.76
1535647250 11.91
1535647310 11.72
1535647370 11.91
1535647430 11.95
1535647491 11.73
1535647551 12.06
1535647611 11.88
1535647672 12.00
1535647732 12.00
1535647792 11.95
1535647852 11.92
1535647913 12.02
1535647973 11.88
1535648034 12.05
1535648094 12.00
1535648154 11.92
1535648214 11.97
1535648275 11.82
1535648336 11.99
1535648398 11.95
1535648458 11.73
1535648519 11.99
1535648579 12.02
1535648639 11.99
1535648700 11.90
1535648760 11.72
1535648820 11.77
1535648880 11.95
1535648941 11.94
1535649001 12.09
1535649063 11.39
1535649123 12.02
1535649184 12.04
1535649244 11.84
1535649304 11.96
1535649364 11.93
1535649424 11.83
1535649485 11.99
1535649545 11.81
1535649606 11.97
1535649666 11.62
1535649726 11.76
1535649786 12.02
1535649848 11.97
1535649910 11.86
1535649971 11.85
1535650031 11.78
1535650091 11.66
1535650152 11.48
1535650212 11.75
1535650272 11.71
1535650332 11.77
1535650394 11.72
1535650455 11.98
1535650515 11.78
1535650575 12.09
1535650638 12.08
1535650698 11.91
1535650758 11.88
1535650818 11.86
1535650880 11.87
1535650940 12.04
1535651001 11.94
1535651061 11.97
1535651121 11.93
1535651181 11.78
1535651243 11.88
1535651304 11.68
1535651364 11.89
1535651424 11.77
1535651486 11.88
1535651546 11.73
1535651606 11.67
1535651667 11.93
1535651728 11.83
1535651789 11.88
1535651849 11.70
1535651911 11.89
1535651971 11.72
1535652032 11.95
1535652092 11.96
1535652152 11.68
1535652212 11.72
1535652273 11.81
1535652334 11.74
1535652394 11.93
1535652455 11.75
1535652515 11.84
1535652575 11.72
1535652635 11.89
1535652696 11.77
1535652758 11.75
1535652818 11.83
1535652878 11.92
1535652938 11.91
1535652998 11.67
1535653060 11.87
1535653120 11.90
1535653181 12.00
1535653241 11.86
1535653303 12.09
1535653364 11.87
1535653425 11.96
1535653487 11.99
1535653547 11.79
1535653608 11.55
1535653668 11.93
1535653730 11.93
1535653790 11.85
1535653850 11.95
1535653912 11.81
1535653973 11.89
1535654033 11.92
1535654093 11.93
1535654153 11.94
1535654214 11.77
1535654274 11.94
1535654336 12.09
1535654398 11.83
1535654458 11.80
1535654519 11.95
1535654579 11.94
1535654639 11.93
1535654701 11.94
1535654762 11.86
1535654822 11.79
1535654884 11.91
1535654946 11.67
1535655008 11.97
1535655069 12.05
1535655131 11.84
1535655191 11.96
1535655253 11.95
1535655314 11.83
1535655374 11.88
1535655435 11.89
1535655495 12.03
1535655555 11.98
1535655617 11.90
1535655677 11.79
1535655739 11.94
1535655799 11.89
1535655859 11.95
1535655919 11.86
1535655980 11.97
1535656042 11.72
1535656102 11.88
1535656162 11.74
1535656224 11.79
1535656284 11.73
1535656344 11.76
1535656406 12.00
1535656466 11.69
1535656527 11.73
1535656587 11.78
1535656649 11.89
1535656711 11.89
1535656771 11.74
1535656831 11.93
1535656892 11.52
1535656952 11.99
1535657014 11.93
1535657076 11.92
1535657136 11.76
1535657196 12.00
1535657257 11.48
1535657316 11.88
1535657376 12.06
1535657438 11.83
1535657498 11.95
1535657560 11.68
1535657622 11.92
1535657682 11.87
1535657743 11.95
1535657803 11.98
1535657864 11.90
1535657924 11.87
1535657986 11.82
1535658046 12.27
1535658108 11.93
1535658170 11.75
1535658230 12.08
1535658291 11.67
1535658351 12.01
1535658411 11.79
1535658471 11.89
1535658532 11.93
1535658593 11.98
1535658655 11.82
1535658716 11.87
1535658778 11.87
1535658838 11.98
1535658898 11.83
1535658959 12.00
1535659019 12.21
1535659079 11.78
1535659140 11.95
1535659200 11.80
1535659261 11.77
1535659321 11.90
1535659381 11.99
1535659441 11.65
1535659503 11.92
1535659564 11.99
1535659625 11.94
1535659685 11.43
1535659746 11.92
1535659806 11.92
1535659868 11.95
1535659928 12.24
1535659989 11.90
1535660049 11.96
1535660110 12.07
1535660170 11.89
1535660230 11.84
1535660290 11.99
1535660350 12.02
1535660412 11.91
1535660473 11.92
1535660533 11.96
1535660595 12.00
1535660655 11.77
1535660717 12.08
1535660777 11.82
1535660837 11.79
1535660897 11.78
1535660958 11.46
1535661018 11.67
1535661078 11.90
1535661138 11.82
1535661199 11.88
1535661259 12.12
1535661321 11.90
1535661381 11.82
1535661442 11.77
1535661502 11.87
1535661564 12.05
1535661624 11.44
1535661685 11.98
1535661745 11.87
1535661805 11.78
1535661866 12.01
1535661926 11.86
1535661986 11.96
1535662047 12.00
1535662107 11.95
1535662167 12.12
1535662227 12.11
1535662289 12.03
1535662351 11.80
1535662411 11.91
1535662472 12.01
1535662534 11.98
1535662596 11.77
1535662656 11.97
1535662716 11.94
1535662777 11.64
1535662837 12.01
