1535403629 24.19
1535403690 24.20
1535403750 24.17
1535403810 24.18
1535403870 24.20
1535403931 24.14
1535403991 24.18
1535404051 24.15
1535404111 24.17
1535404172 24.18
1535404232 24.19
1535404294 24.20
1535404357 24.16
1535404417 24.16
1535404477 24.14
1535404539 24.17
1535404599 24.16
1535404661 24.19
1535404723 24.24
1535404784 24.20
1535404844 24.21
1535404904 24.20
1535404964 24.20
1535405025 24.22
1535405085 24.21
1535405145 24.20
1535405207 24.21
1535405269 24.21
1535405332 24.21
1535405392 24.20
1535405452 24.20
1535405512 24.19
1535405572 24.21
1535405632 24.24
1535405693 24.24
1535405753 24.23
1535405813 24.23
1535405873 24.20
1535405935 24.20
1535405995 24.22
1535406058 24.17
1535406120 24.24
1535406182 24.20
1535406242 24.22
1535406304 24.17
1535406366 24.22
1535406426 24.20
1535406488 24.21
1535406548 24.23
1535406610 24.20
1535406672 24.23
1535406732 24.21
1535406792 24.23
1535406853 24.23
1535406913 24.18
1535406973 24.19
1535407033 24.20
1535407093 24.20
1535407153 24.17
1535407214 24.18
1535407274 24.20
1535407336 24.21
1535407396 24.21
1535407456 24.20
1535407517 24.21
1535407577 24.20
1535407637 24.23
1535407698 24.25
1535407758 24.20
1535407820 24.24
1535407883 24.23
1535407945 24.23
1535408008 24.20
1535408070 24.19
1535408132 24.21
1535408194 24.23
1535408256 24.18
1535408319 24.24
1535408381 24.24
1535408443 24.20
1535408505 24.21
1535408565 24.18
1535408627 24.22
1535408688 24.15
1535408748 24.23
1535408808 24.20
1535408868 24.20
1535408929 24.19
1535408991 24.21
1535409051 24.18
1535409111 24.16
1535409173 24.21
1535409235 24.19
1535409295 24.17
1535409357 24.19
1535409417 24.22
1535409478 24.20
1535409538 24.20
1535409598 24.20
1535409658 24.20
1535409720 24.24
1535409781 24.21
1535409841 24.22
1535409901 24.17
1535409963 24.19
1535410025 24.22
1535410086 24.18
1535410146 24.19
1535410206 24.20
1535410266 24.21
1535410327 24.20
1535410387 24.20
1535410447 24.18
1535410509 24.19
1535410569 24.20
1535410629 24.20
1535410691 24.17
1535410752 24.20
1535410813 24.20
1535410873 24.21
1535410933 24.21
1535410993 24.19
1535411053 24.19
1535411114 24.20
1535411174 24.26
1535411236 24.23
1535411296 24.22
1535411356 24.24
1535411416 24.20
1535411476 24.21
1535411537 24.22
1535411599 24.22
1535411659 24.19
1535411719 24.21
1535411781 24.20
1535411841 24.21
1535411902 24.21
1535411962 24.21
1535412022 24.21
1535412082 24.21
1535412144 24.20
1535412204 24.19
1535412264 24.21
1535412325 24.22
1535412387 24.23
1535412447 24.23
1535412507 24.18
1535412569 24.23
1535412630 24.22
1535412690 24.22
1535412751 24.20
1535412811 24.21
1535412871 24.21
1535412932 24.22
1535412992 24.21
1535413052 24.22
1535413112 24.20
1535413172 24.21
1535413234 24.18
1535413297 24.25
1535413357 24.21
1535413417 24.22
1535413478 24.24
1535413538 24.20
1535413598 24.22
1535413659 24.21
1535413719 24.24
1535413779 24.25
1535413840 24.24
1535413900 24.21
1535413962 24.21
1535414024 24.23
1535414086 24.21
1535414146 24.18
1535414207 24.24
1535414267 24.23
1535414327 24.20
1535414389 24.23
1535414449 24.24
1535414509 24.23
1535414569 24.26
1535414629 24.21
1535414690 24.21
1535414750 24.20
1535414812 24.24
1535414874 24.21
1535414934 24.23
1535414994 24.25
1535415054 24.24
1535415116 24.23
1535415176 24.23
1535415237 24.22
1535415297 24.23
1535415357 24.22
1535415418 24.19
1535415479 24.19
1535415539 24.21
1535415599 24.18
1535415659 24.23
1535415721 24.21
1535415782 24.23
1535415843 24.20
1535415903 24.21
1535415963 24.23
1535416025 24.25
1535416085 24.22
1535416145 24.23
1535416206 24.23
1535416266 24.21
1535416328 24.19
1535416388 24.22
1535416449 24.22
1535416511 24.21
1535416571 24.20
1535416631 24.22
1535416691 24.24
1535416751 24.25
1535416811 24.22
1535416872 24.22
1535416932 24.26
1535416994 24.24
1535417054 24.25
1535417114 24.23
1535417176 24.21
1535417236 24.22
1535417296 24.22
1535417358 24.23
1535417420 24.21
1535417482 24.22
1535417544 24.25
1535417604 24.23
1535417666 24.19
1535417726 24.19
1535417788 24.17
1535417849 24.20
1535417909 24.23
1535417970 24.23
1535418032 24.20
1535418092 24.21
1535418152 24.22
1535418213 24.22
1535418273 24.24
1535418333 24.22
1535418395 24.26
1535418457 24.21
1535418517 24.24
1535418577 24.23
1535418637 24.21
1535418697 24.23
1535418757 24.24
1535418818 24.22
1535418878 24.26
1535418938 24.22
1535419000 24.24
1535419062 24.25
1535419122 24.21
1535419182 24.21
1535419242 24.25
1535419303 24.21
1535419364 24.26
1535419425 24.27
1535419485 24.25
1535419545 24.22
1535419605 24.21
1535419667 24.26
1535419727 24.23
1535419788 24.23
1535419848 24.21
1535419910 24.20
1535419972 24.22
1535420034 24.21
1535420097 24.25
1535420159 24.26
1535420220 24.21
1535420279 24.24
1535420340 24.21
1535420400 24.24
1535420460 24.25
1535420521 24.23
1535420581 24.24
1535420641 24.27
1535420701 24.20
1535420762 24.22
1535420824 24.23
1535420884 24.22
1535420946 24.24
1535421007 24.23
1535421068 24.21
1535421128 24.23
1535421188 24.25
1535421248 24.20
1535421308 24.26
1535421369 24.26
1535421429 24.26
1535421491 24.25
1535421554 24.24
1535421616 24.27
1535421676 24.23
1535421737 24.24
1535421799 24.26
1535421859 24.26
1535421919 24.24
1535421979 24.24
1535422040 24.23
1535422100 24.24
1535422161 24.26
1535422221 24.25
1535422281 24.21
1535422344 24.28
1535422406 24.27
1535422468 24.24
1535422530 24.26
1535422592 24.25
1535422652 24.25
1535422713 24.23
1535422773 24.24
1535422834 24.24
1535422894 24.25
1535422956 24.25
1535423016 24.26
1535423076 24.24
1535423136 24.26
1535423197 24.25
1535423257 24.27
1535423317 24.24
1535423377 24.22
1535423438 24.25
1535423498 24.24
1535423558 24.22
1535423619 24.26
1535423680 24.21
1535423741 24.25
1535423803 24.24
1535423863 24.24
1535423923 24.22
1535423984 24.27
1535424046 24.30
1535424108 24.24
1535424170 24.25
1535424230 24.25
1535424290 24.25
1535424352 24.27
1535424413 24.25
1535424475 24.21
1535424535 24.25
1535424596 24.24
1535424656 24.28
1535424717 24.27
1535424777 24.25
1535424838 24.25
1535424899 24.25
1535424961 24.28
1535425022 24.27
1535425082 24.24
1535425143 24.27
1535425203 24.27
1535425265 24.25
1535425325 24.26
1535425386 24.25
1535425446 24.26
1535425506 24.26
1535425566 24.27
1535425626 24.29
1535425686 24.28
1535425746 24.27
1535425809 24.26
1535425871 24.30
1535425931 24.28
1535425993 24.26
1535426055 24.28
1535426115 24.26
1535426177 24.29
1535426237 24.28
1535426297 24.29
1535426359 24.25
1535426419 24.31
1535426480 24.26
1535426540 24.28
1535426600 24.30
1535426661 24.31
1535426721 24.28
1535426781 24.27
1535426841 24.27
1535426901 24.27
1535426962 24.27
1535427022 24.29
1535427082 24.30
1535427142 24.29
1535427204 24.28
1535427266 24.32
1535427325 24.32
1535427386 24.28
1535427446 24.28
1535427506 24.32
1535427566 24.29
1535427626 24.31
1535427686 24.30
1535427747 24.32
1535427807 24.32
1535427867 24.28
1535427927 24.30
1535427987 24.31
1535428049 24.30
1535428112 24.31
1535428174 24.29
1535428235 24.30
1535428295 24.29
1535428355 24.30
1535428415 24.31
1535428475 24.34
1535428535 24.30
1535428595 24.30
1535428656 24.31
1535428716 24.32
1535428778 24.32
1535428840 24.33
1535428902 24.31
1535428962 24.34
1535429024 24.33
1535429084 24.31
1535429146 24.32
1535429208 24.33
1535429268 24.31
1535429328 24.33
1535429388 24.31
1535429449 24.35
1535429509 24.33
1535429569 24.33
1535429629 24.34
1535429691 24.31
1535429751 24.37
1535429812 24.32
1535429874 24.32
1535429936 24.33
1535429998 24.33
1535430060 24.33
1535430120 24.34
1535430180 24.30
1535430240 24.33
1535430301 24.33
1535430361 24.31
1535430421 24.35
1535430482 24.32
1535430542 24.35
1535430603 24.34
1535430663 24.31
1535430725 24.35
1535430787 24.30
1535430849 24.32
1535430909 24.32
1535430969 24.34
1535431030 24.34
1535431090 24.34
1535431152 24.32
1535431214 24.32
1535431274 24.31
1535431336 24.30
1535431396 24.33
1535431456 24.33
1535431517 24.32
1535431577 24.32
1535431638 24.33
1535431699 24.31
1535431760 24.32
1535431822 24.34
1535431882 24.32
1535431942 24.32
1535432002 24.30
1535432063 24.32
1535432123 24.32
1535432185 24.32
1535432247 24.32
1535432307 24.29
1535432368 24.31
1535432428 24.29
1535432490 24.28
1535432550 24.30
1535432610 24.29
1535432670 24.32
1535432732 24.33
1535432792 24.30
1535432853 24.33
1535432913 24.32
1535432973 24.30
1535433035 24.30
1535433096 24.29
1535433156 24.31
1535433218 24.27
1535433278 24.27
1535433340 24.29
1535433400 24.30
1535433460 24.25
1535433522 24.27
1535433582 24.28
1535433642 24.30
1535433703 24.29
1535433763 24.28
1535433823 24.33
1535433885 24.31
1535433947 24.33
1535434007 24.30
1535434068 24.31
1535434128 24.32
1535434190 24.32
1535434252 24.33
1535434314 24.35
1535434374 24.35
1535434434 24.32
1535434494 24.33
1535434555 24.33
1535434616 24.35
1535434677 24.34
1535434737 24.35
1535434797 24.39
1535434858 24.34
1535434918 24.32
1535434978 24.34
1535435039 24.34
1535435099 24.32
1535435161 24.32
1535435221 24.34
1535435281 24.33
1535435341 24.31
1535435402 24.32
1535435462 24.29
1535435522 24.30
1535435582 24.32
1535435643 24.31
1535435703 24.31
1535435763 24.30
1535435823 24.30
1535435885 24.32
1535435945 24.27
1535436005 24.30
1535436065 24.30
1535436126 24.28
1535436186 24.31
1535436246 24.31
1535436308 24.30
1535436368 24.30
1535436430 24.30
1535436490 24.30
1535436552 24.29
1535436612 24.30
1535436674 24.32
1535436734 24.30
1535436796 24.33
1535436856 24.38
1535436916 24.37
1535436977 24.34
1535437038 24.34
1535437101 24.34
1535437161 24.34
1535437221 24.33
1535437283 24.34
1535437344 24.37
1535437404 24.32
1535437466 24.34
1535437528 24.35
1535437589 24.32
1535437651 24.39
1535437712 24.33
1535437772 24.36
1535437833 24.32
1535437893 24.32
1535437954 24.34
1535438016 24.37
1535438076 24.39
1535438136 24.35
1535438198 24.36
1535438258 24.34
1535438319 24.35
1535438379 24.35
1535438441 24.37
1535438501 24.37
1535438561 24.34
1535438622 24.37
1535438682 24.37
1535438742 24.35
1535438802 24.41
1535438862 24.38
1535438923 24.35
1535438983 24.38
1535439043 24.35
1535439105 24.39
1535439165 24.35
1535439226 24.35
1535439288 24.37
1535439348 24.37
1535439408 24.34
1535439468 24.36
1535439529 24.35
1535439589 24.33
1535439649 24.38
1535439710 24.36
1535439771 24.35
1535439833 24.33
1535439894 24.35
1535439956 24.31
1535440016 24.37
1535440076 24.38
1535440136 24.35
1535440197 24.35
1535440257 24.37
1535440317 24.34
1535440377 24.35
1535440439 24.33
1535440501 24.38
1535440563 24.37
1535440623 24.38
1535440683 24.35
1535440745 24.38
1535440807 24.38
1535440868 24.35
1535440928 24.37
1535440988 24.35
1535441050 24.35
1535441110 24.35
1535441171 24.40
1535441231 24.35
1535441291 24.38
1535441352 24.32
1535441412 24.35
1535441472 24.31
1535441533 24.36
1535441593 24.33
1535441653 24.33
1535441715 24.31
1535441775 24.30
1535441835 24.27
1535441896 24.30
1535441956 24.29
1535442017 24.32
1535442078 24.30
1535442139 24.27
1535442201 24.30
1535442261 24.30
1535442321 24.28
1535442382 24.30
1535442442 24.32
1535442502 24.30
1535442563 24.30
1535442623 24.29
1535442684 24.31
1535442745 24.29
1535442806 24.29
1535442866 24.27
1535442928 24.30
1535442990 24.30
1535443050 24.31
1535443110 24.34
1535443172 24.27
1535443234 24.30
1535443294 24.27
1535443354 24.27
1535443414 24.29
1535443474 24.33
1535443535 24.28
1535443595 24.29
1535443655 24.28
1535443715 24.28
1535443776 24.32
1535443836 24.38
1535443896 24.37
1535443958 24.45
1535444020 24.33
1535444081 24.32
1535444141 24.32
1535444202 24.33
1535444265 24.33
1535444325 24.34
1535444385 24.33
1535444445 24.32
1535444505 24.34
1535444567 24.33
1535444627 24.32
1535444688 24.32
1535444748 24.33
1535444810 24.38
1535444872 24.37
1535444932 24.37
1535444993 24.35
1535445053 24.32
1535445113 24.34
1535445175 24.34
1535445235 24.34
1535445295 24.35
1535445356 24.35
1535445416 24.36
1535445477 24.35
1535445537 24.37
1535445598 24.35
1535445660 24.30
1535445720 24.35
1535445780 24.32
1535445841 24.31
1535445901 24.35
1535445962 24.32
1535446022 24.33
1535446082 24.32
1535446142 24.33
1535446203 24.32
1535446263 24.32
1535446323 24.33
1535446385 24.31
1535446445 24.30
1535446505 24.32
1535446566 24.29
1535446626 24.34
1535446688 24.33
1535446748 24.33
1535446808 24.32
1535446869 24.35
1535446929 24.35
1535446989 24.33
1535447049 24.33
1535447109 24.37
1535447169 24.33
1535447231 24.35
1535447291 24.32
1535447351 24.31
1535447412 24.30
1535447472 24.36
1535447532 24.32
1535447593 24.30
1535447653 24.34
1535447713 24.31
1535447775 24.34
1535447835 24.34
1535447896 24.34
1535447956 24.35
1535448016 24.31
1535448076 24.34
1535448137 24.34
1535448197 24.33
1535448257 24.38
1535448319 24.39
1535448381 24.32
1535448441 24.33
1535448501 24.34
1535448564 24.37
1535448624 24.36
1535448684 24.34
1535448746 24.33
1535448806 24.38
1535448867 24.33
1535448927 24.34
1535448987 24.37
1535449047 24.34
1535449109 24.33
1535449170 24.33
1535449230 24.36
1535449290 24.34
1535449352 24.34
1535449412 24.37
1535449473 24.36
1535449533 24.37
1535449595 24.34
1535449656 24.33
1535449716 24.35
1535449776 24.37
1535449837 24.40
1535449897 24.38
1535449957 24.37
1535450018 24.34
1535450080 24.37
1535450140 24.35
1535450201 24.37
1535450261 24.39
1535450322 24.36
1535450382 24.35
1535450442 24.35
1535450503 24.35
1535450563 24.36
1535450623 24.37
1535450683 24.38
1535450743 24.34
1535450804 24.38
1535450866 24.36
1535450926 24.35
1535450986 24.38
1535451048 24.37
1535451108 24.37
1535451169 24.39
1535451231 24.36
1535451293 24.38
1535451353 24.38
1535451413 24.40
1535451473 24.38
1535451533 24.38
1535451593 24.37
1535451653 24.37
1535451714 24.36
1535451774 24.38
1535451834 24.36
1535451894 24.40
1535451956 24.43
1535452016 24.42
1535452078 24.43
1535452139 24.47
1535452199 24.70
1535452259 24.69
1535452319 24.72
1535452379 24.68
1535452441 24.62
1535452503 24.63
1535452563 24.67
1535452624 24.58
1535452683 24.57
1535452746 24.56
1535452806 24.51
1535452866 24.47
1535452926 24.50
1535452987 24.51
1535453047 24.55
1535453109 24.56
1535453171 24.50
1535453233 24.50
1535453293 24.50
1535453354 24.49
1535453414 24.50
1535453475 24.53
1535453535 24.52
1535453595 24.52
1535453655 24.52
1535453717 24.61
1535453779 24.60
1535453839 24.64
1535453901 24.56
1535453963 24.52
1535454023 24.50
1535454083 24.51
1535454143 24.61
1535454205 24.62
1535454266 24.69
1535454326 24.62
1535454386 24.64
1535454448 24.76
1535454509 24.69
1535454569 24.83
1535454629 24.71
1535454691 24.64
1535454752 24.63
1535454812 24.62
1535454872 24.51
1535454934 24.48
1535454994 24.51
1535455056 24.48
1535455116 24.49
1535455176 24.48
1535455237 24.43
1535455297 24.46
1535455357 24.45
1535455417 24.38
1535455477 24.37
1535455537 24.35
1535455599 24.44
1535455660 24.42
1535455722 24.37
1535455784 24.44
1535455846 24.34
1535455906 24.35
1535455966 24.34
1535456027 24.33
1535456087 24.35
1535456147 24.35
1535456208 24.36
1535456268 24.32
1535456328 24.33
1535456389 24.32
1535456449 24.32
1535456509 24.33
1535456569 24.32
1535456630 24.32
1535456690 24.28
1535456750 24.31
1535456812 24.32
1535456874 24.33
1535456936 24.32
1535456996 24.38
1535457058 24.35
1535457118 24.38
1535457178 24.40
1535457240 24.37
1535457300 24.35
1535457362 24.40
1535457422 24.38
1535457484 24.41
1535457546 24.37
1535457608 24.41
1535457668 24.39
1535457728 24.38
1535457790 24.35
1535457850 24.39
1535457911 24.33
1535457971 24.26
1535458031 24.27
1535458092 24.18
1535458152 24.25
1535458212 24.27
1535458272 24.26
1535458334 24.26
1535458394 24.25
1535458454 24.25
1535458515 24.23
1535458576 24.25
1535458636 24.24
1535458697 24.26
1535458757 24.29
1535458817 24.25
1535458877 24.27
1535458938 24.22
1535458998 24.25
1535459060 24.28
1535459122 24.27
1535459182 24.35
1535459242 24.32
1535459303 24.27
1535459363 24.30
1535459425 24.28
1535459487 24.32
1535459547 24.33
1535459608 24.35
1535459668 24.33
1535459728 24.32
1535459789 24.35
1535459849 24.37
1535459909 24.37
1535459969 24.38
1535460030 24.39
1535460092 24.37
1535460152 24.34
1535460212 24.39
1535460274 24.34
1535460335 24.34
1535460395 24.38
1535460455 24.38
1535460515 24.37
1535460576 24.40
1535460638 24.38
1535460700 24.38
1535460762 24.34
1535460822 24.38
1535460882 24.36
1535460943 24.38
1535461003 24.40
1535461065 24.41
1535461125 24.39
1535461186 24.41
1535461247 24.40
1535461308 24.41
1535461368 24.43
1535461430 24.42
1535461490 24.42
1535461550 24.41
1535461611 24.43
1535461671 24.44
1535461731 24.46
1535461793 24.46
1535461854 24.47
1535461914 24.45
1535461974 24.45
1535462036 24.48
1535462097 24.45
1535462159 24.45
1535462219 24.47
1535462279 24.46
1535462339 24.42
1535462399 24.42
1535462460 24.44
1535462520 24.45
1535462580 24.46
1535462640 24.45
1535462701 24.45
1535462761 24.46
1535462821 24.43
1535462883 24.47
1535462943 24.47
1535463004 24.47
1535463064 24.45
1535463124 24.46
1535463184 24.47
1535463244 24.49
1535463304 24.48
1535463364 24.47
1535463425 24.45
1535463487 24.47
1535463547 24.48
1535463607 24.48
1535463667 24.48
1535463729 24.47
1535463790 24.44
1535463850 24.47
1535463911 24.47
1535463971 24.48
1535464032 24.50
1535464092 24.48
1535464152 24.52
1535464212 24.48
1535464272 24.47
1535464333 24.47
1535464393 24.47
1535464453 24.48
1535464513 24.47
1535464575 24.48
1535464636 24.49
1535464697 24.49
1535464757 24.47
1535464819 24.47
1535464881 24.49
1535464942 24.48
1535465004 24.51
1535465065 24.48
1535465126 24.48
1535465186 24.48
1535465248 24.47
1535465308 24.50
1535465370 24.49
1535465430 24.50
1535465490 24.48
1535465550 24.49
1535465610 24.50
1535465671 24.52
1535465731 24.48
1535465793 24.50
1535465853 24.53
1535465913 24.52
1535465975 24.53
1535466037 24.52
1535466099 24.51
1535466160 24.50
1535466220 24.52
1535466280 24.48
1535466343 24.53
1535466402 24.49
1535466463 24.49
1535466523 24.52
1535466585 24.50
1535466647 24.46
1535466709 24.48
1535466769 24.48
1535466831 24.52
1535466891 24.50
1535466952 24.51
1535467012 24.51
1535467072 24.50
1535467132 24.52
1535467192 24.51
1535467254 24.47
1535467316 24.51
1535467378 24.51
1535467440 24.50
1535467503 24.55
1535467563 24.50
1535467623 24.50
1535467684 24.52
1535467744 24.51
1535467804 24.50
1535467864 24.58
1535467926 24.49
1535467988 24.49
1535468048 24.50
1535468108 24.51
1535468168 24.49
1535468228 24.49
1535468289 24.54
1535468349 24.51
1535468410 24.51
1535468470 24.53
1535468530 24.53
1535468591 24.50
1535468651 24.49
1535468712 24.52
1535468772 24.56
1535468834 24.56
1535468894 24.57
1535468956 24.57
1535469019 24.62
1535469079 24.56
1535469139 24.55
1535469200 24.54
1535469262 24.54
1535469322 24.50
1535469382 24.58
1535469443 24.55
1535469503 24.53
1535469565 24.54
1535469625 24.54
1535469685 24.54
1535469747 24.53
1535469807 24.55
1535469869 24.52
1535469929 24.54
1535469990 24.54
1535470050 24.54
1535470110 24.55
1535470170 24.52
1535470231 24.54
1535470291 24.56
1535470351 24.55
1535470413 24.61
1535470475 24.60
1535470535 24.59
1535470596 24.60
1535470656 24.65
1535470716 24.64
1535470776 24.62
1535470837 24.64
1535470899 24.72
1535470961 24.69
1535471021 24.69
1535471083 24.65
1535471143 24.73
1535471203 24.63
1535471264 24.67
1535471324 24.67
1535471386 24.64
1535471446 24.61
1535471506 24.62
1535471568 24.61
1535471628 24.61
1535471689 24.60
1535471749 24.64
1535471809 24.65
1535471870 24.60
1535471932 24.63
1535471992 24.60
1535472054 24.59
1535472114 24.65
1535472176 24.64
1535472238 24.64
1535472300 24.64
1535472360 24.63
1535472422 24.59
1535472482 24.62
1535472542 24.61
1535472603 24.57
1535472663 24.60
1535472723 24.58
1535472785 24.64
1535472847 24.63
1535472907 24.59
1535472969 24.62
1535473031 24.63
1535473091 24.61
1535473152 24.65
1535473212 24.59
1535473274 24.61
1535473334 24.62
1535473394 24.60
1535473456 24.60
1535473516 24.61
1535473578 24.62
1535473639 24.61
1535473699 24.59
1535473759 24.59
1535473819 24.60
1535473880 24.58
1535473940 24.59
1535474000 24.60
1535474060 24.64
1535474121 24.67
1535474183 24.60
1535474243 24.59
1535474303 24.59
1535474365 24.57
1535474426 24.61
1535474486 24.60
1535474547 24.62
1535474607 24.57
1535474667 24.57
1535474729 24.58
1535474789 24.59
1535474851 24.55
1535474911 24.58
1535474972 24.53
1535475032 24.57
1535475093 24.43
1535475153 24.32
1535475213 24.37
1535475274 24.43
1535475334 24.39
1535475394 24.42
1535475456 24.44
1535475518 24.45
1535475578 24.39
1535475639 24.38
1535475699 24.42
1535475759 24.39
1535475819 24.39
1535475880 24.35
1535475940 24.38
1535476000 24.44
1535476060 24.42
1535476121 24.41
1535476183 24.43
1535476245 24.41
1535476305 24.40
1535476365 24.43
1535476425 24.37
1535476485 24.45
1535476545 24.42
1535476607 24.41
1535476667 24.44
1535476728 24.45
1535476788 24.45
1535476848 24.41
1535476910 24.42
1535476970 24.43
1535477031 24.49
1535477093 24.41
1535477153 24.40
1535477213 24.42
1535477274 24.37
1535477334 24.42
1535477394 24.37
1535477454 24.29
1535477516 24.30
1535477576 24.37
1535477637 24.32
1535477697 24.25
1535477757 24.31
1535477819 24.26
1535477879 24.20
1535477939 24.28
1535478000 24.27
1535478060 24.23
1535478120 24.20
1535478181 24.24
1535478243 24.18
1535478305 24.12
1535478365 24.15
1535478427 24.13
1535478489 24.17
1535478549 24.21
1535478609 24.21
1535478670 24.20
1535478730 24.14
1535478790 24.10
1535478850 24.24
1535478912 24.11
1535478972 24.21
1535479033 24.28
1535479093 24.23
1535479153 24.20
1535479213 24.19
1535479274 24.24
1535479334 24.13
1535479394 24.16
1535479456 24.19
1535479518 24.21
1535479580 24.20
1535479640 24.20
1535479702 24.18
1535479764 24.20
1535479825 24.24
1535479885 24.23
1535479945 24.21
1535480006 24.22
1535480066 24.27
1535480127 24.23
1535480187 24.24
1535480247 24.21
1535480308 24.21
1535480368 24.25
1535480430 24.24
1535480492 24.26
1535480552 24.21
1535480612 24.33
1535480673 24.25
1535480733 24.33
1535480793 24.31
1535480853 24.30
1535480914 24.33
1535480974 24.32
1535481034 24.32
1535481096 24.30
1535481157 24.31
1535481218 24.32
1535481278 24.31
1535481338 24.34
1535481399 24.35
1535481459 24.39
1535481519 24.39
1535481581 24.40
1535481643 24.37
1535481703 24.40
1535481765 24.42
1535481826 24.38
1535481886 24.39
1535481946 24.40
1535482007 24.41
1535482068 24.37
1535482129 24.38
1535482189 24.39
1535482249 24.44
1535482309 24.40
1535482370 24.44
1535482430 24.43
1535482490 24.44
1535482550 24.43
1535482610 24.42
1535482672 24.45
1535482734 24.45
1535482795 24.45
1535482855 24.41
1535482915 24.45
1535482977 24.44
1535483038 24.45
1535483098 24.45
1535483160 24.49
1535483220 24.45
1535483282 24.45
1535483343 24.48
1535483403 24.47
1535483463 24.46
1535483524 24.45
1535483584 24.49
1535483644 24.47
1535483706 24.49
1535483766 24.47
1535483826 24.48
1535483886 24.49
1535483949 24.50
1535484009 24.49
1535484069 24.49
1535484129 24.48
1535484190 24.48
1535484251 24.49
1535484312 24.49
1535484374 24.49
1535484435 24.48
1535484496 24.47
1535484556 24.49
1535484616 24.50
1535484676 24.48
1535484737 24.48
1535484797 24.48
1535484857 24.51
1535484917 24.48
1535484979 24.50
1535485039 24.49
1535485100 24.51
1535485160 24.50
1535485220 24.51
1535485280 24.50
1535485341 24.50
1535485403 24.48
1535485465 24.49
1535485525 24.53
1535485586 24.50
1535485646 24.50
1535485706 24.50
1535485766 24.48
1535485826 24.50
1535485886 24.52
1535485947 24.51
1535486007 24.52
1535486067 24.51
1535486128 24.52
1535486190 24.53
1535486250 24.50
1535486312 24.52
1535486372 24.52
1535486432 24.51
1535486493 24.54
1535486553 24.50
1535486615 24.50
1535486675 24.52
1535486735 24.52
1535486795 24.50
1535486855 24.51
1535486916 24.50
1535486976 24.53
1535487036 24.53
1535487097 24.50
1535487157 24.52
1535487217 24.53
1535487277 24.50
1535487337 24.53
1535487399 24.53
1535487459 24.50
1535487519 24.53
1535487579 24.52
1535487640 24.52
1535487700 24.52
1535487760 24.50
1535487820 24.52
1535487880 24.53
1535487940 24.52
1535488001 24.53
1535488063 24.53
1535488123 24.52
1535488183 24.53
1535488245 24.53
1535488305 24.53
1535488365 24.53
1535488426 24.52
1535488488 24.54
1535488548 24.53
1535488610 24.53
1535488670 24.54
1535488732 24.57
1535488793 24.55
1535488853 24.55
1535488913 24.53
1535488974 24.55
1535489034 24.56
1535489096 24.53
1535489156 24.53
1535489216 24.54
1535489278 24.51
1535489339 24.58
1535489399 24.57
1535489459 24.54
1535489520 24.55
1535489580 24.54
1535489640 24.54
1535489702 24.51
1535489762 24.57
1535489823 24.55
1535489883 24.58
1535489945 24.52
1535490005 24.55
1535490067 24.56
1535490127 24.54
1535490187 24.53
1535490248 24.60
1535490308 24.56
1535490370 24.54
1535490432 24.57
1535490492 24.53
1535490554 24.55
1535490614 24.55
1535490674 24.56
1535490736 24.55
1535490796 24.55
1535490857 24.55
1535490917 24.54
1535490978 24.54
1535491039 24.55
1535491099 24.52
1535491166 24.56
1535491222 24.55
1535491282 24.54
1535491344 24.56
1535491404 24.52
1535491464 24.54
1535491525 24.54
1535491585 24.54
1535491645 24.54
1535491705 24.52
1535491765 24.53
1535491826 24.54
1535491886 24.60
1535491946 24.54
1535492007 24.53
1535492068 24.56
1535492129 24.54
1535492189 24.54
1535492249 24.54
1535492309 24.55
1535492371 24.57
1535492431 24.57
1535492493 24.57
1535492554 24.60
1535492614 24.55
1535492674 24.56
1535492736 24.58
1535492798 24.56
1535492858 24.54
1535492918 24.55
1535492978 24.59
1535493039 24.56
1535493099 24.52
1535493159 24.57
1535493219 24.54
1535493281 24.54
1535493343 24.56
1535493403 24.55
1535493465 24.53
1535493527 24.56
1535493587 24.53
1535493648 24.57
1535493708 24.59
1535493768 24.55
1535493829 24.54
1535493891 24.55
1535493951 24.56
1535494011 24.58
1535494073 24.54
1535494133 24.55
1535494195 24.58
1535494255 24.58
1535494317 24.57
1535494378 24.62
1535494438 24.54
1535494498 24.59
1535494558 24.60
1535494618 24.57
1535494678 24.58
1535494739 24.57
1535494799 24.55
1535494861 24.55
1535494923 24.57
1535494983 24.55
1535495044 24.53
1535495104 24.57
1535495164 24.56
1535495226 24.55
1535495286 24.55
1535495348 24.55
1535495408 24.58
1535495468 24.57
1535495531 24.57
1535495591 24.57
1535495651 24.56
1535495711 24.57
1535495771 24.55
1535495834 24.56
1535495894 24.57
1535495954 24.62
1535496015 24.55
1535496075 24.55
1535496135 24.61
1535496195 24.61
1535496256 24.55
1535496318 24.57
1535496380 24.58
1535496440 24.59
1535496500 24.59
1535496561 24.59
1535496620 24.57
1535496683 24.58
1535496743 24.58
1535496803 24.62
1535496865 24.59
1535496926 24.61
1535496986 24.59
1535497048 24.59
1535497108 24.60
1535497168 24.62
1535497230 24.65
1535497290 24.65
1535497351 24.62
1535497412 24.62
1535497474 24.60
1535497535 24.59
1535497596 24.62
1535497656 24.62
1535497716 24.59
1535497777 24.60
1535497837 24.61
1535497899 24.61
1535497961 24.57
1535498021 24.62
1535498081 24.57
1535498141 24.66
1535498201 24.60
1535498261 24.58
1535498322 24.63
1535498384 24.59
1535498444 24.60
1535498504 24.61
1535498564 24.61
1535498625 24.60
1535498685 24.62
1535498747 24.63
1535498807 24.63
1535498869 24.63
1535498929 24.61
1535498989 24.59
1535499050 24.63
1535499110 24.64
1535499170 24.60
1535499230 24.62
1535499292 24.62
1535499354 24.61
1535499416 24.60
1535499476 24.62
1535499536 24.62
1535499596 24.65
1535499657 24.63
1535499717 24.63
1535499777 24.60
1535499839 24.60
1535499899 24.62
1535499961 24.61
1535500021 24.62
1535500081 24.62
1535500142 24.65
1535500202 24.61
1535500264 24.66
1535500326 24.62
1535500386 24.65
1535500446 24.62
1535500508 24.62
1535500570 24.64
1535500630 24.69
1535500690 24.62
1535500752 24.65
1535500813 24.64
1535500873 24.61
1535500934 24.65
1535500994 24.63
1535501056 24.64
1535501116 24.62
1535501176 24.61
1535501236 24.60
1535501296 24.60
1535501358 24.62
1535501418 24.61
1535501479 24.63
1535501540 24.61
1535501602 24.62
1535501662 24.62
1535501722 24.62
1535501785 24.64
1535501847 24.61
1535501907 24.62
1535501969 24.60
1535502030 24.66
1535502092 24.62
1535502152 24.64
1535502212 24.62
1535502274 24.67
1535502336 24.62
1535502396 24.64
1535502456 24.61
1535502516 24.63
1535502576 24.65
1535502638 24.65
1535502698 24.66
1535502758 24.66
1535502819 24.66
1535502879 24.62
1535502939 24.64
1535503001 24.68
1535503063 24.67
1535503123 24.65
1535503183 24.64
1535503244 24.66
1535503304 24.63
1535503365 24.67
1535503426 24.67
1535503486 24.68
1535503546 24.68
1535503608 24.65
1535503669 24.66
1535503729 24.65
1535503789 24.64
1535503849 24.67
1535503911 24.61
1535503971 24.65
1535504032 24.63
1535504092 24.68
1535504152 24.66
1535504214 24.67
1535504274 24.69
1535504334 24.70
1535504396 24.67
1535504458 24.67
1535504521 24.65
1535504583 24.69
1535504646 24.64
1535504708 24.65
1535504770 24.64
1535504832 24.65
1535504895 24.65
1535504956 24.65
1535505018 24.67
1535505081 24.67
1535505143 24.63
1535505205 24.64
1535505267 24.67
1535505329 24.65
1535505390 24.65
1535505450 24.64
1535505510 24.67
1535505570 24.66
1535505630 24.63
1535505692 24.62
1535505754 24.64
1535505815 24.66
1535505875 24.61
1535505935 24.65
1535505996 24.68
1535506056 24.70
1535506118 24.63
1535506180 24.66
1535506240 24.64
1535506300 24.68
1535506362 24.65
1535506424 24.66
1535506484 24.69
1535506544 24.64
1535506606 24.66
1535506666 24.66
1535506727 24.69
1535506789 24.70
1535506851 24.65
1535506911 24.67
1535506971 24.64
1535507032 24.64
1535507092 24.67
1535507152 24.69
1535507212 24.69
1535507272 24.69
1535507333 24.67
1535507393 24.70
1535507455 24.67
1535507515 24.69
1535507575 24.66
1535507635 24.67
1535507695 24.68
1535507755 24.68
1535507815 24.69
1535507876 24.64
1535507936 24.71
1535507996 24.70
1535508056 24.67
1535508118 24.65
1535508178 24.67
1535508238 24.69
1535508299 24.67
1535508359 24.66
1535508419 24.68
1535508480 24.71
1535508540 24.69
1535508601 24.69
1535508663 24.68
1535508723 24.69
1535508784 24.67
1535508844 24.69
1535508904 24.69
1535508966 24.67
1535509028 24.68
1535509088 24.69
1535509148 24.71
1535509210 24.68
1535509271 24.67
1535509331 24.71
1535509391 24.71
1535509451 24.71
1535509512 24.70
1535509572 24.70
1535509632 24.71
1535509692 24.72
1535509752 24.72
1535509814 24.75
1535509875 24.71
1535509935 24.71
1535509995 24.72
1535510057 24.71
1535510117 24.72
1535510177 24.70
1535510238 24.72
1535510300 24.74
1535510360 24.72
1535510420 24.75
1535510480 24.72
1535510540 24.72
1535510600 24.73
1535510662 24.77
1535510722 24.75
1535510783 24.71
1535510843 24.74
1535510903 24.72
1535510963 24.69
1535511024 24.72
1535511084 24.72
1535511144 24.76
1535511204 24.74
1535511265 24.74
1535511327 24.75
1535511389 24.73
1535511449 24.74
1535511511 24.74
1535511571 24.76
1535511633 24.75
1535511693 24.79
1535511753 24.76
1535511813 24.78
1535511875 24.75
1535511936 24.73
1535511996 24.77
1535512056 24.76
1535512118 24.76
1535512179 24.76
1535512239 24.76
1535512299 24.77
1535512361 24.78
1535512423 24.78
1535512485 24.76
1535512548 24.77
1535512610 24.76
1535512672 24.80
1535512734 24.77
1535512796 24.80
1535512857 24.82
1535512918 24.77
1535512980 24.74
1535513042 24.75
1535513102 24.77
1535513164 24.75
1535513226 24.76
1535513287 24.78
1535513347 24.77
1535513407 24.77
1535513467 24.78
1535513529 24.79
1535513591 24.79
1535513651 24.79
1535513712 24.73
1535513772 24.78
1535513832 24.75
1535513893 24.78
1535513955 24.74
1535514015 24.74
1535514075 24.77
1535514136 24.77
1535514196 24.74
1535514258 24.76
1535514318 24.77
1535514378 24.80
1535514438 24.76
1535514499 24.79
1535514559 24.80
1535514619 24.76
1535514680 24.73
1535514740 24.76
1535514800 24.72
1535514861 24.72
1535514921 24.72
1535514981 24.72
1535515041 24.73
1535515103 24.71
1535515163 24.71
1535515226 24.74
1535515286 24.72
1535515348 24.71
1535515408 24.70
1535515469 24.71
1535515529 24.69
1535515589 24.71
1535515651 24.67
1535515712 24.72
1535515772 24.71
1535515832 24.71
1535515894 24.72
1535515954 24.69
1535516015 24.73
1535516075 24.72
1535516137 24.70
1535516198 24.71
1535516259 24.72
1535516319 24.72
1535516379 24.73
1535516439 24.77
1535516499 24.74
1535516559 24.69
1535516620 24.74
1535516680 24.73
1535516742 24.75
1535516802 24.73
1535516864 24.75
1535516924 24.73
1535516984 24.71
1535517046 24.72
1535517108 24.72
1535517168 24.72
1535517228 24.72
1535517289 24.71
1535517349 24.72
1535517409 24.73
1535517471 24.73
1535517533 24.72
1535517594 24.70
1535517654 24.77
1535517714 24.71
1535517775 24.72
1535517835 24.73
1535517897 24.74
1535517957 24.74
1535518019 24.74
1535518079 24.74
1535518139 24.71
1535518199 24.73
1535518261 24.71
1535518321 24.72
1535518382 24.73
1535518443 24.72
1535518504 24.72
1535518564 24.75
1535518626 24.73
1535518686 24.71
1535518747 24.70
1535518806 24.73
1535518867 24.74
1535518927 24.75
1535518989 24.75
1535519049 24.72
1535519110 24.73
1535519172 24.73
1535519232 24.72
1535519292 24.75
1535519353 24.76
1535519413 24.75
1535519474 24.72
1535519534 24.77
1535519595 24.75
1535519655 24.74
1535519717 24.78
1535519777 24.72
1535519839 24.75
1535519899 24.76
1535519959 24.76
1535520020 24.74
1535520080 24.76
1535520142 24.77
1535520202 24.78
1535520262 24.80
1535520324 24.79
1535520384 24.78
1535520444 24.76
1535520504 24.76
1535520566 24.77
1535520628 24.79
1535520688 24.79
1535520750 24.79
1535520811 24.77
1535520871 24.77
1535520931 24.81
1535520992 24.83
1535521052 24.81
1535521112 24.80
1535521172 24.76
1535521234 24.81
1535521294 24.79
1535521356 24.76
1535521418 24.82
1535521478 24.83
1535521540 24.78
1535521601 24.81
1535521661 24.80
1535521721 24.80
1535521781 24.78
1535521841 24.81
1535521902 24.78
1535521962 24.81
1535522024 24.79
1535522084 24.79
1535522145 24.79
1535522205 24.76
1535522265 24.77
1535522325 24.80
1535522386 24.79
1535522446 24.79
1535522506 24.77
1535522566 24.81
1535522627 24.81
1535522687 24.82
1535522747 24.81
1535522807 24.81
1535522868 24.79
1535522928 24.79
1535522988 24.77
1535523049 24.85
1535523109 24.84
1535523171 24.79
1535523231 24.81
1535523293 24.78
1535523355 24.77
1535523415 24.77
1535523477 24.82
1535523537 24.78
1535523597 24.81
1535523657 24.76
1535523719 24.80
1535523780 24.79
1535523840 24.76
1535523900 24.76
1535523960 24.83
1535524021 24.79
1535524081 24.84
1535524141 24.79
1535524201 24.81
1535524263 24.81
1535524323 24.82
1535524384 24.80
1535524444 24.81
1535524504 24.81
1535524565 24.81
1535524625 24.79
1535524685 24.80
1535524747 24.82
1535524807 24.82
1535524868 24.82
1535524928 24.82
1535524989 24.79
1535525049 24.81
1535525109 24.82
1535525169 24.83
1535525229 24.82
1535525289 24.83
1535525351 24.85
1535525411 24.83
1535525472 24.83
1535525534 24.80
1535525594 24.83
1535525656 24.80
1535525716 24.84
1535525777 24.84
1535525837 24.82
1535525898 24.83
1535525958 24.85
1535526018 24.81
1535526078 24.83
1535526139 24.83
1535526199 24.83
1535526259 24.83
1535526321 24.83
1535526383 24.84
1535526443 24.79
1535526503 24.83
1535526565 24.76
1535526627 24.76
1535526689 24.79
1535526751 24.77
1535526811 24.76
1535526871 24.82
1535526932 24.81
1535526992 24.91
1535527052 24.77
1535527114 24.77
1535527175 24.89
1535527235 24.85
1535527296 24.88
1535527358 24.83
1535527418 24.86
1535527479 24.96
1535527539 24.89
1535527599 24.90
1535527661 24.91
1535527721 24.91
1535527781 24.98
1535527842 24.96
1535527904 24.90
1535527964 24.93
1535528024 24.99
1535528084 25.12
1535528144 25.22
1535528205 25.16
1535528265 25.16
1535528325 25.11
1535528385 24.94
1535528446 25.02
1535528506 25.01
1535528566 24.99
1535528628 24.93
1535528688 24.94
1535528748 24.93
1535528808 24.94
1535528868 24.94
1535528928 24.99
1535528990 25.00
1535529050 25.01
1535529110 24.99
1535529171 25.00
1535529231 25.01
1535529291 25.02
1535529351 25.06
1535529412 25.06
1535529474 25.06
1535529535 25.04
1535529595 25.04
1535529655 25.11
1535529715 25.09
1535529775 24.99
1535529836 25.05
1535529898 24.99
1535529960 24.99
1535530020 24.98
1535530080 25.04
1535530142 25.06
1535530203 25.05
1535530263 25.03
1535530325 25.04
1535530385 25.07
1535530446 25.01
1535530506 25.03
1535530566 24.98
1535530627 25.09
1535530687 25.00
1535530747 24.96
1535530807 24.93
1535530868 24.94
1535530930 24.91
1535530990 24.92
1535531050 24.93
1535531110 24.96
1535531172 24.97
1535531234 24.96
1535531296 24.92
1535531358 24.97
1535531418 25.01
1535531478 24.97
1535531540 24.98
1535531602 24.90
1535531662 24.93
1535531723 24.95
1535531783 24.94
1535531843 24.94
1535531905 24.93
1535531965 24.93
1535532026 24.92
1535532088 24.91
1535532148 24.86
1535532208 24.89
1535532268 24.94
1535532330 24.90
1535532390 24.96
1535532451 24.93
1535532511 24.93
1535532571 24.96
1535532633 24.97
1535532694 24.97
1535532754 24.96
1535532816 24.97
1535532876 24.95
1535532938 24.96
1535532998 24.94
1535533058 24.93
1535533118 24.97
1535533178 24.93
1535533239 25.00
1535533300 24.98
1535533361 24.99
1535533421 25.00
1535533482 25.00
1535533542 24.99
1535533602 24.97
1535533663 25.02
1535533723 25.01
1535533783 24.98
1535533844 24.93
1535533906 24.99
1535533966 25.02
1535534026 25.10
1535534086 25.08
1535534147 25.04
1535534207 25.03
1535534269 25.04
1535534329 24.99
1535534389 24.98
1535534449 24.95
1535534511 24.96
1535534573 24.95
1535534634 24.93
1535534694 24.93
1535534754 24.92
1535534814 24.85
1535534876 24.92
1535534937 24.90
1535534999 24.87
1535535059 24.81
1535535119 24.83
1535535181 24.82
1535535241 24.77
1535535301 24.73
1535535361 24.72
1535535421 24.74
1535535483 24.74
1535535543 24.66
1535535604 24.74
1535535664 24.80
1535535724 24.72
1535535784 24.74
1535535845 24.79
1535535905 24.67
1535535966 24.65
1535536026 24.64
1535536088 24.68
1535536148 24.70
1535536210 24.72
1535536270 24.73
1535536330 24.79
1535536392 24.77
1535536454 24.74
1535536516 24.77
1535536576 24.74
1535536637 24.80
1535536697 24.81
1535536757 24.78
1535536817 24.80
1535536878 24.75
1535536938 24.82
1535536999 24.83
1535537061 24.83
1535537121 24.78
1535537181 24.76
1535537241 24.71
1535537301 24.71
1535537361 24.83
1535537422 24.83
1535537482 24.83
1535537542 24.81
1535537603 24.76
1535537664 24.76
1535537726 24.69
1535537786 24.74
1535537847 24.67
1535537909 24.71
1535537971 24.73
1535538031 24.75
1535538093 24.72
1535538153 24.72
1535538214 24.72
1535538274 24.76
1535538336 24.77
1535538396 24.76
1535538456 24.80
1535538516 24.74
1535538578 24.77
1535538639 24.77
1535538699 24.73
1535538759 24.70
1535538819 24.71
1535538879 24.70
1535538940 24.68
1535539000 24.73
1535539061 24.57
1535539122 24.64
1535539184 24.51
1535539244 24.57
1535539304 24.53
1535539365 24.56
1535539425 24.54
1535539485 24.60
1535539546 24.51
1535539606 24.50
1535539668 24.54
1535539730 24.51
1535539790 24.54
1535539851 24.52
1535539911 24.51
1535539973 24.54
1535540033 24.48
1535540095 24.48
1535540157 24.46
1535540217 24.50
1535540277 24.44
1535540340 24.46
1535540400 24.44
1535540460 24.43
1535540522 24.43
1535540582 24.43
1535540642 24.40
1535540704 24.36
1535540764 24.41
1535540824 24.34
1535540884 24.33
1535540945 24.32
1535541005 24.39
1535541067 24.43
1535541127 24.44
1535541187 24.43
1535541248 24.29
1535541308 24.33
1535541370 24.25
1535541430 24.47
1535541490 24.25
1535541551 24.70
1535541613 24.86
1535541673 24.81
1535541734 24.51
1535541794 24.64
1535541856 24.75
1535541918 24.87
1535541981 24.98
1535542043 24.87
1535542104 24.94
1535542165 24.76
1535542225 24.91
1535542287 25.03
1535542349 25.00
1535542411 24.91
1535542473 24.89
1535542533 24.84
1535542593 24.74
1535542655 24.80
1535542716 25.02
1535542776 24.97
1535542836 24.86
1535542896 25.00
1535542957 24.99
1535543017 24.99
1535543078 24.97
1535543140 24.89
1535543200 24.97
1535543262 25.04
1535543322 25.13
1535543384 24.97
1535543445 25.08
1535543505 25.16
1535543565 25.16
1535543625 25.05
1535543686 25.11
1535543747 25.08
1535543807 25.09
1535543868 25.12
1535543928 25.05
1535543989 25.15
1535544049 25.18
1535544110 25.03
1535544170 25.05
1535544231 25.20
1535544293 25.06
1535544353 25.35
1535544413 25.15
1535544474 25.21
1535544534 25.22
1535544594 25.28
1535544655 25.21
1535544715 25.15
1535544776 25.06
1535544837 25.07
1535544897 25.05
1535544957 25.03
1535545019 25.00
1535545081 24.99
1535545141 24.91
1535545202 24.95
1535545262 24.92
1535545322 24.89
1535545383 24.87
1535545443 24.82
1535545503 24.86
1535545565 24.88
1535545626 24.93
1535545688 24.77
1535545748 24.75
1535545810 24.75
1535545870 24.74
1535545930 24.65
1535545991 24.51
1535546051 24.69
1535546111 24.47
1535546171 24.51
1535546233 24.42
1535546293 24.54
1535546355 24.48
1535546415 24.39
1535546476 24.35
1535546538 24.30
1535546598 24.26
1535546659 24.14
1535546719 24.20
1535546779 24.32
1535546839 24.16
1535546901 24.14
1535546962 23.82
1535547024 24.25
1535547084 24.05
1535547146 23.97
1535547206 24.01
1535547268 23.99
1535547328 23.98
1535547388 24.01
1535547448 23.87
1535547510 23.88
1535547571 23.93
1535547631 23.74
1535547692 23.76
1535547752 24.01
1535547814 23.98
1535547875 24.02
1535547935 23.95
1535547997 23.75
1535548057 23.92
1535548117 23.82
1535548179 23.80
1535548240 23.79
1535548300 23.87
1535548360 23.94
1535548422 23.97
1535548482 23.98
1535548543 24.01
1535548603 24.01
1535548663 24.01
1535548725 23.98
1535548785 24.23
1535548845 24.02
1535548905 24.09
1535548966 23.98
1535549026 23.99
1535549088 23.83
1535549148 23.94
1535549208 23.87
1535549269 23.89
1535549329 23.83
1535549391 23.89
1535549451 23.94
1535549512 23.66
1535549572 23.67
1535549632 23.63
1535549692 23.50
1535549752 23.11
1535549813 23.46
1535549875 23.47
1535549935 23.20
1535549995 23.51
1535550056 22.67
1535550115 23.16
1535550176 23.43
1535550236 23.39
1535550296 23.39
1535550357 23.30
1535550417 23.31
1535550477 23.31
1535550537 23.03
1535550599 23.22
1535550659 23.27
1535550720 23.30
1535550780 23.21
1535550840 23.27
1535550900 23.28
1535550960 23.41
1535551021 23.31
1535551081 23.41
1535551143 23.39
1535551203 23.52
1535551264 23.51
1535551324 23.67
1535551384 23.67
1535551446 23.48
1535551506 23.85
1535551566 23.75
1535551627 23.74
1535551689 23.82
1535551749 23.92
1535551809 23.97
1535551869 24.05
1535551931 24.16
1535551993 24.10
1535552053 24.07
1535552113 24.06
1535552174 24.05
1535552235 24.24
1535552295 24.16
1535552355 24.25
1535552415 24.20
1535552475 24.21
1535552535 24.24
1535552597 24.30
1535552659 24.29
1535552719 24.40
1535552780 24.41
1535552840 24.42
1535552900 24.40
1535552961 24.46
1535553021 24.50
1535553081 24.50
1535553142 24.52
1535553202 24.71
1535553262 24.61
1535553322 24.63
1535553384 24.58
1535553444 24.63
1535553504 24.63
1535553564 24.65
1535553625 24.68
1535553685 24.59
1535553745 24.60
1535553807 24.59
1535553868 24.55
1535553928 24.57
1535553990 24.59
1535554051 24.51
1535554113 24.55
1535554173 24.56
1535554234 24.62
1535554294 24.56
1535554354 24.55
1535554414 24.53
1535554474 24.43
1535554535 24.42
1535554595 24.24
1535554655 24.44
1535554716 24.42
1535554776 24.24
1535554838 24.12
1535554898 24.21
1535554958 24.01
1535555018 24.15
1535555078 24.05
1535555139 23.98
1535555200 23.94
1535555262 23.99
1535555323 23.99
1535555383 23.95
1535555443 23.93
1535555503 23.86
1535555565 23.65
1535555627 23.76
1535555687 23.79
1535555747 23.73
1535555808 23.67
1535555868 23.76
1535555928 23.66
1535555988 23.64
1535556049 23.51
1535556109 23.70
1535556169 23.55
1535556229 23.69
1535556290 23.67
1535556350 23.47
1535556410 23.52
1535556470 23.39
1535556531 23.29
1535556593 23.39
1535556653 23.33
1535556715 23.34
1535556777 23.23
1535556837 23.37
1535556897 23.30
1535556957 23.15
1535557019 23.18
1535557082 23.23
1535557144 23.21
1535557206 23.23
1535557268 23.09
1535557331 23.24
1535557393 23.04
1535557455 23.10
1535557517 23.00
1535557579 23.19
1535557639 22.97
1535557701 23.05
1535557763 23.16
1535557823 23.04
1535557884 23.07
1535557946 22.99
1535558006 23.00
1535558068 22.91
1535558128 22.97
1535558189 22.80
1535558249 22.83
1535558309 22.95
1535558370 22.85
1535558430 22.82
1535558490 22.95
1535558551 22.86
1535558611 22.75
1535558671 22.73
1535558731 22.91
1535558793 22.93
1535558854 22.83
1535558914 22.72
1535558974 22.85
1535559035 22.79
1535559095 22.68
1535559155 22.74
1535559216 22.71
1535559276 22.86
1535559336 22.75
1535559397 22.78
1535559457 22.75
1535559517 22.77
1535559578 22.60
1535559638 22.76
1535559699 22.52
1535559759 22.72
1535559819 22.68
1535559879 22.65
1535559941 22.65
1535560003 22.69
1535560065 22.52
1535560125 22.57
1535560186 22.56
1535560246 22.57
1535560306 22.52
1535560367 22.60
1535560427 22.64
1535560487 22.75
1535560547 22.54
1535560607 22.71
1535560668 22.64
1535560728 22.61
1535560790 22.59
1535560852 22.53
1535560912 22.48
1535560972 22.71
1535561032 22.63
1535561092 22.49
1535561153 22.66
1535561213 22.62
1535561273 22.58
1535561333 22.59
1535561394 22.53
1535561454 22.51
1535561514 22.61
1535561576 22.46
1535561637 22.60
1535561697 22.63
1535561759 22.54
1535561820 22.54
1535561880 22.52
1535561940 22.54
1535562000 22.52
1535562061 22.47
1535562121 22.44
1535562183 22.50
1535562244 22.51
1535562306 22.49
1535562366 22.47
1535562428 22.46
1535562488 22.48
1535562548 22.47
1535562609 22.50
1535562669 22.49
1535562729 22.52
1535562789 22.49
1535562850 22.25
1535562910 22.54
1535562970 22.54
1535563032 22.50
1535563092 22.33
1535563153 22.46
1535563213 22.24
1535563273 22.32
1535563333 22.46
1535563395 22.32
1535563456 22.30
1535563516 22.47
1535563576 22.33
1535563638 22.40
1535563698 22.41
1535563760 22.42
1535563822 22.38
1535563882 22.33
1535563943 22.38
1535564003 22.43
1535564065 22.29
1535564125 22.25
1535564185 22.40
1535564245 22.21
1535564307 22.23
1535564369 22.39
1535564429 22.29
1535564489 22.29
1535564550 22.37
1535564611 22.46
1535564673 22.45
1535564733 22.27
1535564795 22.21
1535564857 22.24
1535564918 22.22
1535564978 22.22
1535565038 22.58
1535565099 22.30
1535565159 22.26
1535565221 22.32
1535565283 22.17
1535565345 22.28
1535565405 22.20
1535565467 22.09
1535565528 22.30
1535565588 22.23
1535565649 22.28
1535565709 22.43
1535565771 22.11
1535565831 22.14
1535565891 22.15
1535565952 22.21
1535566014 22.15
1535566076 22.12
1535566136 22.12
1535566197 22.13
1535566256 22.11
1535566317 22.22
1535566377 22.09
1535566439 22.25
1535566499 22.06
1535566559 22.21
1535566622 22.14
1535566682 22.28
1535566742 22.14
1535566803 22.08
1535566863 22.15
1535566925 22.10
1535566985 22.17
1535567046 22.20
1535567106 22.11
1535567167 22.22
1535567227 22.23
1535567288 22.09
1535567348 22.07
1535567408 22.10
1535567468 21.99
1535567528 22.05
1535567589 22.13
1535567651 22.25
1535567711 22.09
1535567771 22.23
1535567833 22.01
1535567893 22.21
1535567953 22.03
1535568013 22.25
1535568073 22.18
1535568134 22.03
1535568195 22.11
1535568255 22.13
1535568317 22.01
1535568378 22.05
1535568440 22.09
1535568500 22.00
1535568561 21.91
1535568623 21.95
1535568683 22.01
1535568745 21.98
1535568806 22.05
1535568866 22.10
1535568926 22.01
1535568988 22.10
1535569048 21.99
1535569109 21.98
1535569169 21.99
1535569229 22.07
1535569289 21.95
1535569349 22.03
1535569410 21.99
1535569470 21.96
1535569530 22.01
1535569590 21.99
1535569650 22.05
1535569712 22.00
1535569774 21.84
1535569834 22.05
1535569894 21.95
1535569955 21.95
1535570015 22.00
1535570077 22.02
1535570137 22.05
1535570197 21.92
1535570258 22.10
1535570320 21.93
1535570380 21.84
1535570440 21.97
1535570500 21.97
1535570562 22.04
1535570622 21.75
1535570682 21.85
1535570743 22.01
1535570803 21.90
1535570865 21.99
1535570927 21.99
1535570987 21.98
1535571047 21.99
1535571108 21.96
1535571170 21.85
1535571230 21.82
1535571290 21.87
1535571350 21.70
1535571412 21.87
1535571472 21.95
1535571534 21.89
1535571594 21.95
1535571654 21.93
1535571715 21.85
1535571775 21.89
1535571835 21.89
1535571895 21.81
1535571956 21.82
1535572016 21.97
1535572078 21.86
1535572140 21.90
1535572200 21.76
1535572260 21.75
1535572322 21.91
1535572382 21.85
1535572443 21.70
1535572505 21.74
1535572565 21.96
1535572625 21.84
1535572687 21.91
1535572747 21.86
1535572807 21.99
1535572867 21.81
1535572928 21.70
1535572989 21.78
1535573050 21.90
1535573110 21.88
1535573170 21.77
1535573230 21.82
1535573291 21.96
1535573351 21.69
1535573411 21.77
1535573473 22.00
1535573533 21.89
1535573594 21.72
1535573656 21.75
1535573716 21.91
1535573778 21.70
1535573838 21.74
1535573898 21.93
1535573958 21.88
1535574018 21.71
1535574078 21.90
1535574138 21.85
1535574199 21.71
1535574259 21.71
1535574321 21.85
1535574381 21.89
1535574441 21.74
1535574502 21.74
1535574564 21.77
1535574624 21.77
1535574685 21.76
1535574745 21.64
1535574805 21.74
1535574865 21.70
1535574926 21.77
1535574986 21.66
1535575046 21.80
1535575108 21.83
1535575170 21.67
1535575232 21.73
1535575294 21.77
1535575356 21.92
1535575418 21.66
1535575478 21.66
1535575539 21.70
1535575599 21.84
1535575659 21.72
1535575721 21.68
1535575782 21.65
1535575842 21.64
1535575903 21.65
1535575963 21.72
1535576023 21.69
1535576084 21.54
1535576145 21.62
1535576206 21.61
1535576266 21.70
1535576328 21.79
1535576390 21.73
1535576450 21.66
1535576510 21.78
1535576572 21.67
1535576632 21.59
1535576693 21.72
1535576753 21.65
1535576815 21.53
1535576875 21.69
1535576936 21.74
1535576996 21.58
1535577057 21.73
1535577117 21.92
1535577177 21.63
1535577239 21.67
1535577301 21.72
1535577362 21.59
1535577422 21.74
1535577482 21.70
1535577544 21.54
1535577605 21.70
1535577666 21.70
1535577726 21.60
1535577786 21.89
1535577846 21.55
1535577908 21.58
1535577969 21.63
1535578031 21.64
1535578091 21.55
1535578151 21.75
1535578212 21.66
1535578272 21.62
1535578332 21.81
1535578393 21.59
1535578453 21.62
1535578514 21.64
1535578576 21.59
1535578636 21.57
1535578698 21.58
1535578759 21.66
1535578821 21.71
1535578883 21.71
1535578943 21.60
1535579004 21.80
1535579066 21.59
1535579126 21.69
1535579188 21.60
1535579248 21.51
1535579308 21.58
1535579369 21.60
1535579429 21.55
1535579489 21.59
1535579549 21.66
1535579610 21.60
1535579671 21.72
1535579732 21.54
1535579792 21.65
1535579854 21.63
1535579916 21.71
1535579976 21.49
1535580038 21.58
1535580099 21.51
1535580160 21.69
1535580220 21.67
1535580282 21.58
1535580344 21.53
1535580405 21.55
1535580465 21.62
1535580525 21.60
1535580585 21.57
1535580647 21.47
1535580707 21.65
1535580768 21.62
1535580828 21.55
1535580888 21.55
1535580949 21.56
1535581009 21.94
1535581071 21.56
1535581131 21.55
1535581191 21.62
1535581253 21.65
1535581314 21.53
1535581375 21.52
1535581437 21.57
1535581498 21.54
1535581560 21.50
1535581621 21.61
1535581682 21.43
1535581744 21.51
1535581804 21.71
1535581864 21.58
1535581924 21.57
1535581985 21.55
1535582045 21.59
1535582105 21.63
1535582165 21.53
1535582225 21.57
1535582286 21.56
1535582346 21.50
1535582406 21.60
1535582466 21.53
1535582526 21.52
1535582587 21.54
1535582647 21.54
1535582708 21.43
1535582768 21.49
1535582828 21.82
1535582888 21.56
1535582949 21.50
1535583009 21.51
1535583069 21.52
1535583130 21.52
1535583192 21.52
1535583255 21.49
1535583314 21.45
1535583375 21.59
1535583435 21.50
1535583495 21.36
1535583555 21.44
1535583615 21.48
1535583676 21.49
1535583736 21.56
1535583796 21.46
1535583857 21.55
1535583917 21.73
1535583979 21.53
1535584041 21.54
1535584101 21.66
1535584161 21.44
1535584221 21.51
1535584282 21.50
1535584343 21.51
1535584404 21.44
1535584464 21.50
1535584524 21.44
1535584586 21.48
1535584646 21.47
1535584708 21.48
1535584768 21.54
1535584830 21.86
1535584892 21.53
1535584952 21.47
1535585013 21.52
1535585073 21.55
1535585135 21.51
1535585195 21.63
1535585255 21.50
1535585317 21.40
1535585377 21.43
1535585437 21.44
1535585497 21.49
1535585558 21.44
1535585618 21.46
1535585678 21.45
1535585738 21.58
1535585800 21.47
1535585860 21.41
1535585920 21.46
1535585983 21.53
1535586043 21.44
1535586105 21.40
1535586166 21.41
1535586226 21.45
1535586288 21.38
1535586348 21.35
1535586410 21.24
1535586470 21.57
1535586532 21.39
1535586592 21.44
1535586654 21.36
1535586716 21.35
1535586777 21.50
1535586838 21.45
1535586899 21.35
1535586961 21.43
1535587023 21.40
1535587083 21.47
1535587143 21.34
1535587205 21.44
1535587265 21.34
1535587325 21.34
1535587386 21.41
1535587446 21.29
1535587506 21.45
1535587566 21.39
1535587627 21.49
1535587687 21.35
1535587747 21.40
1535587809 21.50
1535587869 21.26
1535587931 21.57
1535587991 21.31
1535588053 21.40
1535588114 21.38
1535588174 21.30
1535588234 21.40
1535588295 21.33
1535588355 21.27
1535588417 21.25
1535588477 21.44
1535588539 21.24
1535588599 21.28
1535588659 21.26
1535588720 21.38
1535588780 21.49
1535588840 21.35
1535588902 21.47
1535588963 21.34
1535589023 21.47
1535589083 21.27
1535589145 21.32
1535589206 21.27
1535589266 21.40
1535589326 21.49
1535589387 21.35
1535589447 21.56
1535589507 21.31
1535589567 21.50
1535589627 21.32
1535589687 21.36
1535589748 21.26
1535589808 21.26
1535589868 21.25
1535589928 21.21
1535589989 21.40
1535590049 21.26
1535590109 21.47
1535590169 21.22
1535590229 21.38
1535590289 21.23
1535590350 21.33
1535590410 21.32
1535590470 21.31
1535590530 21.34
1535590591 21.44
1535590651 21.19
1535590713 21.38
1535590775 21.35
1535590837 21.27
1535590900 21.32
1535590962 21.38
1535591024 21.38
1535591086 21.32
1535591148 21.33
1535591210 21.24
1535591272 21.19
1535591335 21.43
1535591397 21.31
1535591459 21.33
1535591521 21.23
1535591583 21.37
1535591645 21.30
1535591707 21.17
1535591769 21.27
1535591831 21.32
1535591893 21.22
1535591956 21.37
1535592018 21.15
1535592080 21.19
1535592143 21.28
1535592205 21.25
1535592267 21.36
1535592329 21.36
1535592392 21.46
1535592454 21.29
1535592516 21.27
1535592580 21.31
1535592642 21.34
1535592704 21.35
1535592766 21.30
1535592829 21.42
1535592891 21.32
1535592954 21.37
1535593016 21.21
1535593078 21.21
1535593140 21.24
1535593202 21.23
1535593265 21.18
1535593327 21.19
1535593389 21.20
1535593451 21.39
1535593513 21.17
1535593576 21.27
1535593638 21.41
1535593700 21.24
1535593762 21.15
1535593824 21.15
1535593886 21.16
1535593949 21.06
1535594012 21.31
1535594074 21.33
1535594134 21.12
1535594195 21.18
1535594257 21.20
1535594317 21.13
1535594377 21.25
1535594438 21.24
1535594498 21.12
1535594558 21.23
1535594619 21.13
1535594681 21.01
1535594741 21.22
1535594801 21.15
1535594861 21.26
1535594922 21.32
1535594984 21.15
1535595044 21.09
1535595104 21.38
1535595166 21.19
1535595226 21.25
1535595287 21.33
1535595347 21.24
1535595408 21.18
1535595468 21.23
1535595528 21.11
1535595588 21.16
1535595650 21.25
1535595711 21.09
1535595772 21.27
1535595833 21.22
1535595893 21.28
1535595955 21.18
1535596015 21.21
1535596075 21.13
1535596136 21.23
1535596198 21.28
1535596258 21.25
1535596318 21.15
1535596378 21.23
1535596439 21.14
1535596499 21.13
1535596559 21.25
1535596619 21.27
1535596681 21.21
1535596743 21.22
1535596803 21.43
1535596863 21.31
1535596923 21.34
1535596984 21.31
1535597044 21.25
1535597106 21.44
1535597166 21.47
1535597228 21.19
1535597288 21.31
1535597351 21.33
1535597413 21.24
1535597473 21.23
1535597533 21.28
1535597593 21.22
1535597655 21.10
1535597715 21.27
1535597776 20.99
1535597836 21.24
1535597896 21.22
1535597957 21.22
1535598017 21.27
1535598079 21.19
1535598139 21.04
1535598199 21.36
1535598259 21.04
1535598320 21.11
1535598380 21.00
1535598442 21.07
1535598502 21.12
1535598563 21.11
1535598623 21.21
1535598684 21.19
1535598745 21.08
1535598805 21.10
1535598866 21.20
1535598926 21.20
1535598986 21.17
1535599048 21.04
1535599109 21.06
1535599170 21.20
1535599230 21.10
1535599292 21.22
1535599352 20.99
1535599414 21.18
1535599474 21.35
1535599536 21.03
1535599598 21.22
1535599659 21.10
1535599721 21.23
1535599782 21.17
1535599842 21.27
1535599904 21.28
1535599964 21.26
1535600024 21.09
1535600085 21.07
1535600146 21.00
1535600208 21.07
1535600269 21.31
1535600329 21.07
1535600390 21.14
1535600450 21.17
1535600512 21.11
1535600572 21.23
1535600632 21.15
1535600693 21.22
1535600753 21.20
1535600813 21.22
1535600875 21.10
1535600936 21.22
1535600997 21.05
1535601058 21.05
1535601120 21.21
1535601180 21.12
1535601242 21.06
1535601304 21.12
1535601366 21.27
1535601428 21.02
1535601490 21.00
1535601550 21.26
1535601610 21.05
1535601670 21.06
1535601732 21.33
1535601792 21.16
1535601853 21.08
1535601913 21.11
1535601973 20.97
1535602034 21.00
1535602094 21.13
1535602154 20.99
1535602214 21.06
1535602274 21.02
1535602334 21.07
1535602395 21.14
1535602455 21.08
1535602515 21.19
1535602575 21.09
1535602636 21.05
1535602696 21.17
1535602756 21.11
1535602817 21.05
1535602877 21.14
1535602937 21.16
1535602998 21.26
1535603059 21.01
1535603119 21.22
1535603181 21.04
1535603241 21.19
1535603302 21.15
1535603362 21.09
1535603422 21.04
1535603482 20.96
1535603543 21.00
1535603603 21.08
1535603663 21.10
1535603723 21.18
1535603783 21.26
1535603844 21.01
1535603904 21.05
1535603966 20.99
1535604027 21.06
1535604089 20.98
1535604151 21.04
1535604211 20.98
1535604272 21.19
1535604333 21.06
1535604393 21.12
1535604454 20.96
1535604514 21.05
1535604574 20.96
1535604634 21.09
1535604695 21.19
1535604755 20.97
1535604817 21.00
1535604879 20.95
1535604939 21.07
1535604999 21.01
1535605060 21.01
1535605122 20.92
1535605182 21.03
1535605242 21.02
1535605302 20.97
1535605362 21.01
1535605423 21.00
1535605483 21.12
1535605543 21.11
1535605603 21.08
1535605664 20.97
1535605724 21.02
1535605784 21.02
1535605844 21.09
1535605906 20.99
1535605967 20.98
1535606027 21.04
1535606087 21.14
1535606148 20.99
1535606208 21.00
1535606270 21.04
1535606330 20.90
1535606392 20.99
1535606452 20.99
1535606512 21.07
1535606572 20.98
1535606633 20.97
1535606693 21.00
1535606754 21.16
1535606814 21.01
1535606874 20.95
1535606935 21.00
1535606995 21.03
1535607055 21.00
1535607115 20.92
1535607176 20.98
1535607236 20.96
1535607296 20.96
1535607356 20.99
1535607416 20.97
1535607478 20.97
1535607538 21.01
1535607600 21.00
1535607662 20.97
1535607722 21.10
1535607782 20.99
1535607844 20.97
1535607905 20.94
1535607965 21.07
1535608027 21.14
1535608089 20.96
1535608149 21.01
1535608210 21.05
1535608272 20.87
1535608334 20.99
1535608394 21.00
1535608454 20.98
1535608514 21.14
1535608576 20.97
1535608638 20.96
1535608698 20.98
1535608758 20.98
1535608820 21.04
1535608882 21.02
1535608942 21.22
1535609003 21.00
1535609063 21.05
1535609125 21.05
1535609185 21.05
1535609246 20.99
1535609306 21.01
1535609366 20.99
1535609428 21.19
1535609488 21.23
1535609548 21.03
1535609608 20.97
1535609671 20.99
1535609731 20.99
1535609791 21.02
1535609853 21.12
1535609915 21.06
1535609977 21.00
1535610040 21.17
1535610102 21.03
1535610165 21.00
1535610226 21.07
1535610289 21.06
1535610351 20.91
1535610413 21.14
1535610475 21.03
1535610537 21.05
1535610598 21.04
1535610660 21.05
1535610722 21.04
1535610784 20.97
1535610846 20.95
1535610908 21.01
1535610971 20.99
1535611033 21.04
1535611094 21.06
1535611156 21.02
1535611217 21.00
1535611279 21.05
1535611339 21.00
1535611401 21.03
1535611464 21.12
1535611526 21.00
1535611589 20.95
1535611651 20.95
1535611713 21.00
1535611775 21.10
1535611837 21.00
1535611899 21.03
1535611962 20.92
1535612025 21.01
1535612088 21.05
1535612150 21.05
1535612213 21.22
1535612275 20.92
1535612337 21.05
1535612399 21.05
1535612461 20.99
1535612524 21.16
1535612586 21.02
1535612648 21.14
1535612710 21.14
1535612771 21.21
1535612831 21.02
1535612891 21.03
1535612951 21.10
1535613013 20.97
1535613074 21.09
1535613134 21.22
1535613195 21.54
1535613255 21.32
1535613316 21.22
1535613376 21.35
1535613439 21.18
1535613499 21.26
1535613559 21.43
1535613619 21.32
1535613679 21.26
1535613740 21.33
1535613800 21.26
1535613861 21.22
1535613922 21.32
1535613983 21.05
1535614043 20.97
1535614104 21.05
1535614166 21.34
1535614226 21.31
1535614286 21.00
1535614346 21.15
1535614407 21.22
1535614467 21.24
1535614528 21.21
1535614589 21.05
1535614649 21.24
1535614709 21.05
1535614770 21.03
1535614830 21.01
1535614890 20.98
1535614950 21.02
1535615010 20.95
1535615072 21.22
1535615134 20.96
1535615194 21.01
1535615255 21.04
1535615315 21.04
1535615377 21.22
1535615439 21.27
1535615499 21.14
1535615561 21.16
1535615621 21.09
1535615681 21.11
1535615742 21.22
1535615804 21.30
1535615864 21.29
1535615924 21.15
1535615986 21.26
1535616048 21.15
1535616108 21.17
1535616168 21.21
1535616228 21.47
1535616290 21.24
1535616350 21.28
1535616411 21.24
1535616471 21.26
1535616531 21.24
1535616593 21.14
1535616654 20.97
1535616714 21.31
1535616774 21.66
1535616834 21.41
1535616896 21.22
1535616956 21.41
1535617017 21.26
1535617077 21.30
1535617137 21.20
1535617197 21.27
1535617257 21.31
1535617318 21.40
1535617378 21.18
1535617438 21.42
1535617498 21.35
1535617558 21.34
1535617619 21.58
1535617679 21.47
1535617739 21.39
1535617800 21.50
1535617860 21.57
1535617922 21.52
1535617982 21.39
1535618044 21.41
1535618106 21.23
1535618166 21.26
1535618226 21.40
1535618286 21.24
1535618347 21.25
1535618407 21.15
1535618467 21.45
1535618528 21.39
1535618589 21.36
1535618652 21.25
1535618712 20.93
1535618772 21.54
1535618833 21.47
1535618893 21.47
1535618955 21.45
1535619017 21.29
1535619079 21.26
1535619141 21.24
1535619202 21.28
1535619262 21.58
1535619322 21.52
1535619382 21.47
1535619442 21.49
1535619504 21.45
1535619564 21.44
1535619626 21.50
1535619686 21.51
1535619749 21.44
1535619809 21.43
1535619869 21.34
1535619931 21.35
1535619992 21.33
1535620052 21.44
1535620112 21.23
1535620172 21.42
1535620233 21.44
1535620293 21.29
1535620353 21.36
1535620414 21.27
1535620474 21.49
1535620534 21.28
1535620595 21.29
1535620657 21.23
1535620717 21.28
1535620777 21.33
1535620837 21.27
1535620897 21.19
1535620957 21.17
1535621018 21.24
1535621078 21.27
1535621138 21.27
1535621198 21.25
1535621258 21.19
1535621320 21.14
1535621381 21.23
1535621441 21.15
1535621501 21.22
1535621561 21.16
1535621621 21.26
1535621682 21.18
1535621744 21.34
1535621804 21.08
1535621864 21.15
1535621924 21.13
1535621985 21.11
1535622045 21.23
1535622105 21.06
1535622165 21.03
1535622226 21.12
1535622286 21.12
1535622346 21.09
1535622407 21.10
1535622467 21.20
1535622527 21.13
1535622589 21.27
1535622649 21.12
1535622710 21.24
1535622770 21.10
1535622830 21.16
1535622892 21.24
1535622952 21.01
1535623013 21.12
1535623073 21.17
1535623135 21.04
1535623195 21.17
1535623255 21.11
1535623317 21.30
1535623378 21.05
1535623439 21.19
1535623500 21.16
1535623560 21.06
1535623620 21.12
1535623680 21.07
1535623740 21.09
1535623802 21.08
1535623863 21.20
1535623923 21.04
1535623983 21.03
1535624045 21.16
1535624105 21.22
1535624167 21.00
1535624227 21.30
1535624288 21.04
1535624348 21.05
1535624408 21.01
1535624468 21.09
1535624529 21.24
1535624589 21.04
1535624650 21.05
1535624711 21.19
1535624771 21.00
1535624831 21.05
1535624893 21.03
1535624954 21.10
1535625014 21.08
1535625074 21.12
1535625136 21.03
1535625197 21.05
1535625259 21.13
1535625319 20.99
1535625380 21.01
1535625440 21.05
1535625500 21.05
1535625560 21.03
1535625620 21.10
1535625681 21.04
1535625743 21.02
1535625803 21.01
1535625863 20.87
1535625923 21.31
1535625983 21.11
1535626044 20.98
1535626104 21.31
1535626165 21.06
1535626227 21.00
1535626288 21.15
1535626349 21.00
1535626410 21.11
1535626471 21.02
1535626531 21.01
1535626591 21.03
1535626652 21.14
1535626712 21.12
1535626773 21.10
1535626833 21.02
1535626895 21.01
1535626955 20.98
1535627016 21.09
1535627076 21.17
1535627136 20.96
1535627196 20.97
1535627257 21.07
1535627317 21.04
1535627377 21.09
1535627437 21.02
1535627497 21.01
1535627559 21.02
1535627620 21.11
1535627681 21.00
1535627741 21.03
1535627803 21.06
1535627863 21.09
1535627923 21.01
1535627983 21.06
1535628045 21.22
1535628106 21.08
1535628166 21.05
1535628226 20.99
1535628287 20.99
1535628349 21.05
1535628409 21.18
1535628469 21.04
1535628530 21.06
1535628591 20.98
1535628652 21.03
1535628712 21.03
1535628772 21.04
1535628833 20.99
1535628895 20.99
1535628957 21.12
1535629019 20.99
1535629081 21.02
1535629143 21.05
1535629206 20.98
1535629268 21.22
1535629330 21.03
1535629393 21.06
1535629455 21.02
1535629517 21.03
1535629579 21.00
1535629642 21.11
1535629704 21.03
1535629767 21.12
1535629829 21.01
1535629891 20.94
1535629953 21.05
1535630015 21.09
1535630078 21.08
1535630140 21.14
1535630202 21.01
1535630285 21.01
1535630347 21.12
1535630409 20.95
1535630471 20.98
1535630533 21.01
1535630595 20.99
1535630657 21.19
1535630719 21.03
1535630781 21.10
1535630843 21.03
1535630905 21.04
1535630967 21.04
1535631029 20.95
1535631091 21.01
1535631154 21.12
1535631216 21.04
1535631279 21.27
1535631341 20.99
1535631403 21.02
1535631465 21.11
1535631527 21.27
1535631589 21.15
1535631652 21.09
1535631713 21.13
1535631776 21.24
1535631838 21.14
1535631900 21.02
1535631962 21.34
1535632024 21.20
1535632087 21.11
1535632149 21.07
1535632211 21.19
1535632273 21.09
1535632335 21.05
1535632397 21.06
1535632459 21.00
1535632522 21.00
1535632584 21.04
1535632646 20.99
1535632708 21.09
1535632771 21.02
1535632833 21.10
1535632895 20.90
1535632958 21.17
1535633020 21.01
1535633083 21.00
1535633145 20.99
1535633208 21.01
1535633270 21.07
1535633332 20.99
1535633396 21.01
1535633457 21.00
1535633519 21.01
1535633581 21.09
1535633643 20.98
1535633706 21.00
1535633768 20.97
1535633830 20.98
1535633892 21.01
1535633954 21.07
1535634016 21.03
1535634078 21.09
1535634141 21.03
1535634203 20.96
1535634265 21.08
1535634327 21.08
1535634389 21.01
1535634451 21.02
1535634514 21.09
1535634576 21.04
1535634638 20.97
1535634700 21.04
1535634763 21.03
1535634825 21.01
1535634887 21.01
1535634950 21.03
1535635012 21.06
1535635074 21.05
1535635136 21.08
1535635199 21.08
1535635261 21.28
1535635323 21.06
1535635386 21.03
1535635448 21.05
1535635510 21.00
1535635572 21.02
1535635634 21.03
1535635697 21.04
1535635759 21.02
1535635821 21.00
1535635883 21.06
1535635945 21.14
1535636007 21.24
1535636070 21.09
1535636132 21.02
1535636194 21.01
1535636257 20.96
1535636319 21.02
1535636381 20.96
1535636443 20.96
1535636506 21.01
1535636568 20.99
1535636630 21.01
1535636692 21.04
1535636755 21.01
1535636817 21.19
1535636879 20.99
1535636941 20.95
1535637003 21.10
1535637065 21.00
1535637127 21.05
1535637190 20.99
1535637252 20.97
1535637314 21.14
1535637376 21.01
1535637438 21.19
1535637501 21.00
1535637563 21.06
1535637625 21.02
1535637687 21.03
1535637749 21.03
1535637812 21.04
1535637874 21.05
1535637936 21.00
1535637999 21.04
1535638061 20.97
1535638123 21.17
1535638185 21.00
1535638247 21.11
1535638310 21.06
1535638372 20.98
1535638434 21.03
1535638496 21.12
1535638559 21.10
1535638621 21.02
1535638683 21.00
1535638745 21.06
1535638808 21.01
1535638870 21.03
1535638932 21.00
1535638994 21.15
1535639056 21.04
1535639118 21.02
1535639180 21.03
1535639242 21.02
1535639305 21.01
1535639367 21.07
1535639429 20.88
1535639491 21.05
1535639553 21.05
1535639616 21.02
1535639678 20.97
1535639740 20.97
1535639802 21.00
1535639864 21.03
1535639926 21.11
1535639988 20.99
1535640050 21.05
1535640111 21.05
1535640171 20.83
1535640231 20.98
1535640292 21.17
1535640354 20.95
1535640414 21.09
1535640474 20.97
1535640535 20.90
1535640596 20.98
1535640656 21.07
1535640717 20.89
1535640777 21.12
1535640839 20.95
1535640900 21.02
1535640960 20.99
1535641020 20.96
1535641080 20.99
1535641141 20.97
1535641203 21.00
1535641264 21.00
1535641325 20.98
1535641387 21.00
1535641449 20.98
1535641509 21.01
1535641569 21.04
1535641629 20.96
1535641690 20.99
1535641750 20.98
1535641810 21.02
1535641872 20.99
1535641934 21.05
1535641994 21.03
1535642056 20.99
1535642117 21.00
1535642177 21.04
1535642238 21.19
1535642300 21.00
1535642360 21.14
1535642420 21.02
1535642481 20.96
1535642541 20.94
1535642602 20.97
1535642664 21.14
1535642724 21.00
1535642784 20.99
1535642845 20.99
1535642905 21.06
1535642965 20.99
1535643025 21.12
1535643085 21.00
1535643145 20.97
1535643205 20.97
1535643267 20.99
1535643328 20.94
1535643388 21.21
1535643448 20.95
1535643510 20.91
1535643570 21.01
1535643630 21.01
1535643692 20.99
1535643752 20.99
1535643812 20.99
1535643874 21.06
1535643935 20.98
1535643995 20.97
1535644055 21.07
1535644115 21.00
1535644177 21.09
1535644237 20.95
1535644299 20.95
1535644359 20.99
1535644420 20.96
1535644480 21.00
1535644540 21.06
1535644601 21.08
1535644661 20.97
1535644721 21.00
1535644781 21.01
1535644843 21.03
1535644905 20.98
1535644965 21.02
1535645027 21.19
1535645087 20.97
1535645147 21.00
1535645209 21.14
1535645269 20.98
1535645331 20.97
1535645392 21.02
1535645454 20.93
1535645516 20.90
1535645578 20.98
1535645640 20.97
1535645700 21.04
1535645760 21.01
1535645820 21.04
1535645881 21.00
1535645941 21.00
1535646001 21.04
1535646062 20.99
1535646122 20.99
1535646184 21.21
1535646246 20.99
1535646308 21.08
1535646369 20.99
1535646431 21.02
1535646493 20.99
1535646553 21.01
1535646613 20.97
1535646673 20.99
1535646735 20.96
1535646795 20.99
1535646857 20.92
1535646917 20.95
1535646977 20.98
1535647038 20.87
1535647098 20.77
1535647158 20.97
1535647218 20.92
1535647279 20.88
1535647339 20.96
1535647399 20.92
1535647459 20.85
1535647520 20.99
1535647580 20.81
1535647640 20.94
1535647701 20.93
1535647763 20.96
1535647823 20.91
1535647883 20.82
1535647944 20.90
1535648004 20.86
1535648066 20.98
1535648127 20.86
1535648187 20.94
1535648247 20.97
1535648307 20.91
1535648369 20.88
1535648431 20.90
1535648491 20.99
1535648551 20.91
1535648612 20.92
1535648672 20.89
1535648732 20.79
1535648793 20.95
1535648853 20.96
1535648913 20.99
1535648974 20.80
1535649034 20.93
1535649096 21.04
1535649156 21.00
1535649216 20.93
1535649278 20.95
1535649338 20.99
1535649399 21.00
1535649459 20.94
1535649520 21.01
1535649580 20.95
1535649640 20.97
1535649701 20.99
1535649761 20.81
1535649823 21.08
1535649884 20.91
1535649945 20.85
1535650005 20.91
1535650066 20.93
1535650126 20.88
1535650186 20.97
1535650247 21.00
1535650307 20.98
1535650367 21.00
1535650429 20.83
1535650489 20.82
1535650550 20.91
1535650610 20.90
1535650670 20.87
1535650730 20.92
1535650790 20.93
1535650853 20.93
1535650913 20.88
1535650973 20.94
1535651033 20.85
1535651094 20.79
1535651154 20.83
1535651214 20.79
1535651274 20.87
1535651334 20.90
1535651394 20.75
1535651455 20.86
1535651517 20.95
1535651577 20.96
1535651637 20.80
1535651697 20.76
1535651759 20.91
1535651819 20.92
1535651880 20.86
1535651940 21.01
1535652000 20.86
1535652060 20.83
1535652120 20.77
1535652182 20.98
1535652243 20.91
1535652303 20.79
1535652363 20.81
1535652423 20.97
1535652484 20.79
1535652544 20.90
1535652604 20.94
1535652664 20.73
1535652724 20.87
1535652786 20.83
1535652847 20.77
1535652908 20.82
1535652969 20.88
1535653029 20.81
1535653091 20.85
1535653151 20.83
1535653211 20.81
1535653272 20.75
1535653332 20.83
1535653392 20.87
1535653454 20.81
1535653514 20.97
1535653574 20.87
1535653634 20.83
1535653695 20.90
1535653755 20.85
1535653815 20.82
1535653877 20.73
1535653937 20.82
1535653997 20.85
1535654057 21.01
1535654118 20.76
1535654178 20.82
1535654238 20.83
1535654299 20.66
1535654359 20.99
1535654419 20.76
1535654479 20.81
1535654539 20.79
1535654600 20.78
1535654660 20.80
1535654722 20.86
1535654782 20.79
1535654844 20.76
1535654906 20.80
1535654968 20.78
1535655028 20.76
1535655090 20.81
1535655150 20.83
1535655210 20.94
1535655272 20.79
1535655332 20.90
1535655393 20.68
1535655453 20.79
1535655514 20.73
1535655574 20.75
1535655635 20.81
1535655697 20.78
1535655758 20.76
1535655818 20.77
1535655880 20.78
1535655942 20.92
1535656002 20.65
1535656064 20.82
1535656124 20.73
1535656185 20.77
1535656247 20.87
1535656307 20.82
1535656369 20.93
1535656430 20.70
1535656491 20.71
1535656551 20.72
1535656613 20.68
1535656675 20.93
1535656737 20.78
1535656798 20.70
1535656858 20.76
1535656918 20.85
1535656980 20.65
1535657042 20.80
1535657102 20.88
1535657163 20.78
1535657223 20.83
1535657283 20.69
1535657343 20.79
1535657405 20.80
1535657467 20.72
1535657527 20.77
1535657589 20.65
1535657651 20.79
1535657711 20.61
1535657772 20.71
1535657832 20.75
1535657892 20.75
1535657953 20.74
1535658015 20.85
1535658075 20.68
1535658137 20.83
1535658199 20.66
1535658259 20.79
1535658319 20.81
1535658380 20.82
1535658440 20.76
1535658500 20.77
1535658560 20.73
1535658622 20.75
1535658682 20.75
1535658742 20.87
1535658804 20.69
1535658865 20.70
1535658925 20.88
1535658985 20.58
1535659045 20.81
1535659106 20.80
1535659167 20.75
1535659227 20.66
1535659287 20.74
1535659348 20.73
1535659410 20.73
1535659470 20.79
1535659530 20.67
1535659590 20.68
1535659652 20.63
1535659712 20.75
1535659772 20.75
1535659833 20.72
1535659893 20.64
1535659953 20.66
1535660013 20.83
1535660074 20.76
1535660134 20.76
1535660194 20.69
1535660255 20.75
1535660315 20.69
1535660377 20.69
1535660437 20.81
1535660497 20.79
1535660557 20.84
1535660619 20.73
1535660679 20.62
1535660741 20.69
1535660802 20.70
1535660864 20.63
1535660924 20.73
1535660984 20.86
1535661045 20.64
1535661107 20.80
1535661167 20.80
1535661228 20.76
1535661288 20.58
1535661348 20.61
1535661408 20.71
1535661468 20.77
1535661529 20.69
1535661591 20.76
1535661651 20.87
1535661711 20.68
1535661772 20.58
1535661832 20.69
1535661892 20.80
1535661953 20.73
1535662013 20.53
1535662073 20.68
1535662134 20.54
1535662194 20.67
1535662254 20.63
1535662316 20.74
1535662376 20.72
1535662436 20.57
1535662496 20.64
1535662558 20.63
1535662618 20.63
1535662679 20.77
1535662739 20.62
1535662799 20.61
1535662859 20.75
