1535403629 12.66
1535403690 12.69
1535403750 12.65
1535403810 12.64
1535403870 12.66
1535403931 12.60
1535403991 12.65
1535404051 12.63
1535404111 12.63
1535404172 12.64
1535404232 12.65
1535404294 12.67
1535404357 12.63
1535404417 12.66
1535404477 12.63
1535404539 12.64
1535404599 12.64
1535404661 12.67
1535404723 12.70
1535404784 12.68
1535404844 12.68
1535404904 12.69
1535404964 12.66
1535405025 12.67
1535405085 12.67
1535405145 12.67
1535405207 12.69
1535405269 12.69
1535405332 12.67
1535405392 12.65
1535405452 12.64
1535405512 12.65
1535405572 12.66
1535405632 12.68
1535405693 12.68
1535405753 12.67
1535405813 12.67
1535405873 12.64
1535405935 12.64
1535405995 12.66
1535406058 12.61
1535406120 12.69
1535406182 12.65
1535406242 12.65
1535406304 12.62
1535406366 12.67
1535406426 12.66
1535406488 12.67
1535406548 12.68
1535406610 12.64
1535406672 12.67
1535406732 12.66
1535406792 12.66
1535406853 12.66
1535406913 12.62
1535406973 12.64
1535407033 12.65
1535407093 12.63
1535407153 12.61
1535407214 12.62
1535407274 12.62
1535407336 12.63
1535407396 12.63
1535407456 12.62
1535407517 12.63
1535407577 12.63
1535407637 12.65
1535407698 12.66
1535407758 12.61
1535407820 12.65
1535407883 12.64
1535407945 12.65
1535408008 12.62
1535408070 12.60
1535408132 12.63
1535408194 12.65
1535408256 12.61
1535408319 12.65
1535408381 12.64
1535408443 12.62
1535408505 12.62
1535408565 12.61
1535408627 12.64
1535408688 12.57
1535408748 12.65
1535408808 12.62
1535408868 12.63
1535408929 12.62
1535408991 12.65
1535409051 12.61
1535409111 12.60
1535409173 12.64
1535409235 12.61
1535409295 12.58
1535409357 12.61
1535409417 12.63
1535409478 12.61
1535409538 12.60
1535409598 12.61
1535409658 12.59
1535409720 12.63
1535409781 12.59
1535409841 12.62
1535409901 12.56
1535409963 12.59
1535410025 12.63
1535410086 12.60
1535410146 12.61
1535410206 12.62
1535410266 12.62
1535410327 12.60
1535410387 12.61
1535410447 12.59
1535410509 12.60
1535410569 12.60
1535410629 12.59
1535410691 12.57
1535410752 12.61
1535410813 12.61
1535410873 12.63
1535410933 12.61
1535410993 12.58
1535411053 12.58
1535411114 12.59
1535411174 12.66
1535411236 12.61
1535411296 12.60
1535411356 12.62
1535411416 12.59
1535411476 12.60
1535411537 12.61
1535411599 12.62
1535411659 12.59
1535411719 12.61
1535411781 12.60
1535411841 12.61
1535411902 12.60
1535411962 12.59
1535412022 12.60
1535412082 12.59
1535412144 12.59
1535412204 12.58
1535412264 12.60
1535412325 12.62
1535412387 12.60
1535412447 12.61
1535412507 12.57
1535412569 12.61
1535412630 12.60
1535412690 12.60
1535412751 12.59
1535412811 12.61
1535412871 12.59
1535412932 12.59
1535412992 12.59
1535413052 12.61
1535413112 12.58
1535413172 12.59
1535413234 12.56
1535413297 12.62
1535413357 12.58
1535413417 12.59
1535413478 12.61
1535413538 12.58
1535413598 12.59
1535413659 12.57
1535413719 12.59
1535413779 12.60
1535413840 12.59
1535413900 12.58
1535413962 12.57
1535414024 12.60
1535414086 12.58
1535414146 12.55
1535414207 12.60
1535414267 12.57
1535414327 12.55
1535414389 12.59
1535414449 12.59
1535414509 12.58
1535414569 12.62
1535414629 12.55
1535414690 12.56
1535414750 12.55
1535414812 12.59
1535414874 12.56
1535414934 12.58
1535414994 12.60
1535415054 12.59
1535415116 12.58
1535415176 12.57
1535415237 12.57
1535415297 12.59
1535415357 12.58
1535415418 12.55
1535415479 12.55
1535415539 12.55
1535415599 12.55
1535415659 12.61
1535415721 12.58
1535415782 12.58
1535415843 12.55
1535415903 12.58
1535415963 12.60
1535416025 12.60
1535416085 12.57
1535416145 12.59
1535416206 12.59
1535416266 12.58
1535416328 12.54
1535416388 12.61
1535416449 12.58
1535416511 12.56
1535416571 12.55
1535416631 12.55
1535416691 12.57
1535416751 12.59
1535416811 12.59
1535416872 12.57
1535416932 12.62
1535416994 12.56
1535417054 12.57
1535417114 12.55
1535417176 12.55
1535417236 12.56
1535417296 12.55
1535417358 12.55
1535417420 12.54
1535417482 12.54
1535417544 12.58
1535417604 12.55
1535417666 12.53
1535417726 12.52
1535417788 12.51
1535417849 12.54
1535417909 12.57
1535417970 12.58
1535418032 12.58
1535418092 12.55
1535418152 12.55
1535418213 12.56
1535418273 12.54
1535418333 12.54
1535418395 12.59
1535418457 12.53
1535418517 12.55
1535418577 12.53
1535418637 12.52
1535418697 12.55
1535418757 12.55
1535418818 12.53
1535418878 12.58
1535418938 12.56
1535419000 12.54
1535419062 12.55
1535419122 12.52
1535419182 12.51
1535419242 12.56
1535419303 12.54
1535419364 12.57
1535419425 12.57
1535419485 12.54
1535419545 12.50
1535419605 12.49
1535419667 12.56
1535419727 12.52
1535419788 12.53
1535419848 12.52
1535419910 12.52
1535419972 12.51
1535420034 12.50
1535420097 12.54
1535420159 12.55
1535420220 12.52
1535420279 12.53
1535420340 12.52
1535420400 12.52
1535420460 12.55
1535420521 12.51
1535420581 12.52
1535420641 12.57
1535420701 12.48
1535420762 12.53
1535420824 12.51
1535420884 12.49
1535420946 12.51
1535421007 12.50
1535421068 12.51
1535421128 12.55
1535421188 12.52
1535421248 12.47
1535421308 12.53
1535421369 12.51
1535421429 12.52
1535421491 12.52
1535421554 12.53
1535421616 12.56
1535421676 12.52
1535421737 12.55
1535421799 12.53
1535421859 12.53
1535421919 12.52
1535421979 12.48
1535422040 12.49
1535422100 12.52
1535422161 12.58
1535422221 12.53
1535422281 12.46
1535422344 12.52
1535422406 12.51
1535422468 12.46
1535422530 12.48
1535422592 12.49
1535422652 12.51
1535422713 12.49
1535422773 12.47
1535422834 12.47
1535422894 12.48
1535422956 12.52
1535423016 12.50
1535423076 12.47
1535423136 12.50
1535423197 12.50
1535423257 12.50
1535423317 12.45
1535423377 12.45
1535423438 12.49
1535423498 12.45
1535423558 12.46
1535423619 12.54
1535423680 12.44
1535423741 12.47
1535423803 12.46
1535423863 12.45
1535423923 12.45
1535423984 12.46
1535424046 12.49
1535424108 12.46
1535424170 12.49
1535424230 12.49
1535424290 12.49
1535424352 12.51
1535424413 12.49
1535424475 12.46
1535424535 12.46
1535424596 12.45
1535424656 12.52
1535424717 12.49
1535424777 12.46
1535424838 12.52
1535424899 12.51
1535424961 12.54
1535425022 12.47
1535425082 12.45
1535425143 12.45
1535425203 12.47
1535425265 12.50
1535425325 12.46
1535425386 12.41
1535425446 12.49
1535425506 12.42
1535425566 12.42
1535425626 12.52
1535425686 12.45
1535425746 12.43
1535425809 12.44
1535425871 12.48
1535425931 12.45
1535425993 12.44
1535426055 12.42
1535426115 12.44
1535426177 12.46
1535426237 12.49
1535426297 12.46
1535426359 12.40
1535426419 12.43
1535426480 12.45
1535426540 12.43
1535426600 12.47
1535426661 12.46
1535426721 12.49
1535426781 12.49
1535426841 12.44
1535426901 12.41
1535426962 12.40
1535427022 12.44
1535427082 12.45
1535427142 12.43
1535427204 12.40
1535427266 12.48
1535427325 12.47
1535427386 12.46
1535427446 12.39
1535427506 12.47
1535427566 12.50
1535427626 12.53
1535427686 12.49
1535427747 12.47
1535427807 12.46
1535427867 12.42
1535427927 12.44
1535427987 12.43
1535428049 12.42
1535428112 12.43
1535428174 12.41
1535428235 12.47
1535428295 12.43
1535428355 12.40
1535428415 12.48
1535428475 12.55
1535428535 12.57
1535428595 12.54
1535428656 12.45
1535428716 12.47
1535428778 12.47
1535428840 12.51
1535428902 12.46
1535428962 12.48
1535429024 12.49
1535429084 12.46
1535429146 12.46
1535429208 12.46
1535429268 12.43
1535429328 12.43
1535429388 12.44
1535429449 12.44
1535429509 12.42
1535429569 12.45
1535429629 12.43
1535429691 12.41
1535429751 12.46
1535429812 12.42
1535429874 12.41
1535429936 12.42
1535429998 12.43
1535430060 12.42
1535430120 12.44
1535430180 12.37
1535430240 12.40
1535430301 12.40
1535430361 12.39
1535430421 12.41
1535430482 12.40
1535430542 12.42
1535430603 12.42
1535430663 12.38
1535430725 12.42
1535430787 12.37
1535430849 12.41
1535430909 12.39
1535430969 12.41
1535431030 12.41
1535431090 12.42
1535431152 12.39
1535431214 12.38
1535431274 12.40
1535431336 12.40
1535431396 12.42
1535431456 12.40
1535431517 12.37
1535431577 12.37
1535431638 12.42
1535431699 12.41
1535431760 12.42
1535431822 12.47
1535431882 12.43
1535431942 12.41
1535432002 12.41
1535432063 12.43
1535432123 12.41
1535432185 12.43
1535432247 12.44
1535432307 12.40
1535432368 12.40
1535432428 12.38
1535432490 12.42
1535432550 12.44
1535432610 12.43
1535432670 12.43
1535432732 12.46
1535432792 12.42
1535432853 12.42
1535432913 12.44
1535432973 12.45
1535433035 12.41
1535433096 12.41
1535433156 12.46
1535433218 12.43
1535433278 12.43
1535433340 12.41
1535433400 12.44
1535433460 12.41
1535433522 12.44
1535433582 12.44
1535433642 12.48
1535433703 12.46
1535433763 12.46
1535433823 12.54
1535433885 12.50
1535433947 12.52
1535434007 12.51
1535434068 12.50
1535434128 12.51
1535434190 12.53
1535434252 12.56
1535434314 12.57
1535434374 12.59
1535434434 12.75
1535434494 12.66
1535434555 12.56
1535434616 12.55
1535434677 12.55
1535434737 12.61
1535434797 12.61
1535434858 12.55
1535434918 12.56
1535434978 12.61
1535435039 12.72
1535435099 12.59
1535435161 12.55
1535435221 12.57
1535435281 12.55
1535435341 12.54
1535435402 12.57
1535435462 12.55
1535435522 12.56
1535435582 12.58
1535435643 12.57
1535435703 12.60
1535435763 12.56
1535435823 12.58
1535435885 12.59
1535435945 12.54
1535436005 12.57
1535436065 12.58
1535436126 12.55
1535436186 12.58
1535436246 12.58
1535436308 12.58
1535436368 12.59
1535436430 12.59
1535436490 12.60
1535436552 12.60
1535436612 12.60
1535436674 12.66
1535436734 12.63
1535436796 12.62
1535436856 12.67
1535436916 12.68
1535436977 12.65
1535437038 12.65
1535437101 12.64
1535437161 12.65
1535437221 12.62
1535437283 12.64
1535437344 12.68
1535437404 12.71
1535437466 12.68
1535437528 12.66
1535437589 12.64
1535437651 12.71
1535437712 12.63
1535437772 12.65
1535437833 12.61
1535437893 12.61
1535437954 12.62
1535438016 12.67
1535438076 12.73
1535438136 12.68
1535438198 12.64
1535438258 12.62
1535438319 12.63
1535438379 12.63
1535438441 12.65
1535438501 12.68
1535438561 12.70
1535438622 12.71
1535438682 12.74
1535438742 12.75
1535438802 12.75
1535438862 12.69
1535438923 12.63
1535438983 12.66
1535439043 12.63
1535439105 12.68
1535439165 12.65
1535439226 12.65
1535439288 12.66
1535439348 12.70
1535439408 12.68
1535439468 12.71
1535439529 12.69
1535439589 12.67
1535439649 12.70
1535439710 12.68
1535439771 12.66
1535439833 12.65
1535439894 12.66
1535439956 12.61
1535440016 12.69
1535440076 12.66
1535440136 12.66
1535440197 12.68
1535440257 12.70
1535440317 12.65
1535440377 12.71
1535440439 12.81
1535440501 12.82
1535440563 12.70
1535440623 12.68
1535440683 12.65
1535440745 12.70
1535440807 12.76
1535440868 12.88
1535440928 12.87
1535440988 12.68
1535441050 12.65
1535441110 12.79
1535441171 12.75
1535441231 12.78
1535441291 12.94
1535441352 12.80
1535441412 12.78
1535441472 12.73
1535441533 12.81
1535441593 12.71
1535441653 12.75
1535441715 12.73
1535441775 12.76
1535441835 12.73
1535441896 12.86
1535441956 13.05
1535442017 13.21
1535442078 13.02
1535442139 13.06
1535442201 12.93
1535442261 12.95
1535442321 12.98
1535442382 12.89
1535442442 13.02
1535442502 13.00
1535442563 12.91
1535442623 12.84
1535442684 12.91
1535442745 12.87
1535442806 12.85
1535442866 12.75
1535442928 12.86
1535442990 12.84
1535443050 12.75
1535443110 12.73
1535443172 12.61
1535443234 12.44
1535443294 12.76
1535443354 12.81
1535443414 12.54
1535443474 12.44
1535443535 12.74
1535443595 12.80
1535443655 12.25
1535443715 12.65
1535443776 12.20
1535443836 12.36
1535443896 12.79
1535443958 11.92
1535444020 12.40
1535444081 12.25
1535444141 11.91
1535444202 11.69
1535444265 11.81
1535444325 12.08
1535444385 12.10
1535444445 12.08
1535444505 12.00
1535444567 11.87
1535444627 11.83
1535444688 11.88
1535444748 11.76
1535444810 11.91
1535444872 11.88
1535444932 11.87
1535444993 11.80
1535445053 11.83
1535445113 11.87
1535445175 11.91
1535445235 11.91
1535445295 11.90
1535445356 11.92
1535445416 11.92
1535445477 11.95
1535445537 11.98
1535445598 11.99
1535445660 11.89
1535445720 11.95
1535445780 11.81
1535445841 11.83
1535445901 11.86
1535445962 11.82
1535446022 11.80
1535446082 11.81
1535446142 11.80
1535446203 11.79
1535446263 11.81
1535446323 11.84
1535446385 11.77
1535446445 11.78
1535446505 11.82
1535446566 11.87
1535446626 11.93
1535446688 11.88
1535446748 11.80
1535446808 11.84
1535446869 11.89
1535446929 11.92
1535446989 11.92
1535447049 11.91
1535447109 11.93
1535447169 11.91
1535447231 11.89
1535447291 11.95
1535447351 11.94
1535447412 11.92
1535447472 11.93
1535447532 11.99
1535447593 11.96
1535447653 11.95
1535447713 11.84
1535447775 11.83
1535447835 11.91
1535447896 11.91
1535447956 11.97
1535448016 11.95
1535448076 12.00
1535448137 11.95
1535448197 11.89
1535448257 11.95
1535448319 12.01
1535448381 11.94
1535448441 11.97
1535448501 11.91
1535448564 12.00
1535448624 12.05
1535448684 12.05
1535448746 12.03
1535448806 12.03
1535448867 11.92
1535448927 12.05
1535448987 12.08
1535449047 12.09
1535449109 12.02
1535449170 12.01
1535449230 12.11
1535449290 12.07
1535449352 12.05
1535449412 12.10
1535449473 12.02
1535449533 12.03
1535449595 11.95
1535449656 11.99
1535449716 12.01
1535449776 12.00
1535449837 12.05
1535449897 12.03
1535449957 12.09
1535450018 12.06
1535450080 12.10
1535450140 12.01
1535450201 12.03
1535450261 12.03
1535450322 12.04
1535450382 12.12
1535450442 12.13
1535450503 12.10
1535450563 12.08
1535450623 12.11
1535450683 12.17
1535450743 12.16
1535450804 12.16
1535450866 12.11
1535450926 12.12
1535450986 12.15
1535451048 12.12
1535451108 12.09
1535451169 12.15
1535451231 12.10
1535451293 12.18
1535451353 12.15
1535451413 12.18
1535451473 12.20
1535451533 12.11
1535451593 12.09
1535451653 12.13
1535451714 11.88
1535451774 11.81
1535451834 12.07
1535451894 11.83
1535451956 11.53
1535452016 11.47
1535452078 10.97
1535452139 10.65
1535452199 9.99
1535452259 9.34
1535452319 9.16
1535452379 8.89
1535452441 8.92
1535452503 9.18
1535452563 8.24
1535452624 8.28
1535452683 8.50
1535452746 8.74
1535452806 9.18
1535452866 8.93
1535452926 8.22
1535452987 8.54
1535453047 8.35
1535453109 8.00
1535453171 8.15
1535453233 8.37
1535453293 8.75
1535453354 8.48
1535453414 8.02
1535453475 7.98
1535453535 7.61
1535453595 7.88
1535453655 7.85
1535453717 7.43
1535453779 7.36
1535453839 7.23
1535453901 7.53
1535453963 7.57
1535454023 7.61
1535454083 7.60
1535454143 7.22
1535454205 7.22
1535454266 7.54
1535454326 7.22
1535454386 7.18
1535454448 7.01
1535454509 6.89
1535454569 6.64
1535454629 6.91
1535454691 7.09
1535454752 6.92
1535454812 7.10
1535454872 7.55
1535454934 7.85
1535454994 7.68
1535455056 7.49
1535455116 7.28
1535455176 7.36
1535455237 7.78
1535455297 7.67
1535455357 7.75
1535455417 8.14
1535455477 8.57
1535455537 8.55
1535455599 8.63
1535455660 8.08
1535455722 8.33
1535455784 8.31
1535455846 8.40
1535455906 8.55
1535455966 8.59
1535456027 8.80
1535456087 8.78
1535456147 8.96
1535456208 9.01
1535456268 8.99
1535456328 9.06
1535456389 9.10
1535456449 9.11
1535456509 9.11
1535456569 9.16
1535456630 9.41
1535456690 9.22
1535456750 9.34
1535456812 9.48
1535456874 9.36
1535456936 9.47
1535456996 9.44
1535457058 9.51
1535457118 9.40
1535457178 9.60
1535457240 9.41
1535457300 9.47
1535457362 9.67
1535457422 9.72
1535457484 9.56
1535457546 9.55
1535457608 9.71
1535457668 9.67
1535457728 9.66
1535457790 9.64
1535457850 9.64
1535457911 9.70
1535457971 10.01
1535458031 10.08
1535458092 9.86
1535458152 9.87
1535458212 9.83
1535458272 9.74
1535458334 9.76
1535458394 9.74
1535458454 9.77
1535458515 9.75
1535458576 9.82
1535458636 9.83
1535458697 9.86
1535458757 9.91
1535458817 9.92
1535458877 9.93
1535458938 9.86
1535458998 9.92
1535459060 10.05
1535459122 10.04
1535459182 10.18
1535459242 10.16
1535459303 10.15
1535459363 10.19
1535459425 10.11
1535459487 10.18
1535459547 10.19
1535459608 10.42
1535459668 10.28
1535459728 10.31
1535459789 10.30
1535459849 10.31
1535459909 10.29
1535459969 10.43
1535460030 10.37
1535460092 10.34
1535460152 10.33
1535460212 10.32
1535460274 10.35
1535460335 10.37
1535460395 10.42
1535460455 10.42
1535460515 10.44
1535460576 10.47
1535460638 10.53
1535460700 10.47
1535460762 10.35
1535460822 10.40
1535460882 10.42
1535460943 10.47
1535461003 10.53
1535461065 10.47
1535461125 10.50
1535461186 10.56
1535461247 10.58
1535461308 10.62
1535461368 10.52
1535461430 10.50
1535461490 10.59
1535461550 10.43
1535461611 10.49
1535461671 10.36
1535461731 10.39
1535461793 10.52
1535461854 10.67
1535461914 10.58
1535461974 10.58
1535462036 10.64
1535462097 10.61
1535462159 10.61
1535462219 10.69
1535462279 10.70
1535462339 10.75
1535462399 10.76
1535462460 10.77
1535462520 10.89
1535462580 10.92
1535462640 10.85
1535462701 11.01
1535462761 10.97
1535462821 10.89
1535462883 10.94
1535462943 10.90
1535463004 10.89
1535463064 10.85
1535463124 10.84
1535463184 10.92
1535463244 10.94
1535463304 10.95
1535463364 11.16
1535463425 10.93
1535463487 11.03
1535463547 10.95
1535463607 10.88
1535463667 10.84
1535463729 10.84
1535463790 10.82
1535463850 10.85
1535463911 10.85
1535463971 10.89
1535464032 10.71
1535464092 10.57
1535464152 10.55
1535464212 10.71
1535464272 10.86
1535464333 10.86
1535464393 10.78
1535464453 10.74
1535464513 10.78
1535464575 10.86
1535464636 10.79
1535464697 10.83
1535464757 10.82
1535464819 10.82
1535464881 10.88
1535464942 10.71
1535465004 10.81
1535465065 10.74
1535465126 10.88
1535465186 10.89
1535465248 10.81
1535465308 10.62
1535465370 10.71
1535465430 10.77
1535465490 10.83
1535465550 10.86
1535465610 10.84
1535465671 10.77
1535465731 10.79
1535465793 10.63
1535465853 10.83
1535465913 10.69
1535465975 10.69
1535466037 10.50
1535466099 10.53
1535466160 10.61
1535466220 10.86
1535466280 10.69
1535466343 10.81
1535466402 10.50
1535466463 10.64
1535466523 10.85
1535466585 10.81
1535466647 10.72
1535466709 10.95
1535466769 10.66
1535466831 10.62
1535466891 10.76
1535466952 10.99
1535467012 10.81
1535467072 10.89
1535467132 10.69
1535467192 10.89
1535467254 10.82
1535467316 10.84
1535467378 10.83
1535467440 10.82
1535467503 10.89
1535467563 10.84
1535467623 10.84
1535467684 10.92
1535467744 10.86
1535467804 10.86
1535467864 11.07
1535467926 10.87
1535467988 10.85
1535468048 10.81
1535468108 10.71
1535468168 10.79
1535468228 10.86
1535468289 10.71
1535468349 10.60
1535468410 10.77
1535468470 10.62
1535468530 10.70
1535468591 10.85
1535468651 10.97
1535468712 11.07
1535468772 11.26
1535468834 11.22
1535468894 11.18
1535468956 11.16
1535469019 11.20
1535469079 11.09
1535469139 11.02
1535469200 10.99
1535469262 10.90
1535469322 10.87
1535469382 10.81
1535469443 10.77
1535469503 10.64
1535469565 10.73
1535469625 10.75
1535469685 10.68
1535469747 10.73
1535469807 10.68
1535469869 10.75
1535469929 10.89
1535469990 10.75
1535470050 10.96
1535470110 11.31
1535470170 11.31
1535470231 10.99
1535470291 11.01
1535470351 11.31
1535470413 11.18
1535470475 11.07
1535470535 10.93
1535470596 11.61
1535470656 11.88
1535470716 11.72
1535470776 11.56
1535470837 11.33
1535470899 11.45
1535470961 11.60
1535471021 11.83
1535471083 11.66
1535471143 11.54
1535471203 11.26
1535471264 11.74
1535471324 11.18
1535471386 11.61
1535471446 11.50
1535471506 11.54
1535471568 11.60
1535471628 11.67
1535471689 11.73
1535471749 11.52
1535471809 11.67
1535471870 11.59
1535471932 11.65
1535471992 11.68
1535472054 11.52
1535472114 11.34
1535472176 11.44
1535472238 11.66
1535472300 11.50
1535472360 11.74
1535472422 11.45
1535472482 11.28
1535472542 11.70
1535472603 11.77
1535472663 11.70
1535472723 10.95
1535472785 11.15
1535472847 11.09
1535472907 11.46
1535472969 11.68
1535473031 11.50
1535473091 11.30
1535473152 11.26
1535473212 11.20
1535473274 11.49
1535473334 11.42
1535473394 11.37
1535473456 11.02
1535473516 10.96
1535473578 10.85
1535473639 10.85
1535473699 11.11
1535473759 11.08
1535473819 11.20
1535473880 10.97
1535473940 10.96
1535474000 11.04
1535474060 11.10
1535474121 11.40
1535474183 11.26
1535474243 11.25
1535474303 11.16
1535474365 11.03
1535474426 10.99
1535474486 11.15
1535474547 11.16
1535474607 11.05
1535474667 10.99
1535474729 11.22
1535474789 11.24
1535474851 11.12
1535474911 11.24
1535474972 11.10
1535475032 11.39
1535475093 10.98
1535475153 10.97
1535475213 11.21
1535475274 11.12
1535475334 11.09
1535475394 11.12
1535475456 10.99
1535475518 10.97
1535475578 10.92
1535475639 10.91
1535475699 10.97
1535475759 10.95
1535475819 10.98
1535475880 10.96
1535475940 11.00
1535476000 11.04
1535476060 11.03
1535476121 11.02
1535476183 11.04
1535476245 11.02
1535476305 11.01
1535476365 11.08
1535476425 11.00
1535476485 11.05
1535476545 11.03
1535476607 11.03
1535476667 11.05
1535476728 11.05
1535476788 11.05
1535476848 11.02
1535476910 11.03
1535476970 11.04
1535477031 11.10
1535477093 11.05
1535477153 11.07
1535477213 11.12
1535477274 11.11
1535477334 11.20
1535477394 11.16
1535477454 11.15
1535477516 11.12
1535477576 11.17
1535477637 11.15
1535477697 11.12
1535477757 11.16
1535477819 11.13
1535477879 11.13
1535477939 11.22
1535478000 11.19
1535478060 11.21
1535478120 11.22
1535478181 11.22
1535478243 11.21
1535478305 11.18
1535478365 11.21
1535478427 11.23
1535478489 11.25
1535478549 11.30
1535478609 11.32
1535478670 11.30
1535478730 11.29
1535478790 11.24
1535478850 11.38
1535478912 11.29
1535478972 11.37
1535479033 11.41
1535479093 11.41
1535479153 11.38
1535479213 11.42
1535479274 11.46
1535479334 11.42
1535479394 11.44
1535479456 11.46
1535479518 11.44
1535479580 11.52
1535479640 11.47
1535479702 11.49
1535479764 11.52
1535479825 11.54
1535479885 11.59
1535479945 11.58
1535480006 11.55
1535480066 11.60
1535480127 11.62
1535480187 11.61
1535480247 11.59
1535480308 11.60
1535480368 11.67
1535480430 11.67
1535480492 11.67
1535480552 11.64
1535480612 11.70
1535480673 11.69
1535480733 11.75
1535480793 11.71
1535480853 11.75
1535480914 11.75
1535480974 11.74
1535481034 11.73
1535481096 11.74
1535481157 11.73
1535481218 11.77
1535481278 11.78
1535481338 11.79
1535481399 11.80
1535481459 11.84
1535481519 11.85
1535481581 11.87
1535481643 11.87
1535481703 11.90
1535481765 11.89
1535481826 11.96
1535481886 11.91
1535481946 11.94
1535482007 11.96
1535482068 11.94
1535482129 11.99
1535482189 12.01
1535482249 12.06
1535482309 12.07
1535482370 12.08
1535482430 12.07
1535482490 12.07
1535482550 12.09
1535482610 12.13
1535482672 12.08
1535482734 12.15
1535482795 12.12
1535482855 12.12
1535482915 12.13
1535482977 12.18
1535483038 12.20
1535483098 12.19
1535483160 12.22
1535483220 12.23
1535483282 12.21
1535483343 12.21
1535483403 12.22
1535483463 12.22
1535483524 12.27
1535483584 12.26
1535483644 12.24
1535483706 12.27
1535483766 12.26
1535483826 12.29
1535483886 12.26
1535483949 12.25
1535484009 12.30
1535484069 12.29
1535484129 12.27
1535484190 12.32
1535484251 12.24
1535484312 12.36
1535484374 12.29
1535484435 12.38
1535484496 12.35
1535484556 12.34
1535484616 12.37
1535484676 12.42
1535484737 12.38
1535484797 12.34
1535484857 12.41
1535484917 12.38
1535484979 12.47
1535485039 12.44
1535485100 12.38
1535485160 12.40
1535485220 12.48
1535485280 12.37
1535485341 12.36
1535485403 12.41
1535485465 12.45
1535485525 12.49
1535485586 12.51
1535485646 12.54
1535485706 12.50
1535485766 12.45
1535485826 12.43
1535485886 12.52
1535485947 12.40
1535486007 12.49
1535486067 12.56
1535486128 12.49
1535486190 12.55
1535486250 12.48
1535486312 12.47
1535486372 12.51
1535486432 12.56
1535486493 12.51
1535486553 12.54
1535486615 12.45
1535486675 12.51
1535486735 12.49
1535486795 12.51
1535486855 12.53
1535486916 12.50
1535486976 12.57
1535487036 12.55
1535487097 12.50
1535487157 12.54
1535487217 12.60
1535487277 12.56
1535487337 12.54
1535487399 12.56
1535487459 12.57
1535487519 12.60
1535487579 12.53
1535487640 12.52
1535487700 12.63
1535487760 12.49
1535487820 12.51
1535487880 12.51
1535487940 12.47
1535488001 12.59
1535488063 12.50
1535488123 12.54
1535488183 12.50
1535488245 12.50
1535488305 12.51
1535488365 12.49
1535488426 12.49
1535488488 12.51
1535488548 12.50
1535488610 12.49
1535488670 12.53
1535488732 12.50
1535488793 12.52
1535488853 12.51
1535488913 12.49
1535488974 12.54
1535489034 12.56
1535489096 12.55
1535489156 12.56
1535489216 12.62
1535489278 12.55
1535489339 12.58
1535489399 12.61
1535489459 12.52
1535489520 12.55
1535489580 12.59
1535489640 12.56
1535489702 12.52
1535489762 12.60
1535489823 12.57
1535489883 12.61
1535489945 12.60
1535490005 12.56
1535490067 12.59
1535490127 12.55
1535490187 12.56
1535490248 12.69
1535490308 12.59
1535490370 12.58
1535490432 12.59
1535490492 12.63
1535490554 12.58
1535490614 12.55
1535490674 12.59
1535490736 12.60
1535490796 12.64
1535490857 12.69
1535490917 12.63
1535490978 12.65
1535491039 12.65
1535491099 12.61
1535491166 12.64
1535491222 12.70
1535491282 12.66
1535491344 12.66
1535491404 12.72
1535491464 12.78
1535491525 12.72
1535491585 12.75
1535491645 12.68
1535491705 12.76
1535491765 12.78
1535491826 12.78
1535491886 12.73
1535491946 12.69
1535492007 12.72
1535492068 12.72
1535492129 12.71
1535492189 12.72
1535492249 12.69
1535492309 12.71
1535492371 12.75
1535492431 12.70
1535492493 12.78
1535492554 12.74
1535492614 12.71
1535492674 12.72
1535492736 12.75
1535492798 12.75
1535492858 12.70
1535492918 12.75
1535492978 12.79
1535493039 12.75
1535493099 12.82
1535493159 12.81
1535493219 12.80
1535493281 12.81
1535493343 12.83
1535493403 12.88
1535493465 12.82
1535493527 12.83
1535493587 12.75
1535493648 12.81
1535493708 12.84
1535493768 12.80
1535493829 12.76
1535493891 12.82
1535493951 12.80
1535494011 12.83
1535494073 12.81
1535494133 12.82
1535494195 12.86
1535494255 12.86
1535494317 12.81
1535494378 12.89
1535494438 12.78
1535494498 12.82
1535494558 12.89
1535494618 12.79
1535494678 12.80
1535494739 12.79
1535494799 12.79
1535494861 12.81
1535494923 12.80
1535494983 12.78
1535495044 12.76
1535495104 12.83
1535495164 12.81
1535495226 12.79
1535495286 12.83
1535495348 12.81
1535495408 12.86
1535495468 12.84
1535495531 12.89
1535495591 12.85
1535495651 12.89
1535495711 12.83
1535495771 12.82
1535495834 12.88
1535495894 12.84
1535495954 12.89
1535496015 12.82
1535496075 12.81
1535496135 12.86
1535496195 12.89
1535496256 12.90
1535496318 12.86
1535496380 12.86
1535496440 12.85
1535496500 12.86
1535496561 12.84
1535496620 12.81
1535496683 12.84
1535496743 12.84
1535496803 12.87
1535496865 12.86
1535496926 12.87
1535496986 12.87
1535497048 12.83
1535497108 12.88
1535497168 12.89
1535497230 12.86
1535497290 12.87
1535497351 12.85
1535497412 12.87
1535497474 12.87
1535497535 12.84
1535497596 12.90
1535497656 12.85
1535497716 12.89
1535497777 12.89
1535497837 12.89
1535497899 12.87
1535497961 12.83
1535498021 12.89
1535498081 12.88
1535498141 12.94
1535498201 12.93
1535498261 12.90
1535498322 12.99
1535498384 12.92
1535498444 12.94
1535498504 12.94
1535498564 12.92
1535498625 12.93
1535498685 12.93
1535498747 12.95
1535498807 12.92
1535498869 12.91
1535498929 12.90
1535498989 12.89
1535499050 12.92
1535499110 12.92
1535499170 12.91
1535499230 12.94
1535499292 12.95
1535499354 12.92
1535499416 12.89
1535499476 12.92
1535499536 12.92
1535499596 12.92
1535499657 12.92
1535499717 12.92
1535499777 12.89
1535499839 12.90
1535499899 12.92
1535499961 12.92
1535500021 12.92
1535500081 12.89
1535500142 12.94
1535500202 12.89
1535500264 12.95
1535500326 12.90
1535500386 12.94
1535500446 12.90
1535500508 12.92
1535500570 12.95
1535500630 13.00
1535500690 12.94
1535500752 12.96
1535500813 12.95
1535500873 12.92
1535500934 12.98
1535500994 12.95
1535501056 12.97
1535501116 12.94
1535501176 12.92
1535501236 12.91
1535501296 12.93
1535501358 12.95
1535501418 12.94
1535501479 12.97
1535501540 12.93
1535501602 12.95
1535501662 12.94
1535501722 12.98
1535501785 12.97
1535501847 12.95
1535501907 12.95
1535501969 12.93
1535502030 13.01
1535502092 12.98
1535502152 12.96
1535502212 12.95
1535502274 13.01
1535502336 12.95
1535502396 12.97
1535502456 12.95
1535502516 12.97
1535502576 12.97
1535502638 12.98
1535502698 12.98
1535502758 12.97
1535502819 12.98
1535502879 12.95
1535502939 12.97
1535503001 13.02
1535503063 13.00
1535503123 12.97
1535503183 12.97
1535503244 12.97
1535503304 12.96
1535503365 13.00
1535503426 13.01
1535503486 13.02
1535503546 13.03
1535503608 13.00
1535503669 13.00
1535503729 12.99
1535503789 12.98
1535503849 12.98
1535503911 12.95
1535503971 12.99
1535504032 12.96
1535504092 13.04
1535504152 13.02
1535504214 13.05
1535504274 13.06
1535504334 13.06
1535504396 13.01
1535504458 12.99
1535504521 13.00
1535504583 13.04
1535504646 12.98
1535504708 13.01
1535504770 13.01
1535504832 13.02
1535504895 13.02
1535504956 13.02
1535505018 13.05
1535505081 13.04
1535505143 13.01
1535505205 13.05
1535505267 13.09
1535505329 13.04
1535505390 13.05
1535505450 13.06
1535505510 13.07
1535505570 13.08
1535505630 13.06
1535505692 13.03
1535505754 13.05
1535505815 13.08
1535505875 13.03
1535505935 13.06
1535505996 13.10
1535506056 13.10
1535506118 13.03
1535506180 13.05
1535506240 13.03
1535506300 13.09
1535506362 13.06
1535506424 13.07
1535506484 13.13
1535506544 13.05
1535506606 13.07
1535506666 13.07
1535506727 13.10
1535506789 13.11
1535506851 13.04
1535506911 13.08
1535506971 13.05
1535507032 13.03
1535507092 13.06
1535507152 13.08
1535507212 13.07
1535507272 13.09
1535507333 13.08
1535507393 13.11
1535507455 13.06
1535507515 13.08
1535507575 13.05
1535507635 13.07
1535507695 13.08
1535507755 13.08
1535507815 13.09
1535507876 13.03
1535507936 13.10
1535507996 13.11
1535508056 13.09
1535508118 13.10
1535508178 13.09
1535508238 13.12
1535508299 13.10
1535508359 13.08
1535508419 13.09
1535508480 13.14
1535508540 13.13
1535508601 13.12
1535508663 13.10
1535508723 13.12
1535508784 13.11
1535508844 13.15
1535508904 13.15
1535508966 13.15
1535509028 13.12
1535509088 13.10
1535509148 13.13
1535509210 13.09
1535509271 13.09
1535509331 13.10
1535509391 13.10
1535509451 13.08
1535509512 13.09
1535509572 13.11
1535509632 13.14
1535509692 13.13
1535509752 13.13
1535509814 13.16
1535509875 13.11
1535509935 13.14
1535509995 13.19
1535510057 13.19
1535510117 13.19
1535510177 13.14
1535510238 13.14
1535510300 13.18
1535510360 13.15
1535510420 13.16
1535510480 13.16
1535510540 13.19
1535510600 13.12
1535510662 13.20
1535510722 13.25
1535510783 13.09
1535510843 13.12
1535510903 13.09
1535510963 13.09
1535511024 13.14
1535511084 13.16
1535511144 13.21
1535511204 13.17
1535511265 13.18
1535511327 13.14
1535511389 13.22
1535511449 13.56
1535511511 13.48
1535511571 13.86
1535511633 13.58
1535511693 13.63
1535511753 13.61
1535511813 13.42
1535511875 13.30
1535511936 13.22
1535511996 13.25
1535512056 13.23
1535512118 13.24
1535512179 13.19
1535512239 13.14
1535512299 13.23
1535512361 13.23
1535512423 13.22
1535512485 13.37
1535512548 13.51
1535512610 13.39
1535512672 13.50
1535512734 13.44
1535512796 13.60
1535512857 13.46
1535512918 13.70
1535512980 13.53
1535513042 13.71
1535513102 13.39
1535513164 13.35
1535513226 13.29
1535513287 13.17
1535513347 13.26
1535513407 13.30
1535513467 13.33
1535513529 13.69
1535513591 13.49
1535513651 13.25
1535513712 13.27
1535513772 13.33
1535513832 13.13
1535513893 13.14
1535513955 13.13
1535514015 13.18
1535514075 13.16
1535514136 13.15
1535514196 13.16
1535514258 13.16
1535514318 13.46
1535514378 13.72
1535514438 13.57
1535514499 13.41
1535514559 13.17
1535514619 13.12
1535514680 13.08
1535514740 13.14
1535514800 13.12
1535514861 13.20
1535514921 13.30
1535514981 13.26
1535515041 13.23
1535515103 13.16
1535515163 13.16
1535515226 13.23
1535515286 13.19
1535515348 13.20
1535515408 13.15
1535515469 13.13
1535515529 13.17
1535515589 13.23
1535515651 13.21
1535515712 13.25
1535515772 13.20
1535515832 13.18
1535515894 13.16
1535515954 13.26
1535516015 13.18
1535516075 13.14
1535516137 13.10
1535516198 13.10
1535516259 13.12
1535516319 13.12
1535516379 13.15
1535516439 13.15
1535516499 13.13
1535516559 13.16
1535516620 13.22
1535516680 13.23
1535516742 13.22
1535516802 13.16
1535516864 13.17
1535516924 13.16
1535516984 13.15
1535517046 13.18
1535517108 13.16
1535517168 13.17
1535517228 13.16
1535517289 13.09
1535517349 13.11
1535517409 13.12
1535517471 13.11
1535517533 13.10
1535517594 13.14
1535517654 13.18
1535517714 13.12
1535517775 13.16
1535517835 13.18
1535517897 13.20
1535517957 13.21
1535518019 13.23
1535518079 13.21
1535518139 13.20
1535518199 13.22
1535518261 13.19
1535518321 13.20
1535518382 13.22
1535518443 13.21
1535518504 13.22
1535518564 13.24
1535518626 13.22
1535518686 13.20
1535518747 13.21
1535518806 13.23
1535518867 13.23
1535518927 13.25
1535518989 13.23
1535519049 13.21
1535519110 13.23
1535519172 13.28
1535519232 13.25
1535519292 13.26
1535519353 13.26
1535519413 13.25
1535519474 13.22
1535519534 13.27
1535519595 13.26
1535519655 13.25
1535519717 13.27
1535519777 13.22
1535519839 13.27
1535519899 13.27
1535519959 13.27
1535520020 13.26
1535520080 13.28
1535520142 13.27
1535520202 13.29
1535520262 13.29
1535520324 13.29
1535520384 13.30
1535520444 13.32
1535520504 13.37
1535520566 13.37
1535520628 13.32
1535520688 13.30
1535520750 13.29
1535520811 13.28
1535520871 13.30
1535520931 13.31
1535520992 13.33
1535521052 13.33
1535521112 13.32
1535521172 13.30
1535521234 13.37
1535521294 13.32
1535521356 13.29
1535521418 13.34
1535521478 13.35
1535521540 13.32
1535521601 13.34
1535521661 13.32
1535521721 13.32
1535521781 13.29
1535521841 13.34
1535521902 13.33
1535521962 13.33
1535522024 13.34
1535522084 13.34
1535522145 13.33
1535522205 13.31
1535522265 13.33
1535522325 13.35
1535522386 13.35
1535522446 13.36
1535522506 13.34
1535522566 13.35
1535522627 13.37
1535522687 13.37
1535522747 13.38
1535522807 13.40
1535522868 13.36
1535522928 13.38
1535522988 13.36
1535523049 13.43
1535523109 13.44
1535523171 13.39
1535523231 13.41
1535523293 13.40
1535523355 13.38
1535523415 13.41
1535523477 13.48
1535523537 13.44
1535523597 13.47
1535523657 13.45
1535523719 13.57
1535523780 13.46
1535523840 13.44
1535523900 13.42
1535523960 13.50
1535524021 13.47
1535524081 13.50
1535524141 13.46
1535524201 13.50
1535524263 13.50
1535524323 13.48
1535524384 13.47
1535524444 13.47
1535524504 13.46
1535524565 13.45
1535524625 13.47
1535524685 13.49
1535524747 13.51
1535524807 13.49
1535524868 13.49
1535524928 13.48
1535524989 13.47
1535525049 13.45
1535525109 13.49
1535525169 13.49
1535525229 13.45
1535525289 13.46
1535525351 13.50
1535525411 13.46
1535525472 13.47
1535525534 13.45
1535525594 13.49
1535525656 13.45
1535525716 13.50
1535525777 13.50
1535525837 13.48
1535525898 13.49
1535525958 13.52
1535526018 13.50
1535526078 13.50
1535526139 13.52
1535526199 13.52
1535526259 13.50
1535526321 13.50
1535526383 13.53
1535526443 13.54
1535526503 13.66
1535526565 13.83
1535526627 13.75
1535526689 13.65
1535526751 13.67
1535526811 13.69
1535526871 13.66
1535526932 13.82
1535526992 13.92
1535527052 13.58
1535527114 13.48
1535527175 13.81
1535527235 13.92
1535527296 13.87
1535527358 13.71
1535527418 13.44
1535527479 13.56
1535527539 13.57
1535527599 13.65
1535527661 13.59
1535527721 13.61
1535527781 13.61
1535527842 13.63
1535527904 13.56
1535527964 13.59
1535528024 13.61
1535528084 13.44
1535528144 13.62
1535528205 13.46
1535528265 13.53
1535528325 13.53
1535528385 13.27
1535528446 13.61
1535528506 13.52
1535528566 13.54
1535528628 13.48
1535528688 13.28
1535528748 13.47
1535528808 13.28
1535528868 13.39
1535528928 13.29
1535528990 13.37
1535529050 13.31
1535529110 13.31
1535529171 13.42
1535529231 13.48
1535529291 13.60
1535529351 13.57
1535529412 13.71
1535529474 13.73
1535529535 13.75
1535529595 13.86
1535529655 13.87
1535529715 13.95
1535529775 13.79
1535529836 14.05
1535529898 13.98
1535529960 13.90
1535530020 13.92
1535530080 13.99
1535530142 14.07
1535530203 14.18
1535530263 14.16
1535530325 14.11
1535530385 13.53
1535530446 13.84
1535530506 14.36
1535530566 14.26
1535530627 14.46
1535530687 14.27
1535530747 13.33
1535530807 12.80
1535530868 13.17
1535530930 11.74
1535530990 11.40
1535531050 11.35
1535531110 11.24
1535531172 10.91
1535531234 10.96
1535531296 10.91
1535531358 10.68
1535531418 10.59
1535531478 10.83
1535531540 10.65
1535531602 11.09
1535531662 10.88
1535531723 10.94
1535531783 11.09
1535531843 10.89
1535531905 10.91
1535531965 10.70
1535532026 11.02
1535532088 10.55
1535532148 10.65
1535532208 10.89
1535532268 10.56
1535532330 10.73
1535532390 10.67
1535532451 10.34
1535532511 10.28
1535532571 10.05
1535532633 9.85
1535532694 9.92
1535532754 9.90
1535532816 9.94
1535532876 10.06
1535532938 10.22
1535532998 10.46
1535533058 10.30
1535533118 10.06
1535533178 10.03
1535533239 9.84
1535533300 9.71
1535533361 9.77
1535533421 9.63
1535533482 9.49
1535533542 9.55
1535533602 9.78
1535533663 9.33
1535533723 9.33
1535533783 9.48
1535533844 10.27
1535533906 9.84
1535533966 9.58
1535534026 9.50
1535534086 9.45
1535534147 9.54
1535534207 9.54
1535534269 9.19
1535534329 9.40
1535534389 9.38
1535534449 9.59
1535534511 9.66
1535534573 9.44
1535534634 9.78
1535534694 9.73
1535534754 9.69
1535534814 9.71
1535534876 9.61
1535534937 9.63
1535534999 9.63
1535535059 9.92
1535535119 9.89
1535535181 10.00
1535535241 10.57
1535535301 10.50
1535535361 10.40
1535535421 10.51
1535535483 10.68
1535535543 10.99
1535535604 10.72
1535535664 10.61
1535535724 10.64
1535535784 10.73
1535535845 10.48
1535535905 11.12
1535535966 11.74
1535536026 11.77
1535536088 11.67
1535536148 11.58
1535536210 11.12
1535536270 11.06
1535536330 10.99
1535536392 11.04
1535536454 11.29
1535536516 11.17
1535536576 11.39
1535536637 11.17
1535536697 11.13
1535536757 11.09
1535536817 11.17
1535536878 11.49
1535536938 11.28
1535536999 11.23
1535537061 11.38
1535537121 11.17
1535537181 11.39
1535537241 11.82
1535537301 11.87
1535537361 11.58
1535537422 11.42
1535537482 11.40
1535537542 11.50
1535537603 11.93
1535537664 11.97
1535537726 12.12
1535537786 12.20
1535537847 12.26
1535537909 12.24
1535537971 12.25
1535538031 12.14
1535538093 11.97
1535538153 12.28
1535538214 12.18
1535538274 12.18
1535538336 11.87
1535538396 12.21
1535538456 12.04
1535538516 12.07
1535538578 11.96
1535538639 12.24
1535538699 12.42
1535538759 12.38
1535538819 12.37
1535538879 12.46
1535538940 12.47
1535539000 12.36
1535539061 12.25
1535539122 12.38
1535539184 12.24
1535539244 12.34
1535539304 12.23
1535539365 12.21
1535539425 12.19
1535539485 12.23
1535539546 12.08
1535539606 12.12
1535539668 12.16
1535539730 12.12
1535539790 12.18
1535539851 12.14
1535539911 12.12
1535539973 12.16
1535540033 12.08
1535540095 12.08
1535540157 12.07
1535540217 12.10
1535540277 12.05
1535540340 12.12
1535540400 12.14
1535540460 12.13
1535540522 12.19
1535540582 12.20
1535540642 12.24
1535540704 12.21
1535540764 12.29
1535540824 12.29
1535540884 12.35
1535540945 12.38
1535541005 12.41
1535541067 12.32
1535541127 12.35
1535541187 12.48
1535541248 12.12
1535541308 12.00
1535541370 11.88
1535541430 11.62
1535541490 11.50
1535541551 11.34
1535541613 11.21
1535541673 11.02
1535541734 10.67
1535541794 10.44
1535541856 10.03
1535541918 9.92
1535541981 9.97
1535542043 9.78
1535542104 9.38
1535542165 9.40
1535542225 9.08
1535542287 8.85
1535542349 8.77
1535542411 8.80
1535542473 8.72
1535542533 8.82
1535542593 8.82
1535542655 9.01
1535542716 8.60
1535542776 8.69
1535542836 8.99
1535542896 8.79
1535542957 8.70
1535543017 8.64
1535543078 8.72
1535543140 9.18
1535543200 9.21
1535543262 8.81
1535543322 8.54
1535543384 8.68
1535543445 8.59
1535543505 8.38
1535543565 8.55
1535543625 8.51
1535543686 8.51
1535543747 8.42
1535543807 8.44
1535543868 8.45
1535543928 8.73
1535543989 8.56
1535544049 8.21
1535544110 9.40
1535544170 9.10
1535544231 8.59
1535544293 8.76
1535544353 8.08
1535544413 8.30
1535544474 8.30
1535544534 8.07
1535544594 7.76
1535544655 7.78
1535544715 8.03
1535544776 8.48
1535544837 9.53
1535544897 9.16
1535544957 9.38
1535545019 9.99
1535545081 9.38
1535545141 10.00
1535545202 10.18
1535545262 10.33
1535545322 10.53
1535545383 10.83
1535545443 10.65
1535545503 10.86
1535545565 11.03
1535545626 11.12
1535545688 11.07
1535545748 11.21
1535545810 11.27
1535545870 11.30
1535545930 11.25
1535545991 11.36
1535546051 11.62
1535546111 11.44
1535546171 11.63
1535546233 11.50
1535546293 11.53
1535546355 11.28
1535546415 11.35
1535546476 11.35
1535546538 11.35
1535546598 11.27
1535546659 11.21
1535546719 11.37
1535546779 11.40
1535546839 11.35
1535546901 11.42
1535546962 11.47
1535547024 11.81
1535547084 11.42
1535547146 11.53
1535547206 11.55
1535547268 11.42
1535547328 11.32
1535547388 11.60
1535547448 11.53
1535547510 11.68
1535547571 11.65
1535547631 11.62
1535547692 11.85
1535547752 11.98
1535547814 11.98
1535547875 12.30
1535547935 11.90
1535547997 11.86
1535548057 11.91
1535548117 11.93
1535548179 11.99
1535548240 12.03
1535548300 11.98
1535548360 11.91
1535548422 11.92
1535548482 11.91
1535548543 12.10
1535548603 11.96
1535548663 11.91
1535548725 11.84
1535548785 11.96
1535548845 11.80
1535548905 11.98
1535548966 11.92
1535549026 11.82
1535549088 11.77
1535549148 11.89
1535549208 11.69
1535549269 11.83
1535549329 11.91
1535549391 11.91
1535549451 11.95
1535549512 11.75
1535549572 11.81
1535549632 11.90
1535549692 11.84
1535549752 11.77
1535549813 12.05
1535549875 11.97
1535549935 12.07
1535549995 12.53
1535550056 12.02
1535550115 12.38
1535550176 12.49
1535550236 12.15
1535550296 12.18
1535550357 12.09
1535550417 12.13
1535550477 12.20
1535550537 12.11
1535550599 12.22
1535550659 12.26
1535550720 12.26
1535550780 12.24
1535550840 12.42
1535550900 12.41
1535550960 12.49
1535551021 12.47
1535551081 12.63
1535551143 12.63
1535551203 12.77
1535551264 12.80
1535551324 12.77
1535551384 12.73
1535551446 12.71
1535551506 12.97
1535551566 12.73
1535551627 13.08
1535551689 12.90
1535551749 12.76
1535551809 12.81
1535551869 12.80
1535551931 12.94
1535551993 13.10
1535552053 13.33
1535552113 13.22
1535552174 13.08
1535552235 12.84
1535552295 13.10
1535552355 13.19
1535552415 13.08
1535552475 13.03
1535552535 13.20
1535552597 13.14
1535552659 13.37
1535552719 13.64
1535552780 13.53
1535552840 13.40
1535552900 13.34
1535552961 13.54
1535553021 13.70
1535553081 13.68
1535553142 13.84
1535553202 14.33
1535553262 14.01
1535553322 14.31
1535553384 14.36
1535553444 14.35
1535553504 14.35
1535553564 14.27
1535553625 14.09
1535553685 13.98
1535553745 13.96
1535553807 13.71
1535553868 13.68
1535553928 13.64
1535553990 13.45
1535554051 13.81
1535554113 13.84
1535554173 13.79
1535554234 13.96
1535554294 13.62
1535554354 13.84
1535554414 13.76
1535554474 13.55
1535554535 13.59
1535554595 13.54
1535554655 13.57
1535554716 13.55
1535554776 13.67
1535554838 13.69
1535554898 13.79
1535554958 13.71
1535555018 13.78
1535555078 13.79
1535555139 13.72
1535555200 13.79
1535555262 13.80
1535555323 13.81
1535555383 13.84
1535555443 13.86
1535555503 13.77
1535555565 13.69
1535555627 13.79
1535555687 13.74
1535555747 13.81
1535555808 13.78
1535555868 13.77
1535555928 13.80
1535555988 13.73
1535556049 13.65
1535556109 13.84
1535556169 13.68
1535556229 13.75
1535556290 13.72
1535556350 13.68
1535556410 13.68
1535556470 13.59
1535556531 13.61
1535556593 13.72
1535556653 13.61
1535556715 13.57
1535556777 13.57
1535556837 13.68
1535556897 13.62
1535556957 13.62
1535557019 13.62
1535557082 13.70
1535557144 13.56
1535557206 13.68
1535557268 13.58
1535557331 13.62
1535557393 13.50
1535557455 13.57
1535557517 13.53
1535557579 13.62
1535557639 13.49
1535557701 13.52
1535557763 13.57
1535557823 13.59
1535557884 13.54
1535557946 13.42
1535558006 13.51
1535558068 13.40
1535558128 13.53
1535558189 13.38
1535558249 13.45
1535558309 13.53
1535558370 13.39
1535558430 13.44
1535558490 13.54
1535558551 13.42
1535558611 13.39
1535558671 13.35
1535558731 13.50
1535558793 13.50
1535558854 13.49
1535558914 13.35
1535558974 13.44
1535559035 13.32
1535559095 13.28
1535559155 13.41
1535559216 13.35
1535559276 13.40
1535559336 13.37
1535559397 13.36
1535559457 13.42
1535559517 13.49
1535559578 13.25
1535559638 13.30
1535559699 13.17
1535559759 13.28
1535559819 13.29
1535559879 13.21
1535559941 13.17
1535560003 13.28
1535560065 13.19
1535560125 13.18
1535560186 13.21
1535560246 13.10
1535560306 13.11
1535560367 13.28
1535560427 13.25
1535560487 13.30
1535560547 13.06
1535560607 13.36
1535560668 13.17
1535560728 13.16
1535560790 13.15
1535560852 13.09
1535560912 13.22
1535560972 13.27
1535561032 13.19
1535561092 13.12
1535561153 13.30
1535561213 13.17
1535561273 13.14
1535561333 13.16
1535561394 13.05
1535561454 13.15
1535561514 13.09
1535561576 12.97
1535561637 13.12
1535561697 13.15
1535561759 13.12
1535561820 13.11
1535561880 13.06
1535561940 13.11
1535562000 13.04
1535562061 13.05
1535562121 12.99
1535562183 13.08
1535562244 12.99
1535562306 13.14
1535562366 13.09
1535562428 13.07
1535562488 13.03
1535562548 13.02
1535562609 13.04
1535562669 13.08
1535562729 13.05
1535562789 13.05
1535562850 12.95
1535562910 13.14
1535562970 13.02
1535563032 13.03
1535563092 12.96
1535563153 13.02
1535563213 12.88
1535563273 12.93
1535563333 13.03
1535563395 12.90
1535563456 12.94
1535563516 13.00
1535563576 12.93
1535563638 12.99
1535563698 12.97
1535563760 13.05
1535563822 12.91
1535563882 12.93
1535563943 13.02
1535564003 13.01
1535564065 12.90
1535564125 12.91
1535564185 12.97
1535564245 12.84
1535564307 12.90
1535564369 12.93
1535564429 12.88
1535564489 12.98
1535564550 13.03
1535564611 12.97
1535564673 13.03
1535564733 12.91
1535564795 12.89
1535564857 12.87
1535564918 12.77
1535564978 12.88
1535565038 12.98
1535565099 12.89
1535565159 12.95
1535565221 12.92
1535565283 12.83
1535565345 12.88
1535565405 12.82
1535565467 12.77
1535565528 12.94
1535565588 12.81
1535565649 12.87
1535565709 13.04
1535565771 12.74
1535565831 12.77
1535565891 12.76
1535565952 12.84
1535566014 12.78
1535566076 12.81
1535566136 12.75
1535566197 12.79
1535566256 12.70
1535566317 12.81
1535566377 12.74
1535566439 12.86
1535566499 12.73
1535566559 12.77
1535566622 12.73
1535566682 12.82
1535566742 12.71
1535566803 12.73
1535566863 12.73
1535566925 12.73
1535566985 12.75
1535567046 12.78
1535567106 12.75
1535567167 12.85
1535567227 12.83
1535567288 12.74
1535567348 12.65
1535567408 12.72
1535567468 12.71
1535567528 12.67
1535567589 12.76
1535567651 12.75
1535567711 12.68
1535567771 12.73
1535567833 12.62
1535567893 12.69
1535567953 12.59
1535568013 12.85
1535568073 12.79
1535568134 12.61
1535568195 12.67
1535568255 12.73
1535568317 12.65
1535568378 12.68
1535568440 12.68
1535568500 12.55
1535568561 12.58
1535568623 12.64
1535568683 12.66
1535568745 12.60
1535568806 12.65
1535568866 12.64
1535568926 12.60
1535568988 12.63
1535569048 12.54
1535569109 12.59
1535569169 12.55
1535569229 12.65
1535569289 12.56
1535569349 12.61
1535569410 12.56
1535569470 12.55
1535569530 12.73
1535569590 12.53
1535569650 12.60
1535569712 12.61
1535569774 12.51
1535569834 12.67
1535569894 12.60
1535569955 12.62
1535570015 12.63
1535570077 12.61
1535570137 12.53
1535570197 12.50
1535570258 12.69
1535570320 12.53
1535570380 12.50
1535570440 12.62
1535570500 12.55
1535570562 12.60
1535570622 12.41
1535570682 12.52
1535570743 12.61
1535570803 12.54
1535570865 12.58
1535570927 12.62
1535570987 12.61
1535571047 12.57
1535571108 12.53
1535571170 12.45
1535571230 12.47
1535571290 12.46
1535571350 12.35
1535571412 12.44
1535571472 12.55
1535571534 12.51
1535571594 12.60
1535571654 12.50
1535571715 12.53
1535571775 12.44
1535571835 12.41
1535571895 12.40
1535571956 12.45
1535572016 12.61
1535572078 12.47
1535572140 12.44
1535572200 12.37
1535572260 12.44
1535572322 12.52
1535572382 12.47
1535572443 12.26
1535572505 12.43
1535572565 12.56
1535572625 12.43
1535572687 12.51
1535572747 12.47
1535572807 12.57
1535572867 12.37
1535572928 12.31
1535572989 12.30
1535573050 12.47
1535573110 12.42
1535573170 12.40
1535573230 12.44
1535573291 12.48
1535573351 12.32
1535573411 12.37
1535573473 12.53
1535573533 12.35
1535573594 12.31
1535573656 12.36
1535573716 12.39
1535573778 12.28
1535573838 12.37
1535573898 12.50
1535573958 12.45
1535574018 12.34
1535574078 12.52
1535574138 12.41
1535574199 12.24
1535574259 12.29
1535574321 12.42
1535574381 12.41
1535574441 12.31
1535574502 12.30
1535574564 12.29
1535574624 12.31
1535574685 12.34
1535574745 12.30
1535574805 12.32
1535574865 12.26
1535574926 12.35
1535574986 12.27
1535575046 12.38
1535575108 12.41
1535575170 12.25
1535575232 12.33
1535575294 12.27
1535575356 12.44
1535575418 12.20
1535575478 12.30
1535575539 12.31
1535575599 12.39
1535575659 12.28
1535575721 12.29
1535575782 12.12
1535575842 12.26
1535575903 12.30
1535575963 12.36
1535576023 12.34
1535576084 12.18
1535576145 12.26
1535576206 12.21
1535576266 12.29
1535576328 12.28
1535576390 12.27
1535576450 12.22
1535576510 12.29
1535576572 12.27
1535576632 12.16
1535576693 12.29
1535576753 12.25
1535576815 12.06
1535576875 12.23
1535576936 12.28
1535576996 12.19
1535577057 12.29
1535577117 12.45
1535577177 12.15
1535577239 12.18
1535577301 12.26
1535577362 12.13
1535577422 12.37
1535577482 12.23
1535577544 12.15
1535577605 12.33
1535577666 12.29
1535577726 12.20
1535577786 12.45
1535577846 12.15
1535577908 12.18
1535577969 12.21
1535578031 12.16
1535578091 12.14
1535578151 12.22
1535578212 12.25
1535578272 12.19
1535578332 12.35
1535578393 12.19
1535578453 12.11
1535578514 12.21
1535578576 12.12
1535578636 12.13
1535578698 12.18
1535578759 12.20
1535578821 12.31
1535578883 12.29
1535578943 12.16
1535579004 12.40
1535579066 12.16
1535579126 12.28
1535579188 12.22
1535579248 12.11
1535579308 12.22
1535579369 12.16
1535579429 12.13
1535579489 12.13
1535579549 12.20
1535579610 12.18
1535579671 12.26
1535579732 12.13
1535579792 12.18
1535579854 12.22
1535579916 12.28
1535579976 12.11
1535580038 12.15
1535580099 12.12
1535580160 12.23
1535580220 12.24
1535580282 12.20
1535580344 12.16
1535580405 12.13
1535580465 12.20
1535580525 12.14
1535580585 12.18
1535580647 12.11
1535580707 12.16
1535580768 12.20
1535580828 12.13
1535580888 12.09
1535580949 12.18
1535581009 12.45
1535581071 12.21
1535581131 12.20
1535581191 12.16
1535581253 12.23
1535581314 12.07
1535581375 12.15
1535581437 12.17
1535581498 12.15
1535581560 12.16
1535581621 12.12
1535581682 12.08
1535581744 12.13
1535581804 12.26
1535581864 12.11
1535581924 12.07
1535581985 12.06
1535582045 12.09
1535582105 12.19
1535582165 12.06
1535582225 12.16
1535582286 12.14
1535582346 12.11
1535582406 12.13
1535582466 12.10
1535582526 12.07
1535582587 12.10
1535582647 12.08
1535582708 12.05
1535582768 12.08
1535582828 12.32
1535582888 12.17
1535582949 12.09
1535583009 12.04
1535583069 12.04
1535583130 12.11
1535583192 12.03
1535583255 12.10
1535583314 11.98
1535583375 12.08
1535583435 12.00
1535583495 11.98
1535583555 12.05
1535583615 12.12
1535583676 12.04
1535583736 12.12
1535583796 11.98
1535583857 12.13
1535583917 12.29
1535583979 12.01
1535584041 12.17
1535584101 12.16
1535584161 12.04
1535584221 12.05
1535584282 12.00
1535584343 12.13
1535584404 12.01
1535584464 12.08
1535584524 12.03
1535584586 12.07
1535584646 12.03
1535584708 11.97
1535584768 12.11
1535584830 12.40
1535584892 12.01
1535584952 11.98
1535585013 12.01
1535585073 12.06
1535585135 12.08
1535585195 12.16
1535585255 12.01
1535585317 11.99
1535585377 11.97
1535585437 12.01
1535585497 12.06
1535585558 11.96
1535585618 11.97
1535585678 12.03
1535585738 12.12
1535585800 12.08
1535585860 11.95
1535585920 12.00
1535585983 12.03
1535586043 12.01
1535586105 12.02
1535586166 12.02
1535586226 11.99
1535586288 12.04
1535586348 11.96
1535586410 11.81
1535586470 12.16
1535586532 12.04
1535586592 12.01
1535586654 11.98
1535586716 11.96
1535586777 12.07
1535586838 11.94
1535586899 11.95
1535586961 12.04
1535587023 12.02
1535587083 12.09
1535587143 11.99
1535587205 12.08
1535587265 11.92
1535587325 12.01
1535587386 12.05
1535587446 11.91
1535587506 11.98
1535587566 12.01
1535587627 12.03
1535587687 11.99
1535587747 12.03
1535587809 12.07
1535587869 11.88
1535587931 12.15
1535587991 11.89
1535588053 12.00
1535588114 11.96
1535588174 11.89
1535588234 12.00
1535588295 11.92
1535588355 11.92
1535588417 11.83
1535588477 12.02
1535588539 11.81
1535588599 11.88
1535588659 11.93
1535588720 11.92
1535588780 12.00
1535588840 11.99
1535588902 12.04
1535588963 11.94
1535589023 12.04
1535589083 11.93
1535589145 11.92
1535589206 11.93
1535589266 12.01
1535589326 12.08
1535589387 11.93
1535589447 12.08
1535589507 11.88
1535589567 12.05
1535589627 11.85
1535589687 11.97
1535589748 11.85
1535589808 11.92
1535589868 11.84
1535589928 11.85
1535589989 11.94
1535590049 11.90
1535590109 11.98
1535590169 11.88
1535590229 12.01
1535590289 11.80
1535590350 11.94
1535590410 11.90
1535590470 11.94
1535590530 11.96
1535590591 11.98
1535590651 11.79
1535590713 11.95
1535590775 11.91
1535590837 11.86
1535590900 11.88
1535590962 11.94
1535591024 11.96
1535591086 11.89
1535591148 11.91
1535591210 11.86
1535591272 11.75
1535591335 11.93
1535591397 11.92
1535591459 11.90
1535591521 11.86
1535591583 11.90
1535591645 11.90
1535591707 11.81
1535591769 11.88
1535591831 11.98
1535591893 11.83
1535591956 11.84
1535592018 11.74
1535592080 11.86
1535592143 11.92
1535592205 11.86
1535592267 11.93
1535592329 11.95
1535592392 11.95
1535592454 11.89
1535592516 11.85
1535592580 11.88
1535592642 11.93
1535592704 11.86
1535592766 11.82
1535592829 11.96
1535592891 11.87
1535592954 11.87
1535593016 11.78
1535593078 11.82
1535593140 11.81
1535593202 11.78
1535593265 11.80
1535593327 11.77
1535593389 11.88
1535593451 12.02
1535593513 11.78
1535593576 11.85
1535593638 11.94
1535593700 11.87
1535593762 11.70
1535593824 11.80
1535593886 11.75
1535593949 11.73
1535594012 11.87
1535594074 11.89
1535594134 11.76
1535594195 11.77
1535594257 11.79
1535594317 11.75
1535594377 11.85
1535594438 11.83
1535594498 11.70
1535594558 11.82
1535594619 11.67
1535594681 11.62
1535594741 11.78
1535594801 11.71
1535594861 11.81
1535594922 11.81
1535594984 11.75
1535595044 11.73
1535595104 11.88
1535595166 11.71
1535595226 11.81
1535595287 11.84
1535595347 11.76
1535595408 11.79
1535595468 11.75
1535595528 11.67
1535595588 11.74
1535595650 11.77
1535595711 11.71
1535595772 11.78
1535595833 11.78
1535595893 11.85
1535595955 11.71
1535596015 11.76
1535596075 11.70
1535596136 11.77
1535596198 11.78
1535596258 11.73
1535596318 11.70
1535596378 11.72
1535596439 11.69
1535596499 11.73
1535596559 11.78
1535596619 11.76
1535596681 11.66
1535596743 11.74
1535596803 11.90
1535596863 11.77
1535596923 11.81
1535596984 11.79
1535597044 11.74
1535597106 11.83
1535597166 11.73
1535597228 11.72
1535597288 11.75
1535597351 11.79
1535597413 11.76
1535597473 11.80
1535597533 11.72
1535597593 11.71
1535597655 11.63
1535597715 11.74
1535597776 11.61
1535597836 11.73
1535597896 11.76
1535597957 11.72
1535598017 11.76
1535598079 11.71
1535598139 11.68
1535598199 11.92
1535598259 11.59
1535598320 11.68
1535598380 11.59
1535598442 11.70
1535598502 11.72
1535598563 11.67
1535598623 11.74
1535598684 11.71
1535598745 11.62
1535598805 11.63
1535598866 11.74
1535598926 11.67
1535598986 11.71
1535599048 11.62
1535599109 11.66
1535599170 11.71
1535599230 11.67
1535599292 11.68
1535599352 11.54
1535599414 11.73
1535599474 11.81
1535599536 11.53
1535599598 11.77
1535599659 11.63
1535599721 11.73
1535599782 11.70
1535599842 11.70
1535599904 11.73
1535599964 11.77
1535600024 11.59
1535600085 11.63
1535600146 11.60
1535600208 11.57
1535600269 11.86
1535600329 11.61
1535600390 11.60
1535600450 11.67
1535600512 11.69
1535600572 11.68
1535600632 11.67
1535600693 11.74
1535600753 11.76
1535600813 11.74
1535600875 11.70
1535600936 11.79
1535600997 11.63
1535601058 11.62
1535601120 11.79
1535601180 11.68
1535601242 11.61
1535601304 11.67
1535601366 11.85
1535601428 11.60
1535601490 11.64
1535601550 11.74
1535601610 11.65
1535601670 11.64
1535601732 11.74
1535601792 11.68
1535601853 11.63
1535601913 11.60
1535601973 11.56
1535602034 11.56
1535602094 11.65
1535602154 11.62
1535602214 11.63
1535602274 11.56
1535602334 11.64
1535602395 11.66
1535602455 11.62
1535602515 11.75
1535602575 11.60
1535602636 11.59
1535602696 11.71
1535602756 11.65
1535602817 11.54
1535602877 11.67
1535602937 11.56
1535602998 11.74
1535603059 11.52
1535603119 11.67
1535603181 11.56
1535603241 11.70
1535603302 11.63
1535603362 11.61
1535603422 11.60
1535603482 11.52
1535603543 11.52
1535603603 11.58
1535603663 11.69
1535603723 11.78
1535603783 11.74
1535603844 11.51
1535603904 11.59
1535603966 11.61
1535604027 11.62
1535604089 11.59
1535604151 11.60
1535604211 11.61
1535604272 11.69
1535604333 11.59
1535604393 11.63
1535604454 11.53
1535604514 11.68
1535604574 11.57
1535604634 11.65
1535604695 11.75
1535604755 11.58
1535604817 11.61
1535604879 11.57
1535604939 11.60
1535604999 11.54
1535605060 11.57
1535605122 11.60
1535605182 11.53
1535605242 11.59
1535605302 11.59
1535605362 11.58
1535605423 11.56
1535605483 11.67
1535605543 11.72
1535605603 11.59
1535605664 11.61
1535605724 11.59
1535605784 11.58
1535605844 11.65
1535605906 11.58
1535605967 11.60
1535606027 11.62
1535606087 11.66
1535606148 11.62
1535606208 11.60
1535606270 11.62
1535606330 11.53
1535606392 11.59
1535606452 11.56
1535606512 11.65
1535606572 11.61
1535606633 11.63
1535606693 11.61
1535606754 11.75
1535606814 11.60
1535606874 11.54
1535606935 11.61
1535606995 11.67
1535607055 11.58
1535607115 11.57
1535607176 11.60
1535607236 11.59
1535607296 11.62
1535607356 11.58
1535607416 11.62
1535607478 11.62
1535607538 11.59
1535607600 11.62
1535607662 11.58
1535607722 11.72
1535607782 11.59
1535607844 11.58
1535607905 11.60
1535607965 11.70
1535608027 11.72
1535608089 11.60
1535608149 11.68
1535608210 11.68
1535608272 11.54
1535608334 11.66
1535608394 11.64
1535608454 11.61
1535608514 11.68
1535608576 11.61
1535608638 11.63
1535608698 11.58
1535608758 11.57
1535608820 11.71
1535608882 11.66
1535608942 11.74
1535609003 11.60
1535609063 11.65
1535609125 11.64
1535609185 11.59
1535609246 11.62
1535609306 11.64
1535609366 11.56
1535609428 11.76
1535609488 11.76
1535609548 11.56
1535609608 11.59
1535609671 11.63
1535609731 11.63
1535609791 11.65
1535609853 11.80
1535609915 11.61
1535609977 11.67
1535610040 11.85
1535610102 11.66
1535610165 11.67
1535610226 11.76
1535610289 11.70
1535610351 11.62
1535610413 11.73
1535610475 11.56
1535610537 11.71
1535610598 11.67
1535610660 11.65
1535610722 11.67
1535610784 11.63
1535610846 11.63
1535610908 11.71
1535610971 11.58
1535611033 11.67
1535611094 11.62
1535611156 11.73
1535611217 11.65
1535611279 11.60
1535611339 11.72
1535611401 11.70
1535611464 11.75
1535611526 11.70
1535611589 11.64
1535611651 11.65
1535611713 11.72
1535611775 11.79
1535611837 11.70
1535611899 11.63
1535611962 11.65
1535612025 11.69
1535612088 11.78
1535612150 11.68
1535612213 11.83
1535612275 11.64
1535612337 11.74
1535612399 11.69
1535612461 11.68
1535612524 11.75
1535612586 11.69
1535612648 11.85
1535612710 11.82
1535612771 11.89
1535612831 11.73
1535612891 11.81
1535612951 11.83
1535613013 11.74
1535613074 11.77
1535613134 11.77
1535613195 11.94
1535613255 11.87
1535613316 11.82
1535613376 11.94
1535613439 11.81
1535613499 11.87
1535613559 12.00
1535613619 11.98
1535613679 11.96
1535613740 12.04
1535613800 12.01
1535613861 12.12
1535613922 12.07
1535613983 12.02
1535614043 11.94
1535614104 12.02
1535614166 12.20
1535614226 12.00
1535614286 11.91
1535614346 12.05
1535614407 12.06
1535614467 12.18
1535614528 12.23
1535614589 12.05
1535614649 12.26
1535614709 12.11
1535614770 12.18
1535614830 12.14
1535614890 12.16
1535614950 12.24
1535615010 12.12
1535615072 12.34
1535615134 12.13
1535615194 12.22
1535615255 12.24
1535615315 12.16
1535615377 12.39
1535615439 12.28
1535615499 12.14
1535615561 12.21
1535615621 12.27
1535615681 12.32
1535615742 12.29
1535615804 12.40
1535615864 12.40
1535615924 12.27
1535615986 12.34
1535616048 12.25
1535616108 12.20
1535616168 12.23
1535616228 12.42
1535616290 12.26
1535616350 12.27
1535616411 12.27
1535616471 12.30
1535616531 12.28
1535616593 12.27
1535616654 12.23
1535616714 12.29
1535616774 12.40
1535616834 12.35
1535616896 12.23
1535616956 12.36
1535617017 12.27
1535617077 12.35
1535617137 12.24
1535617197 12.24
1535617257 12.27
1535617318 12.39
1535617378 12.17
1535617438 12.35
1535617498 12.16
1535617558 12.25
1535617619 12.38
1535617679 12.22
1535617739 12.23
1535617800 12.24
1535617860 12.29
1535617922 12.34
1535617982 12.21
1535618044 12.30
1535618106 12.17
1535618166 12.19
1535618226 12.31
1535618286 12.24
1535618347 12.24
1535618407 12.19
1535618467 12.39
1535618528 12.34
1535618589 12.22
1535618652 12.26
1535618712 12.20
1535618772 12.52
1535618833 12.43
1535618893 12.38
1535618955 12.36
1535619017 12.33
1535619079 12.34
1535619141 12.35
1535619202 12.38
1535619262 12.50
1535619322 12.35
1535619382 12.31
1535619442 12.34
1535619504 12.24
1535619564 12.20
1535619626 12.24
1535619686 12.34
1535619749 12.33
1535619809 12.35
1535619869 12.25
1535619931 12.20
1535619992 12.18
1535620052 12.23
1535620112 12.14
1535620172 12.29
1535620233 12.35
1535620293 12.22
1535620353 12.19
1535620414 12.18
1535620474 12.26
1535620534 12.15
1535620595 12.12
1535620657 12.15
1535620717 12.21
1535620777 12.22
1535620837 12.15
1535620897 12.12
1535620957 12.10
1535621018 12.16
1535621078 12.18
1535621138 12.13
1535621198 12.15
1535621258 12.15
1535621320 12.18
1535621381 12.22
1535621441 12.12
1535621501 12.18
1535621561 12.12
1535621621 12.21
1535621682 12.14
1535621744 12.22
1535621804 12.03
1535621864 12.09
1535621924 12.09
1535621985 12.09
1535622045 12.17
1535622105 12.08
1535622165 12.00
1535622226 12.07
1535622286 12.10
1535622346 12.03
1535622407 12.09
1535622467 12.15
1535622527 12.11
1535622589 12.23
1535622649 12.08
1535622710 12.17
1535622770 12.05
1535622830 12.16
1535622892 12.14
1535622952 11.93
1535623013 12.06
1535623073 12.06
1535623135 12.06
1535623195 12.15
1535623255 12.04
1535623317 12.21
1535623378 12.05
1535623439 12.08
1535623500 12.09
1535623560 12.01
1535623620 12.00
1535623680 12.01
1535623740 12.05
1535623802 12.04
1535623863 12.11
1535623923 12.03
1535623983 11.98
1535624045 12.08
1535624105 12.09
1535624167 11.98
1535624227 12.11
1535624288 12.02
1535624348 12.01
1535624408 11.91
1535624468 12.01
1535624529 12.13
1535624589 11.96
1535624650 12.01
1535624711 12.17
1535624771 11.91
1535624831 12.00
1535624893 11.94
1535624954 12.10
1535625014 11.99
1535625074 11.99
1535625136 12.00
1535625197 12.01
1535625259 11.98
1535625319 11.91
1535625380 11.93
1535625440 11.98
1535625500 11.96
1535625560 11.94
1535625620 11.97
1535625681 11.98
1535625743 11.94
1535625803 11.92
1535625863 11.81
1535625923 12.26
1535625983 12.02
1535626044 11.90
1535626104 12.15
1535626165 11.92
1535626227 11.92
1535626288 11.97
1535626349 11.93
1535626410 11.98
1535626471 11.89
1535626531 11.89
1535626591 11.88
1535626652 12.01
1535626712 11.85
1535626773 11.89
1535626833 11.90
1535626895 11.92
1535626955 11.92
1535627016 11.95
1535627076 11.95
1535627136 11.83
1535627196 11.85
1535627257 11.89
1535627317 11.84
1535627377 11.86
1535627437 11.85
1535627497 11.80
1535627559 11.88
1535627620 11.88
1535627681 11.82
1535627741 11.87
1535627803 11.83
1535627863 11.93
1535627923 11.80
1535627983 11.94
1535628045 12.00
1535628106 11.87
1535628166 11.83
1535628226 11.84
1535628287 11.85
1535628349 11.87
1535628409 11.95
1535628469 11.83
1535628530 11.83
1535628591 11.75
1535628652 11.79
1535628712 11.83
1535628772 11.81
1535628833 11.85
1535628895 11.75
1535628957 11.88
1535629019 11.83
1535629081 11.82
1535629143 11.78
1535629206 11.75
1535629268 11.90
1535629330 11.82
1535629393 11.82
1535629455 11.77
1535629517 11.77
1535629579 11.82
1535629642 11.87
1535629704 11.77
1535629767 11.87
1535629829 11.80
1535629891 11.75
1535629953 11.80
1535630015 11.83
1535630078 11.82
1535630140 11.88
1535630202 11.80
1535630285 11.76
1535630347 11.88
1535630409 11.77
1535630471 11.79
1535630533 11.78
1535630595 11.82
1535630657 11.89
1535630719 11.79
1535630781 11.88
1535630843 11.79
1535630905 11.84
1535630967 11.78
1535631029 11.78
1535631091 11.75
1535631154 11.81
1535631216 11.81
1535631279 11.93
1535631341 11.82
1535631403 11.81
1535631465 11.85
1535631527 12.00
1535631589 11.82
1535631652 11.86
1535631713 11.95
1535631776 11.87
1535631838 11.90
1535631900 11.86
1535631962 12.10
1535632024 11.96
1535632087 11.85
1535632149 11.84
1535632211 11.93
1535632273 11.88
1535632335 11.87
1535632397 11.89
1535632459 11.86
1535632522 11.88
1535632584 11.92
1535632646 11.89
1535632708 12.00
1535632771 11.92
1535632833 12.01
1535632895 11.89
1535632958 11.94
1535633020 11.93
1535633083 11.91
1535633145 11.92
1535633208 11.93
1535633270 11.97
1535633332 11.86
1535633396 11.94
1535633457 11.92
1535633519 11.94
1535633581 12.00
1535633643 11.91
1535633706 11.89
1535633768 11.88
1535633830 11.98
1535633892 11.99
1535633954 11.99
1535634016 11.96
1535634078 12.07
1535634141 11.91
1535634203 11.94
1535634265 11.97
1535634327 12.00
1535634389 11.93
1535634451 11.96
1535634514 12.00
1535634576 12.01
1535634638 11.96
1535634700 11.97
1535634763 11.93
1535634825 12.00
1535634887 11.98
1535634950 11.96
1535635012 11.97
1535635074 11.97
1535635136 12.00
1535635199 12.08
1535635261 12.05
1535635323 11.96
1535635386 11.98
1535635448 11.94
1535635510 11.92
1535635572 11.97
1535635634 11.97
1535635697 11.99
1535635759 11.93
1535635821 11.98
1535635883 12.02
1535635945 12.09
1535636007 12.13
1535636070 12.02
1535636132 11.98
1535636194 12.01
1535636257 12.02
1535636319 11.99
1535636381 12.03
1535636443 11.96
1535636506 12.01
1535636568 12.03
1535636630 12.05
1535636692 12.06
1535636755 12.04
1535636817 12.17
1535636879 12.04
1535636941 12.03
1535637003 12.10
1535637065 12.02
1535637127 12.09
1535637190 12.08
1535637252 12.05
1535637314 12.08
1535637376 12.06
1535637438 12.14
1535637501 12.00
1535637563 12.07
1535637625 12.10
1535637687 12.06
1535637749 12.05
1535637812 12.06
1535637874 12.04
1535637936 12.07
1535637999 12.05
1535638061 12.01
1535638123 12.15
1535638185 11.96
1535638247 12.06
1535638310 12.09
1535638372 12.05
1535638434 12.05
1535638496 12.11
1535638559 12.08
1535638621 12.08
1535638683 12.08
1535638745 12.08
1535638808 12.08
1535638870 12.10
1535638932 12.08
1535638994 12.19
1535639056 12.08
1535639118 12.15
1535639180 12.15
1535639242 12.07
1535639305 12.06
1535639367 12.14
1535639429 12.03
1535639491 12.06
1535639553 12.10
1535639616 12.09
1535639678 12.03
1535639740 12.01
1535639802 12.05
1535639864 12.10
1535639926 12.14
1535639988 12.03
1535640050 11.96
1535640111 12.07
1535640171 11.99
1535640231 12.07
1535640292 12.10
1535640354 11.96
1535640414 12.10
1535640474 12.01
1535640535 11.99
1535640596 11.98
1535640656 12.07
1535640717 11.97
1535640777 12.09
1535640839 12.01
1535640900 12.04
1535640960 12.05
1535641020 12.03
1535641080 11.99
1535641141 12.01
1535641203 12.07
1535641264 12.01
1535641325 11.99
1535641387 12.02
1535641449 11.94
1535641509 11.99
1535641569 12.00
1535641629 12.03
1535641690 11.99
1535641750 12.00
1535641810 11.98
1535641872 11.92
1535641934 12.05
1535641994 11.98
1535642056 12.02
1535642117 11.97
1535642177 11.96
1535642238 12.17
1535642300 12.03
1535642360 12.07
1535642420 12.00
1535642481 11.98
1535642541 12.00
1535642602 12.02
1535642664 12.07
1535642724 12.03
1535642784 11.98
1535642845 11.95
1535642905 11.99
1535642965 11.92
1535643025 12.08
1535643085 11.99
1535643145 11.89
1535643205 11.96
1535643267 11.89
1535643328 11.92
1535643388 12.09
1535643448 11.90
1535643510 11.88
1535643570 11.94
1535643630 11.93
1535643692 11.89
1535643752 11.90
1535643812 11.86
1535643874 11.91
1535643935 11.88
1535643995 11.96
1535644055 12.01
1535644115 11.92
1535644177 11.95
1535644237 11.82
1535644299 11.85
1535644359 11.86
1535644420 11.86
1535644480 11.89
1535644540 11.95
1535644601 11.91
1535644661 11.87
1535644721 11.88
1535644781 11.96
1535644843 11.87
1535644905 11.84
1535644965 11.89
1535645027 12.12
1535645087 11.89
1535645147 11.93
1535645209 11.94
1535645269 11.88
1535645331 11.89
1535645392 11.86
1535645454 11.85
1535645516 11.82
1535645578 11.81
1535645640 11.85
1535645700 11.88
1535645760 11.83
1535645820 11.89
1535645881 11.87
1535645941 11.85
1535646001 11.86
1535646062 11.79
1535646122 11.83
1535646184 12.01
1535646246 11.81
1535646308 11.84
1535646369 11.80
1535646431 11.87
1535646493 11.87
1535646553 11.87
1535646613 11.86
1535646673 11.86
1535646735 11.83
1535646795 11.87
1535646857 11.77
1535646917 11.82
1535646977 11.84
1535647038 11.80
1535647098 11.74
1535647158 11.85
1535647218 11.85
1535647279 11.85
1535647339 11.84
1535647399 11.81
1535647459 11.82
1535647520 11.82
1535647580 11.74
1535647640 11.83
1535647701 11.90
1535647763 11.87
1535647823 11.80
1535647883 11.77
1535647944 11.82
1535648004 11.83
1535648066 11.84
1535648127 11.82
1535648187 11.93
1535648247 11.92
1535648307 11.87
1535648369 11.82
1535648431 11.85
1535648491 11.93
1535648551 11.83
1535648612 11.88
1535648672 11.81
1535648732 11.71
1535648793 11.88
1535648853 11.87
1535648913 11.87
1535648974 11.75
1535649034 11.87
1535649096 11.89
1535649156 11.88
1535649216 11.82
1535649278 11.88
1535649338 11.82
1535649399 11.90
1535649459 11.88
1535649520 11.89
1535649580 11.79
1535649640 11.73
1535649701 11.85
1535649761 11.71
1535649823 11.88
1535649884 11.71
1535649945 11.72
1535650005 11.80
1535650066 11.78
1535650126 11.73
1535650186 11.82
1535650247 11.88
1535650307 11.85
1535650367 11.88
1535650429 11.71
1535650489 11.75
1535650550 11.82
1535650610 11.78
1535650670 11.79
1535650730 11.78
1535650790 11.80
1535650853 11.82
1535650913 11.72
1535650973 11.85
1535651033 11.67
1535651094 11.68
1535651154 11.77
1535651214 11.67
1535651274 11.76
1535651334 11.79
1535651394 11.64
1535651455 11.74
1535651517 11.84
1535651577 11.84
1535651637 11.72
1535651697 11.66
1535651759 11.81
1535651819 11.81
1535651880 11.73
1535651940 11.85
1535652000 11.76
1535652060 11.72
1535652120 11.68
1535652182 11.83
1535652243 11.80
1535652303 11.67
1535652363 11.70
1535652423 11.86
1535652484 11.69
1535652544 11.82
1535652604 11.79
1535652664 11.75
1535652724 11.81
1535652786 11.83
1535652847 11.75
1535652908 11.78
1535652969 11.81
1535653029 11.75
1535653091 11.82
1535653151 11.77
1535653211 11.78
1535653272 11.75
1535653332 11.90
1535653392 11.82
1535653454 11.81
1535653514 11.85
1535653574 11.77
1535653634 11.79
1535653695 11.83
1535653755 11.74
1535653815 11.78
1535653877 11.67
1535653937 11.80
1535653997 11.80
1535654057 11.96
1535654118 11.69
1535654178 11.80
1535654238 11.79
1535654299 11.67
1535654359 11.97
1535654419 11.70
1535654479 11.78
1535654539 11.79
1535654600 11.88
1535654660 11.79
1535654722 11.82
1535654782 11.76
1535654844 11.76
1535654906 11.79
1535654968 11.74
1535655028 11.79
1535655090 11.74
1535655150 11.81
1535655210 11.81
1535655272 11.78
1535655332 11.79
1535655393 11.70
1535655453 11.80
1535655514 11.65
1535655574 11.73
1535655635 11.79
1535655697 11.79
1535655758 11.78
1535655818 11.72
1535655880 11.78
1535655942 11.84
1535656002 11.63
1535656064 11.80
1535656124 11.69
1535656185 11.71
1535656247 11.78
1535656307 11.67
1535656369 11.89
1535656430 11.70
1535656491 11.69
1535656551 11.69
1535656613 11.61
1535656675 11.86
1535656737 11.70
1535656798 11.67
1535656858 11.66
1535656918 11.82
1535656980 11.68
1535657042 11.81
1535657102 11.83
1535657163 11.72
1535657223 11.85
1535657283 11.71
1535657343 11.80
1535657405 11.80
1535657467 11.73
1535657527 11.63
1535657589 11.73
1535657651 11.76
1535657711 11.65
1535657772 11.74
1535657832 11.68
1535657892 11.73
1535657953 11.72
1535658015 11.84
1535658075 11.72
1535658137 11.85
1535658199 11.66
1535658259 11.73
1535658319 11.85
1535658380 11.80
1535658440 11.72
1535658500 11.76
1535658560 11.69
1535658622 11.74
1535658682 11.70
1535658742 11.87
1535658804 11.71
1535658865 11.72
1535658925 11.76
1535658985 11.61
1535659045 11.79
1535659106 11.83
1535659167 11.76
1535659227 11.65
1535659287 11.75
1535659348 11.70
1535659410 11.77
1535659470 11.82
1535659530 11.70
1535659590 11.64
1535659652 11.62
1535659712 11.78
1535659772 11.76
1535659833 11.73
1535659893 11.63
1535659953 11.76
1535660013 11.82
1535660074 11.74
1535660134 11.71
1535660194 11.69
1535660255 11.80
1535660315 11.71
1535660377 11.72
1535660437 11.80
1535660497 11.78
1535660557 11.78
1535660619 11.72
1535660679 11.67
1535660741 11.68
1535660802 11.72
1535660864 11.72
1535660924 11.78
1535660984 11.80
1535661045 11.60
1535661107 11.80
1535661167 11.79
1535661228 11.75
1535661288 11.57
1535661348 11.63
1535661408 11.75
1535661468 11.82
1535661529 11.71
1535661591 11.75
1535661651 11.84
1535661711 11.67
1535661772 11.65
1535661832 11.75
1535661892 11.81
1535661953 11.76
1535662013 11.61
1535662073 11.70
1535662134 11.62
1535662194 11.72
1535662254 11.68
1535662316 11.81
1535662376 11.74
1535662436 11.64
1535662496 11.71
1535662558 11.71
1535662618 11.76
1535662679 11.76
1535662739 11.67
1535662799 11.68
1535662859 11.77
