1535403609 24.28
1535403670 24.26
1535403730 24.24
1535403792 24.31
1535403852 24.30
1535403912 24.25
1535403973 24.25
1535404033 24.30
1535404093 24.26
1535404154 24.26
1535404214 24.25
1535404276 24.24
1535404336 24.28
1535404397 24.24
1535404457 24.28
1535404519 24.28
1535404581 24.24
1535404641 24.29
1535404703 24.27
1535404764 24.25
1535404824 24.29
1535404884 24.26
1535404946 24.25
1535405007 24.27
1535405067 24.26
1535405127 24.23
1535405189 24.26
1535405251 24.26
1535405312 24.24
1535405372 24.27
1535405432 24.24
1535405492 24.27
1535405554 24.27
1535405614 24.29
1535405675 24.20
1535405735 24.26
1535405795 24.24
1535405855 24.31
1535405917 24.28
1535405977 24.29
1535406037 24.26
1535406100 24.25
1535406159 24.26
1535406220 24.27
1535406282 24.24
1535406344 24.26
1535406404 24.22
1535406466 24.19
1535406526 24.24
1535406588 24.27
1535406648 24.25
1535406708 24.23
1535406768 24.23
1535406829 24.27
1535406889 24.25
1535406949 24.25
1535407009 24.25
1535407069 24.25
1535407131 24.20
1535407192 24.26
1535407252 24.26
1535407314 24.22
1535407374 24.26
1535407434 24.22
1535407494 24.27
1535407555 24.24
1535407615 24.26
1535407676 24.31
1535407738 24.28
1535407800 24.29
1535407863 24.29
1535407925 24.28
1535407987 24.28
1535408048 24.28
1535408108 24.25
1535408170 24.25
1535408230 24.28
1535408290 24.28
1535408351 24.26
1535408411 24.28
1535408473 24.26
1535408533 24.26
1535408595 24.25
1535408656 24.27
1535408716 24.26
1535408776 24.25
1535408836 24.29
1535408896 24.23
1535408958 24.27
1535409019 24.26
1535409079 24.24
1535409141 24.25
1535409203 24.25
1535409263 24.28
1535409325 24.24
1535409385 24.24
1535409445 24.29
1535409506 24.29
1535409566 24.19
1535409626 24.25
1535409688 24.28
1535409750 24.27
1535409811 24.26
1535409871 24.24
1535409933 24.24
1535409995 24.26
1535410056 24.27
1535410116 24.24
1535410178 24.26
1535410238 24.25
1535410300 24.27
1535410360 24.26
1535410423 24.27
1535410484 24.25
1535410544 24.23
1535410605 24.26
1535410667 24.29
1535410728 24.26
1535410790 24.25
1535410850 24.26
1535410911 24.27
1535410971 24.26
1535411031 24.28
1535411091 24.25
1535411153 24.25
1535411213 24.28
1535411276 24.26
1535411336 24.26
1535411398 24.28
1535411458 24.25
1535411518 24.26
1535411578 24.25
1535411639 24.26
1535411699 24.26
1535411761 24.28
1535411821 24.24
1535411881 24.24
1535411941 24.25
1535412002 24.27
1535412062 24.26
1535412124 24.27
1535412184 24.25
1535412246 24.24
1535412306 24.25
1535412368 24.22
1535412428 24.23
1535412489 24.25
1535412549 24.26
1535412609 24.26
1535412670 24.27
1535412730 24.24
1535412791 24.24
1535412851 24.28
1535412911 24.23
1535412973 24.25
1535413034 24.25
1535413094 24.23
1535413154 24.24
1535413216 24.28
1535413276 24.28
1535413336 24.27
1535413397 24.26
1535413457 24.26
1535413518 24.26
1535413578 24.23
1535413638 24.25
1535413699 24.27
1535413759 24.26
1535413819 24.24
1535413881 24.27
1535413941 24.28
1535414002 24.26
1535414062 24.29
1535414124 24.27
1535414184 24.27
1535414245 24.24
1535414305 24.27
1535414366 24.28
1535414428 24.24
1535414489 24.26
1535414549 24.27
1535414609 24.26
1535414669 24.26
1535414729 24.23
1535414791 24.26
1535414851 24.27
1535414912 24.26
1535414974 24.25
1535415034 24.23
1535415096 24.25
1535415156 24.23
1535415216 24.26
1535415277 24.22
1535415337 24.29
1535415398 24.26
1535415458 24.24
1535415519 24.24
1535415579 24.26
1535415639 24.26
1535415700 24.26
1535415760 24.27
1535415820 24.21
1535415881 24.25
1535415943 24.26
1535416003 24.24
1535416063 24.23
1535416123 24.28
1535416183 24.25
1535416244 24.26
1535416304 24.21
1535416364 24.27
1535416424 24.24
1535416486 24.23
1535416547 24.28
1535416607 24.25
1535416667 24.26
1535416729 24.28
1535416789 24.25
1535416851 24.24
1535416911 24.22
1535416973 24.26
1535417034 24.23
1535417094 24.29
1535417156 24.26
1535417216 24.28
1535417276 24.28
1535417338 24.26
1535417400 24.25
1535417462 24.26
1535417524 24.21
1535417584 24.26
1535417646 24.26
1535417706 24.27
1535417766 24.27
1535417826 24.22
1535417887 24.24
1535417947 24.26
1535418007 24.25
1535418067 24.25
1535418128 24.24
1535418188 24.25
1535418248 24.23
1535418309 24.28
1535418370 24.24
1535418432 24.26
1535418492 24.26
1535418553 24.24
1535418613 24.25
1535418675 24.28
1535418735 24.21
1535418795 24.26
1535418856 24.24
1535418916 24.26
1535418976 24.24
1535419038 24.25
1535419098 24.23
1535419158 24.26
1535419218 24.24
1535419280 24.23
1535419342 24.24
1535419403 24.23
1535419463 24.24
1535419523 24.26
1535419583 24.24
1535419645 24.24
1535419705 24.28
1535419767 24.22
1535419827 24.24
1535419890 24.26
1535419952 24.24
1535420014 24.24
1535420076 24.26
1535420139 24.29
1535420199 24.24
1535420259 24.24
1535420322 24.24
1535420382 24.24
1535420442 24.23
1535420503 24.25
1535420563 24.27
1535420623 24.27
1535420683 24.22
1535420743 24.26
1535420804 24.23
1535420864 24.25
1535420926 24.23
1535420989 24.25
1535421051 24.24
1535421112 24.25
1535421172 24.24
1535421232 24.27
1535421294 24.22
1535421355 24.22
1535421415 24.29
1535421475 24.22
1535421535 24.24
1535421596 24.26
1535421656 24.25
1535421716 24.26
1535421778 24.24
1535421839 24.21
1535421899 24.21
1535421961 24.24
1535422021 24.23
1535422083 24.21
1535422145 24.24
1535422205 24.19
1535422265 24.19
1535422325 24.23
1535422387 24.23
1535422449 24.22
1535422510 24.26
1535422572 24.26
1535422632 24.22
1535422693 24.22
1535422753 24.22
1535422813 24.24
1535422874 24.22
1535422934 24.24
1535422996 24.24
1535423056 24.24
1535423116 24.22
1535423176 24.26
1535423237 24.24
1535423297 24.22
1535423357 24.24
1535423417 24.21
1535423478 24.23
1535423540 24.24
1535423600 24.26
1535423662 24.28
1535423722 24.24
1535423782 24.22
1535423843 24.23
1535423905 24.20
1535423965 24.19
1535424026 24.26
1535424086 24.21
1535424148 24.25
1535424208 24.22
1535424268 24.21
1535424328 24.22
1535424390 24.26
1535424450 24.22
1535424510 24.22
1535424572 24.24
1535424634 24.22
1535424694 24.24
1535424755 24.24
1535424815 24.23
1535424877 24.24
1535424939 24.28
1535425000 24.27
1535425060 24.24
1535425120 24.22
1535425181 24.27
1535425243 24.26
1535425303 24.22
1535425363 24.23
1535425423 24.21
1535425483 24.22
1535425544 24.31
1535425604 24.26
1535425666 24.22
1535425726 24.24
1535425788 24.24
1535425849 24.26
1535425909 24.24
1535425971 24.25
1535426032 24.23
1535426093 24.22
1535426155 24.26
1535426215 24.29
1535426275 24.25
1535426337 24.26
1535426397 24.23
1535426458 24.25
1535426518 24.23
1535426580 24.23
1535426640 24.24
1535426700 24.21
1535426761 24.21
1535426821 24.26
1535426881 24.24
1535426942 24.26
1535427002 24.26
1535427062 24.24
1535427122 24.25
1535427183 24.28
1535427245 24.20
1535427305 24.21
1535427365 24.24
1535427426 24.24
1535427486 24.25
1535427546 24.28
1535427606 24.25
1535427668 24.23
1535427728 24.22
1535427789 24.23
1535427849 24.21
1535427911 24.26
1535427971 24.22
1535428031 24.21
1535428091 24.22
1535428152 24.24
1535428212 24.27
1535428272 24.26
1535428333 24.23
1535428393 24.22
1535428453 24.26
1535428513 24.24
1535428575 24.22
1535428635 24.25
1535428696 24.23
1535428758 24.24
1535428819 24.26
1535428881 24.25
1535428943 24.24
1535429004 24.23
1535429064 24.24
1535429126 24.27
1535429188 24.23
1535429250 24.27
1535429312 24.26
1535429372 24.24
1535429432 24.25
1535429493 24.27
1535429553 24.28
1535429613 24.24
1535429675 24.23
1535429735 24.26
1535429795 24.25
1535429857 24.27
1535429918 24.28
1535429979 24.24
1535430040 24.28
1535430100 24.26
1535430162 24.26
1535430222 24.24
1535430282 24.24
1535430343 24.26
1535430403 24.24
1535430463 24.23
1535430524 24.28
1535430585 24.29
1535430645 24.25
1535430707 24.28
1535430767 24.30
1535430829 24.27
1535430889 24.21
1535430949 24.30
1535431009 24.27
1535431070 24.26
1535431132 24.26
1535431193 24.29
1535431254 24.27
1535431315 24.27
1535431376 24.26
1535431436 24.29
1535431496 24.25
1535431557 24.28
1535431617 24.28
1535431679 24.27
1535431739 24.27
1535431801 24.26
1535431862 24.29
1535431922 24.33
1535431982 24.26
1535432042 24.25
1535432103 24.28
1535432163 24.26
1535432225 24.25
1535432285 24.32
1535432345 24.31
1535432405 24.28
1535432467 24.28
1535432528 24.26
1535432588 24.24
1535432648 24.25
1535432710 24.28
1535432770 24.30
1535432830 24.27
1535432890 24.28
1535432951 24.26
1535433013 24.29
1535433073 24.30
1535433134 24.28
1535433195 24.30
1535433256 24.33
1535433315 24.28
1535433376 24.25
1535433436 24.28
1535433496 24.29
1535433558 24.29
1535433618 24.28
1535433678 24.32
1535433738 24.26
1535433799 24.34
1535433859 24.30
1535433921 24.28
1535433981 24.29
1535434041 24.30
1535434102 24.25
1535434163 24.28
1535434225 24.25
1535434287 24.28
1535434348 24.28
1535434408 24.28
1535434468 24.26
1535434528 24.28
1535434588 24.28
1535434648 24.29
1535434709 24.29
1535434771 24.32
1535434833 24.33
1535434893 24.29
1535434953 24.31
1535435014 24.33
1535435074 24.28
1535435136 24.31
1535435196 24.31
1535435257 24.29
1535435317 24.31
1535435377 24.29
1535435437 24.27
1535435498 24.29
1535435558 24.28
1535435618 24.27
1535435678 24.29
1535435738 24.29
1535435799 24.31
1535435861 24.30
1535435921 24.29
1535435983 24.31
1535436043 24.28
1535436103 24.33
1535436164 24.31
1535436224 24.27
1535436284 24.31
1535436346 24.31
1535436408 24.30
1535436468 24.32
1535436530 24.28
1535436590 24.27
1535436652 24.26
1535436712 24.28
1535436774 24.32
1535436834 24.31
1535436894 24.31
1535436955 24.32
1535437016 24.31
1535437078 24.28
1535437139 24.29
1535437199 24.31
1535437261 24.31
1535437321 24.33
1535437382 24.30
1535437443 24.30
1535437505 24.28
1535437567 24.29
1535437629 24.34
1535437690 24.33
1535437750 24.35
1535437810 24.35
1535437870 24.30
1535437932 24.28
1535437994 24.33
1535438054 24.34
1535438114 24.30
1535438176 24.29
1535438238 24.32
1535438298 24.31
1535438359 24.34
1535438419 24.31
1535438481 24.29
1535438541 24.38
1535438603 24.33
1535438663 24.27
1535438724 24.36
1535438784 24.33
1535438844 24.33
1535438904 24.31
1535438964 24.32
1535439025 24.30
1535439085 24.33
1535439145 24.33
1535439205 24.34
1535439265 24.34
1535439325 24.29
1535439386 24.33
1535439446 24.33
1535439506 24.32
1535439567 24.33
1535439629 24.33
1535439689 24.36
1535439749 24.33
1535439809 24.33
1535439870 24.29
1535439931 24.33
1535439994 24.33
1535440054 24.35
1535440114 24.32
1535440174 24.32
1535440235 24.36
1535440295 24.36
1535440355 24.40
1535440417 24.34
1535440479 24.37
1535440540 24.34
1535440601 24.33
1535440661 24.31
1535440723 24.34
1535440783 24.35
1535440843 24.34
1535440905 24.32
1535440965 24.31
1535441026 24.30
1535441086 24.27
1535441146 24.28
1535441207 24.27
1535441267 24.20
1535441327 24.14
1535441387 24.19
1535441448 24.17
1535441508 24.24
1535441568 24.24
1535441629 24.24
1535441690 24.27
1535441751 24.26
1535441811 24.37
1535441871 24.26
1535441932 24.34
1535441994 24.31
1535442054 24.31
1535442114 24.30
1535442176 24.28
1535442236 24.27
1535442297 24.23
1535442357 24.32
1535442417 24.29
1535442478 24.32
1535442538 24.36
1535442599 24.40
1535442659 24.50
1535442721 24.47
1535442781 24.49
1535442842 24.46
1535442904 24.45
1535442965 24.48
1535443027 24.47
1535443089 24.56
1535443150 24.52
1535443210 24.51
1535443270 24.53
1535443332 24.55
1535443392 24.52
1535443452 24.58
1535443512 24.61
1535443573 24.51
1535443633 24.58
1535443693 24.53
1535443753 24.50
1535443813 24.57
1535443874 24.56
1535443934 24.63
1535443994 24.56
1535444054 24.58
1535444114 24.60
1535444176 24.54
1535444238 24.50
1535444298 24.49
1535444358 24.45
1535444419 24.45
1535444479 24.46
1535444541 24.45
1535444601 24.42
1535444661 24.43
1535444722 24.40
1535444784 24.44
1535444845 24.33
1535444906 24.38
1535444966 24.36
1535445026 24.34
1535445087 24.40
1535445148 24.35
1535445209 24.37
1535445269 24.36
1535445329 24.36
1535445390 24.31
1535445451 24.31
1535445512 24.32
1535445572 24.29
1535445634 24.29
1535445694 24.27
1535445754 24.31
1535445814 24.31
1535445875 24.30
1535445935 24.30
1535445995 24.30
1535446056 24.31
1535446116 24.33
1535446176 24.28
1535446236 24.33
1535446296 24.36
1535446357 24.33
1535446417 24.30
1535446477 24.37
1535446537 24.33
1535446598 24.30
1535446660 24.36
1535446720 24.36
1535446780 24.34
1535446840 24.32
1535446900 24.33
1535446962 24.38
1535447022 24.36
1535447085 24.35
1535447145 24.35
1535447206 24.32
1535447269 24.36
1535447329 24.38
1535447389 24.34
1535447449 24.36
1535447510 24.33
1535447570 24.34
1535447631 24.36
1535447691 24.39
1535447753 24.38
1535447813 24.36
1535447873 24.39
1535447935 24.35
1535447996 24.36
1535448056 24.38
1535448116 24.34
1535448176 24.38
1535448237 24.39
1535448299 24.41
1535448360 24.35
1535448421 24.39
1535448481 24.34
1535448541 24.34
1535448601 24.38
1535448661 24.38
1535448721 24.36
1535448782 24.38
1535448842 24.38
1535448902 24.40
1535448964 24.37
1535449025 24.36
1535449085 24.36
1535449145 24.35
1535449205 24.36
1535449266 24.34
1535449326 24.36
1535449386 24.40
1535449446 24.40
1535449507 24.38
1535449567 24.34
1535449627 24.40
1535449687 24.38
1535449748 24.37
1535449808 24.35
1535449868 24.34
1535449929 24.36
1535449989 24.39
1535450050 24.39
1535450112 24.36
1535450172 24.38
1535450232 24.38
1535450293 24.39
1535450353 24.38
1535450413 24.41
1535450474 24.39
1535450534 24.39
1535450594 24.40
1535450655 24.36
1535450715 24.40
1535450775 24.39
1535450835 24.34
1535450897 24.41
1535450959 24.39
1535451020 24.40
1535451081 24.38
1535451142 24.36
1535451202 24.39
1535451264 24.42
1535451324 24.38
1535451386 24.34
1535451446 24.37
1535451506 24.38
1535451567 24.41
1535451627 24.43
1535451687 24.57
1535451747 24.60
1535451807 24.67
1535451868 24.75
1535451929 24.73
1535451992 24.84
1535452054 24.92
1535452114 25.23
1535452174 25.33
1535452235 25.27
1535452295 25.42
1535452357 25.06
1535452419 25.08
1535452481 25.19
1535452541 25.06
1535452603 25.15
1535452665 25.15
1535452727 25.04
1535452787 24.95
1535452847 25.00
1535452908 25.16
1535452968 25.19
1535453028 25.18
1535453088 25.06
1535453150 25.07
1535453212 25.16
1535453273 25.04
1535453333 25.01
1535453394 25.06
1535453454 25.03
1535453514 25.06
1535453574 25.38
1535453634 25.04
1535453695 25.16
1535453756 25.27
1535453816 25.40
1535453879 25.27
1535453940 25.16
1535454000 25.12
1535454061 25.28
1535454121 25.28
1535454181 25.40
1535454243 25.28
1535454304 25.23
1535454364 25.31
1535454426 25.25
1535454486 25.46
1535454546 25.36
1535454606 25.08
1535454668 25.03
1535454729 24.94
1535454789 24.83
1535454850 24.62
1535454912 24.71
1535454972 24.49
1535455032 24.55
1535455094 24.51
1535455156 24.44
1535455216 24.41
1535455278 24.43
1535455339 24.35
1535455401 24.29
1535455461 24.26
1535455521 24.28
1535455583 24.12
1535455643 24.19
1535455703 24.28
1535455765 24.26
1535455825 24.22
1535455886 24.26
1535455946 24.17
1535456006 24.19
1535456066 24.28
1535456127 24.28
1535456187 24.26
1535456247 24.26
1535456308 24.25
1535456368 24.33
1535456428 24.38
1535456488 24.35
1535456548 24.40
1535456609 24.30
1535456669 24.37
1535456730 24.37
1535456791 24.36
1535456852 24.47
1535456913 24.53
1535456975 24.42
1535457037 24.49
1535457098 24.54
1535457158 24.51
1535457219 24.48
1535457280 24.47
1535457341 24.48
1535457402 24.49
1535457462 24.46
1535457524 24.52
1535457585 24.49
1535457645 24.54
1535457705 24.46
1535457765 24.43
1535457825 24.28
1535457886 24.30
1535457947 24.29
1535458009 24.42
1535458069 24.25
1535458129 24.37
1535458189 24.37
1535458250 24.22
1535458310 24.22
1535458370 24.31
1535458430 24.25
1535458490 24.28
1535458552 24.16
1535458612 24.09
1535458672 24.13
1535458732 24.09
1535458792 24.07
1535458853 24.16
1535458913 24.00
1535458974 24.10
1535459036 24.01
1535459097 24.26
1535459158 24.19
1535459220 24.28
1535459280 24.32
1535459341 24.25
1535459403 24.36
1535459463 24.31
1535459525 24.38
1535459585 24.34
1535459646 24.26
1535459706 24.26
1535459766 24.41
1535459826 24.40
1535459886 24.46
1535459947 24.40
1535460007 24.42
1535460067 24.36
1535460127 24.31
1535460187 24.28
1535460247 24.34
1535460308 24.39
1535460368 24.34
1535460430 24.42
1535460490 24.45
1535460551 24.43
1535460613 24.41
1535460675 24.45
1535460735 24.45
1535460795 24.45
1535460855 24.44
1535460916 24.46
1535460976 24.45
1535461038 24.45
1535461099 24.44
1535461159 24.45
1535461219 24.42
1535461281 24.40
1535461341 24.46
1535461401 24.46
1535461462 24.52
1535461522 24.50
1535461582 24.48
1535461644 24.48
1535461705 24.51
1535461767 24.50
1535461827 24.53
1535461887 24.51
1535461948 24.61
1535462009 24.57
1535462070 24.56
1535462130 24.58
1535462190 24.57
1535462251 24.60
1535462311 24.54
1535462371 24.63
1535462431 24.58
1535462491 24.61
1535462551 24.63
1535462612 24.55
1535462672 24.59
1535462733 24.69
1535462793 24.64
1535462855 24.56
1535462915 24.54
1535462975 24.65
1535463035 24.60
1535463095 24.61
1535463156 24.61
1535463216 24.64
1535463276 24.51
1535463338 24.54
1535463398 24.63
1535463460 24.66
1535463520 24.58
1535463580 24.56
1535463640 24.60
1535463701 24.59
1535463763 24.52
1535463823 24.57
1535463884 24.61
1535463945 24.53
1535464007 24.61
1535464067 24.67
1535464127 24.60
1535464188 24.63
1535464248 24.63
1535464310 24.63
1535464370 24.60
1535464430 24.62
1535464490 24.61
1535464552 24.60
1535464614 24.60
1535464676 24.55
1535464737 24.57
1535464799 24.54
1535464859 24.57
1535464921 24.66
1535464981 24.58
1535465043 24.60
1535465103 24.62
1535465163 24.68
1535465225 24.60
1535465287 24.62
1535465347 24.63
1535465407 24.62
1535465468 24.59
1535465528 24.64
1535465590 24.60
1535465650 24.69
1535465711 24.62
1535465772 24.63
1535465833 24.60
1535465893 24.64
1535465955 24.65
1535466017 24.62
1535466079 24.61
1535466139 24.61
1535466199 24.64
1535466261 24.65
1535466322 24.62
1535466382 24.64
1535466444 24.63
1535466504 24.57
1535466566 24.59
1535466628 24.64
1535466690 24.60
1535466750 24.59
1535466812 24.69
1535466872 24.62
1535466933 24.64
1535466995 24.72
1535467055 24.72
1535467115 24.65
1535467176 24.59
1535467236 24.57
1535467298 24.56
1535467358 24.62
1535467420 24.59
1535467480 24.68
1535467541 24.69
1535467601 24.68
1535467661 24.59
1535467721 24.60
1535467782 24.60
1535467844 24.59
1535467904 24.58
1535467965 24.68
1535468025 24.60
1535468086 24.65
1535468146 24.60
1535468208 24.59
1535468268 24.66
1535468329 24.68
1535468389 24.68
1535468450 24.68
1535468510 24.61
1535468570 24.90
1535468632 25.03
1535468693 24.99
1535468753 25.00
1535468813 25.03
1535468874 24.97
1535468936 24.92
1535468998 24.90
1535469058 24.84
1535469119 24.73
1535469179 24.74
1535469241 24.73
1535469301 24.73
1535469362 24.71
1535469424 24.61
1535469484 24.72
1535469544 24.71
1535469604 24.68
1535469665 24.69
1535469727 24.67
1535469787 24.73
1535469847 24.68
1535469907 24.68
1535469967 24.63
1535470029 24.64
1535470090 24.60
1535470150 24.66
1535470210 24.60
1535470270 24.69
1535470331 24.60
1535470391 24.63
1535470453 24.67
1535470515 24.62
1535470575 24.69
1535470636 24.64
1535470696 24.60
1535470756 24.64
1535470818 24.67
1535470878 24.60
1535470938 24.60
1535470998 24.64
1535471060 24.62
1535471120 24.61
1535471181 24.67
1535471241 24.67
1535471301 24.59
1535471363 24.75
1535471425 24.73
1535471486 24.63
1535471548 24.71
1535471608 24.72
1535471670 24.67
1535471730 24.68
1535471790 24.64
1535471851 24.71
1535471911 24.65
1535471971 24.60
1535472033 24.64
1535472095 24.62
1535472157 24.71
1535472217 24.69
1535472279 24.64
1535472339 24.66
1535472399 24.69
1535472459 24.71
1535472519 24.70
1535472580 24.71
1535472640 24.71
1535472700 24.76
1535472762 24.64
1535472822 24.71
1535472882 24.64
1535472943 24.68
1535473004 24.65
1535473065 24.69
1535473125 24.70
1535473185 24.66
1535473245 24.66
1535473305 24.67
1535473366 24.69
1535473428 24.69
1535473488 24.65
1535473548 24.72
1535473610 24.68
1535473670 24.68
1535473731 24.66
1535473793 24.69
1535473853 24.66
1535473913 24.70
1535473975 24.71
1535474036 24.69
1535474096 24.68
1535474156 24.65
1535474218 24.65
1535474278 24.64
1535474340 24.72
1535474402 24.61
1535474464 24.68
1535474524 24.66
1535474584 24.71
1535474646 24.69
1535474707 24.72
1535474767 24.71
1535474829 24.64
1535474889 24.59
1535474949 24.56
1535475010 24.60
1535475070 24.53
1535475130 24.55
1535475191 24.49
1535475251 24.50
1535475311 24.49
1535475372 24.53
1535475432 24.49
1535475494 24.33
1535475554 24.48
1535475614 24.48
1535475674 24.50
1535475735 24.54
1535475795 24.51
1535475855 24.51
1535475915 24.56
1535475976 24.50
1535476036 24.53
1535476096 24.50
1535476156 24.48
1535476218 24.52
1535476278 24.57
1535476338 24.55
1535476400 24.61
1535476461 24.53
1535476521 24.54
1535476583 24.60
1535476645 24.84
1535476705 24.63
1535476765 24.60
1535476825 24.55
1535476885 24.59
1535476946 24.57
1535477006 24.49
1535477066 24.47
1535477128 24.55
1535477189 24.45
1535477249 24.46
1535477309 24.47
1535477369 24.36
1535477429 24.43
1535477491 24.41
1535477553 24.43
1535477614 24.39
1535477674 24.29
1535477734 24.46
1535477794 24.42
1535477857 24.38
1535477917 24.35
1535477977 24.27
1535478037 24.37
1535478098 24.40
1535478158 24.37
1535478220 24.35
1535478282 24.40
1535478342 24.39
1535478402 24.42
1535478464 24.47
1535478524 24.43
1535478585 24.43
1535478645 24.43
1535478705 24.46
1535478766 24.45
1535478826 24.44
1535478888 24.46
1535478950 24.48
1535479010 24.48
1535479070 24.50
1535479132 24.47
1535479193 24.51
1535479255 24.49
1535479315 24.50
1535479375 24.51
1535479437 24.51
1535479499 24.52
1535479559 24.51
1535479620 24.53
1535479680 24.53
1535479742 24.53
1535479802 24.52
1535479863 24.53
1535479923 24.52
1535479983 24.54
1535480044 24.53
1535480104 24.59
1535480164 24.55
1535480225 24.56
1535480285 24.57
1535480346 24.57
1535480406 24.59
1535480467 24.61
1535480528 24.59
1535480588 24.60
1535480648 24.61
1535480708 24.53
1535480768 24.57
1535480829 24.61
1535480889 24.60
1535480949 24.56
1535481009 24.59
1535481071 24.61
1535481133 24.63
1535481195 24.57
1535481255 24.65
1535481316 24.59
1535481376 24.62
1535481436 24.65
1535481497 24.61
1535481559 24.60
1535481621 24.62
1535481681 24.59
1535481743 24.58
1535481803 24.60
1535481864 24.66
1535481926 24.55
1535481986 24.67
1535482046 24.65
1535482106 24.64
1535482166 24.65
1535482227 24.68
1535482289 24.67
1535482349 24.63
1535482409 24.68
1535482471 24.62
1535482531 24.66
1535482592 24.68
1535482652 24.65
1535482712 24.64
1535482772 24.69
1535482832 24.70
1535482893 24.64
1535482954 24.66
1535483015 24.69
1535483075 24.68
1535483137 24.60
1535483198 24.65
1535483258 24.66
1535483318 24.68
1535483378 24.67
1535483439 24.66
1535483499 24.68
1535483559 24.66
1535483619 24.59
1535483681 24.65
1535483743 24.68
1535483804 24.56
1535483864 24.69
1535483926 24.68
1535483986 24.70
1535484046 24.68
1535484107 24.70
1535484167 24.69
1535484229 24.69
1535484289 24.69
1535484351 24.69
1535484413 24.72
1535484473 24.72
1535484533 24.71
1535484594 24.68
1535484654 24.63
1535484714 24.70
1535484774 24.68
1535484834 24.68
1535484894 24.67
1535484955 24.73
1535485017 24.70
1535485077 24.64
1535485137 24.70
1535485198 24.70
1535485258 24.72
1535485318 24.68
1535485379 24.71
1535485440 24.69
1535485501 24.69
1535485561 24.70
1535485621 24.65
1535485681 24.73
1535485742 24.68
1535485802 24.67
1535485862 24.66
1535485922 24.68
1535485982 24.73
1535486042 24.73
1535486103 24.70
1535486163 24.66
1535486223 24.68
1535486283 24.68
1535486345 24.73
1535486406 24.67
1535486466 24.69
1535486526 24.71
1535486588 24.71
1535486648 24.71
1535486710 24.64
1535486771 24.70
1535486831 24.69
1535486891 24.71
1535486951 24.71
1535487012 24.70
1535487072 24.71
1535487132 24.72
1535487194 24.72
1535487254 24.69
1535487315 24.69
1535487376 24.70
1535487437 24.64
1535487499 24.67
1535487559 24.71
1535487619 24.71
1535487679 24.69
1535487739 24.68
1535487799 24.69
1535487860 24.68
1535487922 24.71
1535487982 24.71
1535488042 24.66
1535488103 24.69
1535488163 24.66
1535488225 24.67
1535488285 24.69
1535488347 24.70
1535488407 24.67
1535488467 24.71
1535488527 24.68
1535488587 24.72
1535488647 24.69
1535488708 24.73
1535488768 24.65
1535488828 24.66
1535488889 24.70
1535488949 24.68
1535489009 24.68
1535489069 24.69
1535489130 24.67
1535489190 24.69
1535489250 24.68
1535489310 24.71
1535489370 24.71
1535489431 24.71
1535489491 24.68
1535489551 24.70
1535489613 24.67
1535489675 24.70
1535489736 24.67
1535489796 24.67
1535489856 24.67
1535489918 24.69
1535489978 24.68
1535490038 24.71
1535490099 24.69
1535490159 24.73
1535490221 24.70
1535490281 24.70
1535490343 24.70
1535490405 24.70
1535490467 24.69
1535490527 24.71
1535490589 24.71
1535490651 24.70
1535490711 24.71
1535490772 24.72
1535490832 24.67
1535490892 24.71
1535490953 24.71
1535491017 24.68
1535491078 24.71
1535491140 24.68
1535491201 24.68
1535491261 24.67
1535491321 24.70
1535491382 24.72
1535491442 24.72
1535491504 24.70
1535491564 24.71
1535491624 24.69
1535491684 24.73
1535491745 24.73
1535491805 24.75
1535491867 24.71
1535491927 24.65
1535491988 24.68
1535492050 24.71
1535492110 24.67
1535492170 24.69
1535492230 24.68
1535492290 24.70
1535492351 24.71
1535492411 24.71
1535492473 24.71
1535492533 24.70
1535492593 24.69
1535492653 24.68
1535492713 24.71
1535492775 24.70
1535492837 24.73
1535492897 24.71
1535492958 24.69
1535493018 24.67
1535493078 24.69
1535493138 24.71
1535493198 24.74
1535493260 24.71
1535493322 24.72
1535493383 24.73
1535493445 24.71
1535493505 24.72
1535493565 24.75
1535493625 24.71
1535493685 24.73
1535493746 24.72
1535493806 24.71
1535493868 24.72
1535493928 24.70
1535493988 24.73
1535494050 24.67
1535494110 24.74
1535494172 24.74
1535494233 24.71
1535494293 24.73
1535494353 24.71
1535494415 24.72
1535494475 24.68
1535494537 24.69
1535494598 24.71
1535494658 24.72
1535494718 24.72
1535494778 24.71
1535494838 24.73
1535494900 24.72
1535494960 24.69
1535495021 24.71
1535495081 24.73
1535495142 24.71
1535495204 24.71
1535495264 24.68
1535495326 24.72
1535495388 24.72
1535495448 24.72
1535495508 24.70
1535495568 24.72
1535495628 24.73
1535495689 24.72
1535495749 24.71
1535495809 24.69
1535495869 24.70
1535495930 24.66
1535495990 24.72
1535496051 24.68
1535496111 24.73
1535496173 24.71
1535496233 24.72
1535496293 24.74
1535496355 24.71
1535496415 24.70
1535496477 24.72
1535496538 24.71
1535496598 24.71
1535496658 24.73
1535496718 24.69
1535496778 24.73
1535496839 24.71
1535496899 24.73
1535496959 24.73
1535497021 24.70
1535497083 24.70
1535497143 24.71
1535497204 24.73
1535497264 24.72
1535497324 24.73
1535497386 24.72
1535497448 24.78
1535497509 24.73
1535497569 24.74
1535497629 24.71
1535497690 24.70
1535497750 24.74
1535497810 24.71
1535497872 24.72
1535497934 24.69
1535497994 24.71
1535498056 24.67
1535498117 24.72
1535498179 24.70
1535498239 24.75
1535498299 24.71
1535498361 24.74
1535498421 24.71
1535498482 24.74
1535498542 24.71
1535498602 24.72
1535498662 24.71
1535498722 24.73
1535498783 24.72
1535498843 24.71
1535498905 24.72
1535498965 24.71
1535499025 24.71
1535499085 24.69
1535499147 24.72
1535499208 24.73
1535499269 24.73
1535499331 24.70
1535499393 24.68
1535499453 24.73
1535499514 24.71
1535499574 24.71
1535499634 24.71
1535499694 24.72
1535499755 24.72
1535499816 24.69
1535499876 24.72
1535499938 24.69
1535499998 24.71
1535500059 24.69
1535500119 24.72
1535500179 24.72
1535500241 24.72
1535500303 24.75
1535500363 24.72
1535500423 24.72
1535500485 24.74
1535500547 24.71
1535500609 24.74
1535500670 24.70
1535500732 24.67
1535500792 24.71
1535500852 24.69
1535500913 24.72
1535500973 24.72
1535501035 24.73
1535501095 24.73
1535501155 24.73
1535501215 24.76
1535501275 24.71
1535501336 24.72
1535501398 24.73
1535501458 24.72
1535501520 24.71
1535501582 24.71
1535501642 24.72
1535501704 24.73
1535501766 24.72
1535501826 24.72
1535501887 24.72
1535501947 24.72
1535502007 24.77
1535502069 24.69
1535502129 24.73
1535502189 24.70
1535502249 24.73
1535502311 24.75
1535502371 24.73
1535502431 24.72
1535502494 24.74
1535502554 24.73
1535502615 24.74
1535502676 24.73
1535502736 24.73
1535502796 24.73
1535502856 24.74
1535502916 24.73
1535502978 24.72
1535503040 24.71
1535503100 24.72
1535503161 24.69
1535503221 24.75
1535503281 24.74
1535503343 24.71
1535503405 24.74
1535503465 24.73
1535503525 24.73
1535503587 24.74
1535503648 24.73
1535503708 24.70
1535503768 24.74
1535503828 24.73
1535503890 24.76
1535503950 24.73
1535504011 24.76
1535504071 24.76
1535504131 24.72
1535504191 24.73
1535504251 24.72
1535504312 24.70
1535504372 24.71
1535504432 24.75
1535504494 24.75
1535504554 24.72
1535504615 24.73
1535504675 24.73
1535504735 24.72
1535504795 24.73
1535504855 24.75
1535504916 24.73
1535504977 24.74
1535505038 24.76
1535505098 24.75
1535505160 24.73
1535505220 24.73
1535505280 24.75
1535505341 24.72
1535505401 24.75
1535505463 24.75
1535505523 24.76
1535505583 24.73
1535505643 24.73
1535505705 24.72
1535505766 24.73
1535505826 24.72
1535505886 24.75
1535505947 24.75
1535506007 24.73
1535506069 24.75
1535506129 24.73
1535506191 24.76
1535506251 24.75
1535506313 24.75
1535506375 24.75
1535506435 24.73
1535506495 24.73
1535506555 24.73
1535506616 24.75
1535506676 24.73
1535506736 24.75
1535506796 24.74
1535506858 24.74
1535506918 24.72
1535506978 24.73
1535507039 24.74
1535507099 24.77
1535507159 24.75
1535507221 24.73
1535507281 24.73
1535507342 24.70
1535507402 24.74
1535507464 24.75
1535507524 24.78
1535507586 24.75
1535507646 24.73
1535507706 24.74
1535507768 24.73
1535507830 24.77
1535507891 24.76
1535507951 24.74
1535508011 24.75
1535508071 24.77
1535508131 24.75
1535508193 24.75
1535508253 24.74
1535508314 24.75
1535508374 24.76
1535508434 24.74
1535508494 24.77
1535508556 24.73
1535508618 24.73
1535508680 24.71
1535508740 24.73
1535508801 24.76
1535508861 24.72
1535508921 24.78
1535508983 24.73
1535509043 24.76
1535509105 24.76
1535509165 24.73
1535509225 24.78
1535509286 24.75
1535509346 24.79
1535509406 24.78
1535509466 24.76
1535509526 24.74
1535509587 24.75
1535509647 24.76
1535509707 24.74
1535509767 24.73
1535509827 24.73
1535509888 24.76
1535509948 24.76
1535510008 24.75
1535510068 24.79
1535510128 24.76
1535510189 24.75
1535510251 24.78
1535510311 24.73
1535510371 24.75
1535510433 24.75
1535510493 24.73
1535510553 24.77
1535510615 24.76
1535510677 24.76
1535510737 24.78
1535510798 24.79
1535510858 24.78
1535510918 24.76
1535510979 24.78
1535511039 24.78
1535511099 24.76
1535511159 24.77
1535511220 24.75
1535511282 24.78
1535511344 24.76
1535511406 24.79
1535511468 24.74
1535511528 24.77
1535511590 24.78
1535511652 24.75
1535511712 24.79
1535511774 24.78
1535511836 24.79
1535511896 24.81
1535511957 24.77
1535512017 24.76
1535512077 24.74
1535512138 24.78
1535512199 24.79
1535512260 24.77
1535512320 24.76
1535512380 24.78
1535512440 24.80
1535512503 24.80
1535512563 24.79
1535512624 24.78
1535512685 24.77
1535512745 24.80
1535512806 24.81
1535512866 24.79
1535512927 24.78
1535512987 24.72
1535513047 24.79
1535513109 24.73
1535513171 24.79
1535513231 24.77
1535513292 24.78
1535513352 24.79
1535513412 24.80
1535513473 24.77
1535513534 24.76
1535513596 24.77
1535513656 24.76
1535513718 24.79
1535513779 24.79
1535513839 24.78
1535513899 24.78
1535513960 24.76
1535514020 24.76
1535514081 24.79
1535514141 24.80
1535514203 24.78
1535514263 24.80
1535514323 24.80
1535514383 24.83
1535514443 24.79
1535514504 24.77
1535514564 24.81
1535514625 24.79
1535514685 24.81
1535514745 24.77
1535514806 24.76
1535514866 24.78
1535514926 24.79
1535514986 24.77
1535515048 24.75
1535515108 24.77
1535515168 24.76
1535515229 24.78
1535515289 24.76
1535515349 24.79
1535515411 24.74
1535515472 24.80
1535515532 24.76
1535515592 24.79
1535515654 24.79
1535515715 24.78
1535515775 24.79
1535515837 24.79
1535515897 24.77
1535515958 24.78
1535516018 24.83
1535516078 24.77
1535516138 24.78
1535516199 24.76
1535516260 24.75
1535516322 24.81
1535516384 24.79
1535516444 24.83
1535516504 24.76
1535516566 24.77
1535516627 24.80
1535516689 24.80
1535516749 24.77
1535516809 24.77
1535516869 24.73
1535516929 24.78
1535516989 24.78
1535517051 24.77
1535517113 24.77
1535517173 24.79
1535517233 24.80
1535517294 24.77
1535517354 24.81
1535517416 24.79
1535517476 24.77
1535517537 24.77
1535517597 24.79
1535517657 24.81
1535517718 24.76
1535517778 24.78
1535517838 24.75
1535517900 24.79
1535517960 24.79
1535518020 24.77
1535518082 24.80
1535518142 24.79
1535518204 24.79
1535518266 24.77
1535518326 24.77
1535518387 24.79
1535518448 24.80
1535518509 24.80
1535518569 24.79
1535518631 24.77
1535518691 24.79
1535518752 24.80
1535518812 24.78
1535518874 24.79
1535518934 24.83
1535518994 24.77
1535519055 24.77
1535519117 24.79
1535519177 24.80
1535519237 24.83
1535519298 24.81
1535519358 24.79
1535519419 24.84
1535519479 24.79
1535519539 24.81
1535519600 24.81
1535519660 24.82
1535519720 24.85
1535519782 24.77
1535519842 24.83
1535519902 24.82
1535519964 24.79
1535520025 24.80
1535520087 24.83
1535520147 24.83
1535520207 24.81
1535520269 24.85
1535520331 24.81
1535520391 24.79
1535520451 24.79
1535520511 24.83
1535520571 24.79
1535520633 24.78
1535520693 24.78
1535520756 24.80
1535520816 24.81
1535520876 24.81
1535520936 24.81
1535520997 24.82
1535521057 24.82
1535521117 24.78
1535521179 24.82
1535521239 24.80
1535521301 24.80
1535521363 24.84
1535521423 24.86
1535521483 24.86
1535521543 24.84
1535521604 24.83
1535521666 24.82
1535521726 24.83
1535521788 24.81
1535521849 24.79
1535521909 24.87
1535521971 24.83
1535522031 24.83
1535522091 24.81
1535522152 24.82
1535522212 24.81
1535522272 24.84
1535522333 24.83
1535522393 24.83
1535522453 24.86
1535522513 24.83
1535522574 24.83
1535522634 24.80
1535522694 24.83
1535522754 24.85
1535522815 24.84
1535522875 24.85
1535522935 24.86
1535522995 24.77
1535523056 24.79
1535523116 24.82
1535523178 24.79
1535523240 24.85
1535523302 24.87
1535523362 24.84
1535523424 24.86
1535523484 24.83
1535523544 24.85
1535523604 24.81
1535523666 24.84
1535523727 24.86
1535523787 24.80
1535523847 24.83
1535523907 24.87
1535523968 24.84
1535524028 24.83
1535524090 24.83
1535524150 24.83
1535524212 24.89
1535524272 24.88
1535524332 24.85
1535524393 24.83
1535524453 24.77
1535524513 24.83
1535524574 24.82
1535524634 24.82
1535524694 24.88
1535524756 24.84
1535524816 24.85
1535524877 24.85
1535524937 24.85
1535524997 24.84
1535525058 24.84
1535525118 24.82
1535525178 24.88
1535525238 24.84
1535525298 24.85
1535525359 24.83
1535525419 24.85
1535525479 24.86
1535525541 24.89
1535525601 24.80
1535525661 24.83
1535525721 24.88
1535525782 24.83
1535525843 24.87
1535525903 24.85
1535525963 24.88
1535526025 24.89
1535526085 24.90
1535526146 24.84
1535526206 24.85
1535526266 24.87
1535526328 24.91
1535526388 24.85
1535526449 24.85
1535526510 24.91
1535526570 24.85
1535526632 24.88
1535526694 24.88
1535526756 24.92
1535526818 24.89
1535526881 24.90
1535526941 24.83
1535527001 24.83
1535527061 24.88
1535527124 24.83
1535527184 24.83
1535527245 24.79
1535527308 24.85
1535527369 24.83
1535527430 24.85
1535527492 24.84
1535527552 24.78
1535527614 24.87
1535527674 24.81
1535527734 24.78
1535527795 24.79
1535527855 24.83
1535527917 24.90
1535527977 24.92
1535528037 24.89
1535528099 24.94
1535528159 24.86
1535528220 24.92
1535528280 24.90
1535528340 24.92
1535528402 24.87
1535528462 24.92
1535528523 24.92
1535528585 24.96
1535528645 24.97
1535528705 24.95
1535528767 24.88
1535528827 24.91
1535528887 24.90
1535528947 24.89
1535529007 24.88
1535529067 24.88
1535529127 24.87
1535529188 24.87
1535529248 24.83
1535529308 24.85
1535529369 24.89
1535529429 24.91
1535529489 24.87
1535529550 25.00
1535529612 25.03
1535529672 25.06
1535529732 25.02
1535529793 25.07
1535529853 25.02
1535529915 25.03
1535529975 25.01
1535530035 25.07
1535530095 25.10
1535530157 25.09
1535530218 25.04
1535530280 25.07
1535530340 25.10
1535530400 25.09
1535530461 25.07
1535530521 24.99
1535530581 25.11
1535530642 25.12
1535530702 25.20
1535530762 25.23
1535530822 25.13
1535530882 25.17
1535530943 25.21
1535531004 25.36
1535531065 25.36
1535531127 25.25
1535531189 25.19
1535531249 25.32
1535531309 25.21
1535531371 25.25
1535531431 25.35
1535531493 25.33
1535531553 25.28
1535531613 25.38
1535531674 25.29
1535531735 25.35
1535531796 25.24
1535531858 25.19
1535531918 25.35
1535531979 25.24
1535532040 25.25
1535532101 25.32
1535532161 25.23
1535532221 25.39
1535532281 25.43
1535532341 25.32
1535532401 25.25
1535532462 25.40
1535532522 25.42
1535532584 25.27
1535532644 25.26
1535532705 25.37
1535532765 25.28
1535532825 25.32
1535532887 25.36
1535532947 25.40
1535533007 25.35
1535533067 25.38
1535533127 25.46
1535533188 25.30
1535533248 25.25
1535533309 25.46
1535533370 25.50
1535533430 25.40
1535533491 25.50
1535533551 25.38
1535533612 25.35
1535533672 25.44
1535533732 25.48
1535533793 25.47
1535533853 25.48
1535533915 25.56
1535533975 25.60
1535534035 25.59
1535534096 25.48
1535534156 25.41
1535534216 25.47
1535534278 25.48
1535534338 25.50
1535534398 25.43
1535534460 25.38
1535534522 25.35
1535534582 25.25
1535534643 25.24
1535534703 25.24
1535534763 25.24
1535534825 25.22
1535534885 25.12
1535534946 25.09
1535535008 25.06
1535535068 25.04
1535535128 25.04
1535535190 25.01
1535535252 25.00
1535535312 25.02
1535535372 25.02
1535535434 25.02
1535535494 25.00
1535535555 25.02
1535535615 25.00
1535535675 25.03
1535535735 25.01
1535535796 25.00
1535535856 24.99
1535535918 24.98
1535535979 24.98
1535536039 24.98
1535536101 24.97
1535536163 24.99
1535536223 24.98
1535536285 24.99
1535536345 24.98
1535536407 24.96
1535536467 25.00
1535536529 25.00
1535536589 24.95
1535536650 24.98
1535536710 24.99
1535536772 24.97
1535536833 24.99
1535536893 24.99
1535536953 24.99
1535537013 25.01
1535537074 25.02
1535537134 25.00
1535537194 24.99
1535537254 24.99
1535537314 24.98
1535537374 24.99
1535537435 24.99
1535537495 24.99
1535537556 24.97
1535537616 24.99
1535537678 24.99
1535537739 25.00
1535537799 24.99
1535537860 24.98
1535537920 24.97
1535537982 24.98
1535538042 24.99
1535538102 24.99
1535538162 24.99
1535538223 24.97
1535538285 24.99
1535538345 24.98
1535538405 24.99
1535538465 24.99
1535538527 24.98
1535538588 25.00
1535538648 25.00
1535538708 25.01
1535538768 25.00
1535538830 25.02
1535538891 25.01
1535538953 25.01
1535539013 25.01
1535539073 25.00
1535539133 25.03
1535539193 25.04
1535539253 24.99
1535539314 24.94
1535539376 24.99
1535539436 24.97
1535539496 24.95
1535539557 24.97
1535539617 24.97
1535539677 25.00
1535539739 24.92
1535539799 24.99
1535539860 24.87
1535539920 24.77
1535539980 24.75
1535540042 24.73
1535540104 24.70
1535540164 24.69
1535540224 24.68
1535540286 24.73
1535540347 24.67
1535540407 24.66
1535540467 24.63
1535540527 24.60
1535540587 24.60
1535540649 24.60
1535540711 24.51
1535540771 24.54
1535540831 24.49
1535540892 24.46
1535540952 24.56
1535541012 24.92
1535541072 25.25
1535541132 24.96
1535541192 25.03
1535541253 25.27
1535541313 25.13
1535541375 25.02
1535541435 25.27
1535541496 25.56
1535541556 25.47
1535541616 25.48
1535541678 25.59
1535541739 25.59
1535541801 25.41
1535541861 25.58
1535541921 25.72
1535541982 25.55
1535542044 25.82
1535542106 25.85
1535542166 25.85
1535542226 25.54
1535542289 25.66
1535542353 25.74
1535542414 25.77
1535542474 25.55
1535542534 25.60
1535542596 25.48
1535542658 25.72
1535542719 25.83
1535542779 25.76
1535542839 25.56
1535542900 25.91
1535542960 25.74
1535543021 25.69
1535543081 25.84
1535543143 25.65
1535543203 25.84
1535543265 25.86
1535543327 25.75
1535543388 25.61
1535543448 25.98
1535543510 26.07
1535543570 26.05
1535543631 26.02
1535543691 26.04
1535543752 25.98
1535543813 26.16
1535543874 25.96
1535543936 26.10
1535543996 25.90
1535544056 26.01
1535544117 25.94
1535544178 25.86
1535544238 25.96
1535544298 25.97
1535544358 26.07
1535544419 25.97
1535544479 26.07
1535544539 26.01
1535544602 25.95
1535544662 25.97
1535544722 25.79
1535544784 25.80
1535544844 25.62
1535544904 25.55
1535544964 25.50
1535545026 25.46
1535545088 25.44
1535545149 25.38
1535545209 25.30
1535545269 25.29
1535545330 25.27
1535545390 25.25
1535545450 25.23
1535545510 25.12
1535545571 25.10
1535545631 25.08
1535545693 25.03
1535545755 25.04
1535545817 24.98
1535545877 25.00
1535545938 24.93
1535545998 24.80
1535546058 24.88
1535546118 24.83
1535546180 24.83
1535546242 24.70
1535546302 24.65
1535546362 24.70
1535546423 24.60
1535546483 24.53
1535546543 24.71
1535546604 24.39
1535546664 24.71
1535546724 24.55
1535546785 24.61
1535546846 24.81
1535546907 24.74
1535546967 24.84
1535547027 24.92
1535547089 24.42
1535547151 24.73
1535547211 24.93
1535547273 24.83
1535547333 24.77
1535547394 24.74
1535547456 24.60
1535547518 24.52
1535547578 24.57
1535547640 24.45
1535547701 24.34
1535547762 24.46
1535547824 24.88
1535547884 24.63
1535547946 24.65
1535548006 24.59
1535548066 24.49
1535548129 24.45
1535548189 24.39
1535548249 24.68
1535548309 24.57
1535548369 24.52
1535548431 24.55
1535548492 24.27
1535548552 24.53
1535548612 23.34
1535548674 24.02
1535548736 24.31
1535548796 24.06
1535548856 24.37
1535548917 23.86
1535548977 23.69
1535549037 23.96
1535549097 24.36
1535549157 24.29
1535549218 23.95
1535549278 24.02
1535549340 24.10
1535549400 24.16
1535549460 24.02
1535549521 24.04
1535549581 24.05
1535549641 23.99
1535549701 24.08
1535549763 23.42
1535549824 23.91
1535549884 23.93
1535549944 23.11
1535550004 23.91
1535550065 23.75
1535550127 23.82
1535550187 23.54
1535550247 23.90
1535550308 23.91
1535550368 23.60
1535550428 23.69
1535550488 23.49
1535550548 23.42
1535550609 23.81
1535550671 23.94
1535550731 23.82
1535550791 23.82
1535550852 23.83
1535550913 23.94
1535550974 23.71
1535551034 23.97
1535551096 23.90
1535551156 24.11
1535551217 23.93
1535551277 23.84
1535551337 24.11
1535551397 23.73
1535551459 24.22
1535551519 24.15
1535551580 23.97
1535551640 24.43
1535551700 24.45
1535551762 24.44
1535551822 24.29
1535551882 24.47
1535551944 24.35
1535552004 24.50
1535552064 24.46
1535552125 24.57
1535552185 24.50
1535552246 24.56
1535552306 24.55
1535552366 24.56
1535552426 24.49
1535552487 24.50
1535552549 24.69
1535552609 24.70
1535552671 24.60
1535552733 24.64
1535552793 24.57
1535552854 24.67
1535552914 24.73
1535552974 24.73
1535553034 24.66
1535553095 24.73
1535553155 24.73
1535553215 24.82
1535553275 24.82
1535553335 24.86
1535553397 24.93
1535553457 24.89
1535553518 24.82
1535553578 24.82
1535553638 24.72
1535553699 24.90
1535553759 24.94
1535553819 24.92
1535553879 24.90
1535553939 24.93
1535554000 24.94
1535554060 24.97
1535554120 24.91
1535554181 24.97
1535554241 24.98
1535554301 24.97
1535554361 24.96
1535554422 24.74
1535554482 24.74
1535554542 24.59
1535554602 24.53
1535554663 24.46
1535554723 24.45
1535554783 24.40
1535554845 24.36
1535554905 24.41
1535554967 24.26
1535555027 24.11
1535555088 24.27
1535555148 24.01
1535555210 24.04
1535555270 23.98
1535555332 24.16
1535555394 24.22
1535555454 24.24
1535555514 24.24
1535555576 23.96
1535555636 24.16
1535555696 24.21
1535555757 23.93
1535555817 24.05
1535555877 23.96
1535555937 23.59
1535555998 23.97
1535556058 24.00
1535556118 24.01
1535556179 24.01
1535556241 24.10
1535556303 23.99
1535556363 24.01
1535556423 23.87
1535556484 23.56
1535556544 23.85
1535556606 23.74
1535556666 23.79
1535556728 23.83
1535556790 23.79
1535556850 23.76
1535556910 23.76
1535556970 23.51
1535557031 23.77
1535557091 23.52
1535557151 23.55
1535557213 23.73
1535557274 23.65
1535557334 23.62
1535557396 23.62
1535557456 23.60
1535557518 23.65
1535557580 23.50
1535557642 23.56
1535557704 23.50
1535557764 23.48
1535557825 23.46
1535557885 23.34
1535557947 23.49
1535558007 23.51
1535558069 23.48
1535558130 23.52
1535558190 23.47
1535558250 23.44
1535558311 23.52
1535558371 23.39
1535558431 23.44
1535558494 23.44
1535558554 23.49
1535558614 23.39
1535558674 23.45
1535558736 23.46
1535558798 23.50
1535558859 23.43
1535558919 23.47
1535558980 23.50
1535559040 23.49
1535559100 23.35
1535559161 23.48
1535559221 23.34
1535559281 23.34
1535559341 23.36
1535559402 23.40
1535559464 23.27
1535559525 23.24
1535559585 23.30
1535559646 23.44
1535559706 23.36
1535559766 23.40
1535559828 23.38
1535559889 23.41
1535559951 23.43
1535560012 23.26
1535560072 23.37
1535560133 23.35
1535560193 23.35
1535560254 23.33
1535560314 23.37
1535560374 23.25
1535560434 23.24
1535560494 23.24
1535560555 23.19
1535560615 23.22
1535560677 23.23
1535560737 23.01
1535560797 23.27
1535560859 23.25
1535560919 23.04
1535560981 23.19
1535561041 23.15
1535561101 23.15
1535561162 23.14
1535561222 22.98
1535561283 23.23
1535561343 23.29
1535561403 23.17
1535561463 23.07
1535561523 23.13
1535561583 23.04
1535561644 23.15
1535561704 23.06
1535561765 23.03
1535561825 23.04
1535561887 22.94
1535561947 23.08
1535562008 23.15
1535562068 23.14
1535562130 23.04
1535562192 22.99
1535562254 23.17
1535562316 23.08
1535562377 23.01
1535562440 23.03
1535562500 23.15
1535562562 23.20
1535562622 23.15
1535562682 23.07
1535562743 23.03
1535562803 23.00
1535562863 23.00
1535562923 23.08
1535562983 22.97
1535563045 23.18
1535563106 23.02
1535563166 23.12
1535563227 23.07
1535563287 23.07
1535563349 23.03
1535563411 23.01
1535563471 23.03
1535563531 23.07
1535563593 23.06
1535563653 23.01
1535563715 22.98
1535563777 23.04
1535563839 23.13
1535563900 23.01
1535563960 22.99
1535564022 23.07
1535564082 23.04
1535564143 23.00
1535564202 23.03
1535564263 22.99
1535564324 22.96
1535564384 23.05
1535564445 23.02
1535564507 23.05
1535564569 23.04
1535564630 22.94
1535564692 23.01
1535564752 22.91
1535564812 22.97
1535564873 23.04
1535564933 22.97
1535564993 22.92
1535565053 22.71
1535565114 22.97
1535565174 22.58
1535565236 23.03
1535565298 22.99
1535565358 22.97
1535565418 22.98
1535565478 23.01
1535565539 22.98
1535565599 22.94
1535565660 22.97
1535565720 22.99
1535565780 23.00
1535565840 22.88
1535565901 22.98
1535565963 22.96
1535566023 22.93
1535566085 23.00
1535566145 22.97
1535566206 22.81
1535566266 22.97
1535566326 22.88
1535566386 22.84
1535566448 22.90
1535566508 22.92
1535566568 22.44
1535566629 22.77
1535566689 22.88
1535566749 22.96
1535566810 22.95
1535566870 22.91
1535566932 22.93
1535566992 22.86
1535567053 22.95
1535567113 22.91
1535567174 22.84
1535567234 22.76
1535567295 22.84
1535567355 22.89
1535567415 22.75
1535567475 22.79
1535567535 22.93
1535567596 22.90
1535567656 22.58
1535567718 22.92
1535567780 22.86
1535567840 22.86
1535567900 22.78
1535567960 22.80
1535568022 22.62
1535568082 22.87
1535568144 22.81
1535568204 22.60
1535568264 22.96
1535568326 22.90
1535568387 22.82
1535568448 22.88
1535568508 22.77
1535568570 22.96
1535568632 22.89
1535568692 22.50
1535568753 22.86
1535568813 22.80
1535568873 22.85
1535568933 22.72
1535568995 22.73
1535569055 22.63
1535569118 22.87
1535569178 22.79
1535569238 22.71
1535569298 22.72
1535569358 22.56
1535569419 22.78
1535569479 22.77
1535569541 22.76
1535569603 22.69
1535569663 22.74
1535569723 22.78
1535569783 22.67
1535569845 22.69
1535569905 22.74
1535569966 22.86
1535570026 22.66
1535570088 22.72
1535570148 22.67
1535570208 22.69
1535570268 22.61
1535570329 22.33
1535570389 22.43
1535570449 22.48
1535570511 22.53
1535570573 22.68
1535570633 22.65
1535570694 22.72
1535570754 22.61
1535570814 22.50
1535570876 22.39
1535570938 22.52
1535570998 22.48
1535571058 22.69
1535571119 22.20
1535571181 22.51
1535571241 22.67
1535571301 22.49
1535571363 22.71
1535571423 22.49
1535571483 22.53
1535571543 22.49
1535571604 22.64
1535571665 22.62
1535571726 22.58
1535571786 22.71
1535571848 22.67
1535571908 22.71
1535571969 22.52
1535572031 22.62
1535572091 22.63
1535572151 22.64
1535572211 22.52
1535572273 22.33
1535572333 22.61
1535572393 22.32
1535572454 22.33
1535572514 22.52
1535572574 22.48
1535572634 22.55
1535572694 22.25
1535572754 21.88
1535572814 22.46
1535572875 22.19
1535572935 22.48
1535572996 22.01
1535573057 22.47
1535573117 22.50
1535573177 22.38
1535573237 22.48
1535573298 22.32
1535573358 22.51
1535573420 22.50
1535573480 22.39
1535573541 22.55
1535573603 22.53
1535573663 22.53
1535573723 22.51
1535573785 22.40
1535573845 22.54
1535573907 22.48
1535573967 22.45
1535574027 22.50
1535574087 22.21
1535574147 22.50
1535574207 22.55
1535574268 22.53
1535574328 22.51
1535574388 22.32
1535574448 22.26
1535574509 22.62
1535574569 22.51
1535574629 22.42
1535574690 22.52
1535574750 22.56
1535574810 22.46
1535574870 22.50
1535574931 22.49
1535574991 22.46
1535575051 22.45
1535575113 22.51
1535575175 22.06
1535575237 22.38
1535575297 22.30
1535575359 22.43
1535575419 22.02
1535575479 22.30
1535575540 22.29
1535575600 22.18
1535575662 22.42
1535575722 22.39
1535575783 22.34
1535575843 22.49
1535575904 21.93
1535575964 22.45
1535576024 22.49
1535576084 22.00
1535576146 22.48
1535576207 22.42
1535576267 22.48
1535576329 22.48
1535576391 22.30
1535576453 22.42
1535576513 22.45
1535576575 22.49
1535576635 22.46
1535576696 22.38
1535576756 22.32
1535576818 22.36
1535576878 22.43
1535576939 22.21
1535576999 22.26
1535577060 22.40
1535577122 22.19
1535577182 22.43
1535577244 22.44
1535577304 22.43
1535577365 22.45
1535577425 22.37
1535577485 22.32
1535577545 22.36
1535577606 22.30
1535577667 22.48
1535577729 22.26
1535577789 22.40
1535577849 22.32
1535577911 22.24
1535577971 22.24
1535578034 22.32
1535578094 22.29
1535578154 22.28
1535578215 22.35
1535578275 22.33
1535578335 22.03
1535578396 22.35
1535578456 22.31
1535578516 22.39
1535578578 21.87
1535578639 22.12
1535578700 22.39
1535578762 22.36
1535578824 22.00
1535578886 22.40
1535578946 21.97
1535579007 22.03
1535579068 22.25
1535579130 22.18
1535579191 22.34
1535579251 22.01
1535579312 22.16
1535579372 22.34
1535579432 22.32
1535579492 22.26
1535579552 22.14
1535579612 22.32
1535579674 21.66
1535579736 22.03
1535579797 22.12
1535579858 22.26
1535579920 22.27
1535579980 22.20
1535580042 22.11
1535580104 21.99
1535580165 21.99
1535580225 21.83
1535580287 21.58
1535580349 22.26
1535580410 22.21
1535580470 22.26
1535580532 22.28
1535580592 22.25
1535580652 22.23
1535580714 22.33
1535580775 22.21
1535580837 21.98
1535580897 22.26
1535580958 22.23
1535581019 22.15
1535581079 22.00
1535581140 22.25
1535581202 22.27
1535581262 22.25
1535581322 22.20
1535581384 22.24
1535581444 22.02
1535581504 21.83
1535581565 21.80
1535581627 21.66
1535581687 22.09
1535581749 21.94
1535581809 22.06
1535581869 21.92
1535581929 22.01
1535581990 21.78
1535582050 22.09
1535582110 21.68
1535582170 22.08
1535582230 22.16
1535582290 22.02
1535582351 22.05
1535582411 22.15
1535582471 22.20
1535582533 22.00
1535582594 22.17
1535582655 22.07
1535582715 22.03
1535582777 21.99
1535582837 21.88
1535582897 22.26
1535582958 21.96
1535583018 22.20
1535583082 22.06
1535583139 21.95
1535583201 22.15
1535583261 21.70
1535583323 21.88
1535583383 21.98
1535583444 21.94
1535583504 21.98
1535583564 21.64
1535583626 21.59
1535583686 22.14
1535583747 21.97
1535583807 22.06
1535583868 22.12
1535583928 21.92
1535583990 22.11
1535584052 21.61
1535584112 21.78
1535584172 22.09
1535584232 22.03
1535584292 21.92
1535584354 21.90
1535584415 21.99
1535584475 21.86
1535584537 21.98
1535584599 21.69
1535584659 22.05
1535584719 22.18
1535584779 21.59
1535584841 22.03
1535584903 22.16
1535584963 22.00
1535585024 21.84
1535585084 22.05
1535585144 22.06
1535585204 22.07
1535585264 22.06
1535585326 21.96
1535585386 21.98
1535585448 22.03
1535585508 21.90
1535585569 21.98
1535585631 22.09
1535585691 22.03
1535585753 21.85
1535585813 22.03
1535585873 21.36
1535585934 21.98
1535585994 22.01
1535586056 21.99
1535586116 22.11
1535586177 21.92
1535586237 22.01
1535586299 21.59
1535586359 20.84
1535586419 22.02
1535586481 21.89
1535586543 21.97
1535586603 22.01
1535586665 21.96
1535586726 21.93
1535586786 21.83
1535586846 21.83
1535586908 21.54
1535586970 21.97
1535587032 21.49
1535587092 21.63
1535587154 21.85
1535587216 21.87
1535587276 21.90
1535587338 21.82
1535587398 22.03
1535587459 21.77
1535587519 22.00
1535587579 21.98
1535587639 21.93
1535587700 21.78
1535587761 21.83
1535587822 21.78
1535587882 22.04
1535587942 21.56
1535588002 21.81
1535588062 21.72
1535588122 22.02
1535588183 21.98
1535588243 21.90
1535588303 21.82
1535588364 21.85
1535588426 21.75
1535588486 21.83
1535588548 21.93
1535588608 21.92
1535588668 21.86
1535588729 21.64
1535588789 21.93
1535588849 21.73
1535588911 21.71
1535588972 21.82
1535589032 21.90
1535589092 21.88
1535589154 21.96
1535589214 21.01
1535589275 21.77
1535589335 21.70
1535589395 21.68
1535589457 21.35
1535589518 21.92
1535589578 21.83
1535589638 21.46
1535589698 21.94
1535589759 21.92
1535589819 21.98
1535589879 21.94
1535589940 21.94
1535590000 21.94
1535590062 21.79
1535590122 21.58
1535590182 21.75
1535590244 21.64
1535590306 21.93
1535590366 21.82
1535590427 21.71
1535590487 21.77
1535590547 21.57
1535590608 21.74
1535590668 21.74
1535590730 21.62
1535590790 21.70
1535590850 21.94
1535590911 21.96
1535590973 21.80
1535591033 21.83
1535591095 21.76
1535591157 21.63
1535591219 21.80
1535591279 21.70
1535591339 21.96
1535591400 21.77
1535591460 21.69
1535591523 21.72
1535591584 21.43
1535591646 21.74
1535591708 21.81
1535591770 21.82
1535591832 21.69
1535591894 21.76
1535591957 21.82
1535592019 21.97
1535592081 21.67
1535592144 21.84
1535592206 21.78
1535592268 21.78
1535592330 21.56
1535592393 21.50
1535592455 21.53
1535592516 21.62
1535592577 21.63
1535592639 21.36
1535592701 21.79
1535592761 21.65
1535592822 21.78
1535592882 21.67
1535592943 21.57
1535593003 20.52
1535593063 21.64
1535593124 21.56
1535593184 21.53
1535593244 21.72
1535593306 21.77
1535593366 21.75
1535593428 21.73
1535593488 21.52
1535593549 21.65
1535593609 21.69
1535593669 21.68
1535593729 21.59
1535593789 21.63
1535593849 21.85
1535593910 21.54
1535593970 21.73
1535594031 21.78
1535594091 21.72
1535594152 21.71
1535594214 21.78
1535594274 21.70
1535594334 21.42
1535594395 21.66
1535594455 21.71
1535594515 21.70
1535594576 21.75
1535594636 21.48
1535594696 21.73
1535594756 21.74
1535594818 21.76
1535594879 21.62
1535594939 21.59
1535595001 21.59
1535595061 21.55
1535595121 21.54
1535595181 21.55
1535595241 21.68
1535595302 21.46
1535595362 21.27
1535595423 21.70
1535595483 21.26
1535595543 21.07
1535595604 21.49
1535595665 21.54
1535595726 21.58
1535595788 21.53
1535595848 21.43
1535595910 21.62
1535595970 21.43
1535596030 21.52
1535596091 21.06
1535596151 21.47
1535596213 21.60
1535596273 21.73
1535596333 21.75
1535596395 21.49
1535596456 21.54
1535596516 21.62
1535596576 21.58
1535596638 21.65
1535596700 21.29
1535596760 21.48
1535596820 21.69
1535596880 21.73
1535596942 21.64
1535597003 21.68
1535597063 21.49
1535597125 21.51
1535597187 21.58
1535597247 21.28
1535597307 21.59
1535597368 20.97
1535597428 21.51
1535597488 21.48
1535597548 21.65
1535597608 21.56
1535597670 21.57
1535597731 21.53
1535597791 21.51
1535597851 21.55
1535597912 21.20
1535597972 21.46
1535598032 21.26
1535598094 21.56
1535598154 21.36
1535598214 21.54
1535598274 21.13
1535598335 21.43
1535598395 21.41
1535598455 21.29
1535598515 21.21
1535598576 21.58
1535598638 21.46
1535598698 21.51
1535598758 21.69
1535598818 21.52
1535598879 21.38
1535598939 21.46
1535598999 21.45
1535599061 21.64
1535599121 21.54
1535599181 21.22
1535599241 21.35
1535599303 21.50
1535599365 21.31
1535599425 21.48
1535599485 21.07
1535599547 21.55
1535599608 21.47
1535599670 21.59
1535599731 21.52
1535599791 21.38
1535599851 21.45
1535599913 21.54
1535599973 21.23
1535600033 21.50
1535600096 20.98
1535600157 21.54
1535600218 21.22
1535600278 21.58
1535600338 21.61
1535600399 21.65
1535600459 21.47
1535600521 21.49
1535600581 21.27
1535600641 21.50
1535600702 20.22
1535600762 21.53
1535600822 21.34
1535600882 21.34
1535600943 21.32
1535601005 21.42
1535601065 21.44
1535601125 21.52
1535601187 21.29
1535601249 21.46
1535601311 21.52
1535601371 21.51
1535601433 21.46
1535601495 21.43
1535601555 20.98
1535601617 21.47
1535601677 21.50
1535601739 21.20
1535601799 21.48
1535601860 21.49
1535601920 21.58
1535601980 21.29
1535602040 21.42
1535602103 21.48
1535602163 21.40
1535602223 21.30
1535602283 21.47
1535602344 21.48
1535602404 21.49
1535602464 21.47
1535602524 21.50
1535602585 21.26
1535602645 21.23
1535602705 21.26
1535602765 21.50
1535602826 21.42
1535602886 21.51
1535602947 21.43
1535603007 21.49
1535603068 21.40
1535603130 21.43
1535603191 21.49
1535603253 21.52
1535603313 21.11
1535603373 21.38
1535603433 21.15
1535603493 21.40
1535603554 21.35
1535603614 21.48
1535603676 21.37
1535603736 21.49
1535603797 21.23
1535603857 21.22
1535603919 21.24
1535603980 21.54
1535604042 21.39
1535604102 21.40
1535604164 21.39
1535604225 21.34
1535604286 21.66
1535604346 21.46
1535604407 21.43
1535604467 21.01
1535604529 21.39
1535604589 21.49
1535604651 21.49
1535604712 21.31
1535604772 21.06
1535604834 21.46
1535604894 21.48
1535604954 21.34
1535605015 21.22
1535605077 21.62
1535605137 21.39
1535605197 21.41
1535605257 21.63
1535605319 21.51
1535605380 21.48
1535605440 21.51
1535605500 21.46
1535605560 21.26
1535605620 21.04
1535605681 21.36
1535605741 21.48
1535605801 21.41
1535605861 21.14
1535605921 21.37
1535605982 21.44
1535606042 21.19
1535606103 21.24
1535606163 21.27
1535606225 21.34
1535606285 21.51
1535606345 20.95
1535606407 21.49
1535606467 21.16
1535606527 21.36
1535606588 21.55
1535606648 21.40
1535606708 21.32
1535606769 21.29
1535606829 21.37
1535606889 21.49
1535606950 21.43
1535607012 21.24
1535607072 20.92
1535607132 21.52
1535607195 21.48
1535607255 21.48
1535607315 21.51
1535607375 21.41
1535607437 21.48
1535607497 21.32
1535607559 21.37
1535607619 21.09
1535607681 21.29
1535607741 21.08
1535607801 21.43
1535607863 21.36
1535607924 21.37
1535607984 21.34
1535608046 21.49
1535608106 21.43
1535608167 20.32
1535608229 21.46
1535608289 21.30
1535608349 21.31
1535608409 21.30
1535608469 21.25
1535608529 21.21
1535608591 21.25
1535608653 21.36
1535608715 21.46
1535608775 21.17
1535608837 21.27
1535608899 21.22
1535608959 21.09
1535609020 21.41
1535609080 21.37
1535609140 21.06
1535609202 21.01
1535609263 21.34
1535609323 20.95
1535609383 21.51
1535609445 21.29
1535609505 21.29
1535609565 21.44
1535609627 21.01
1535609688 21.33
1535609748 20.90
1535609808 21.48
1535609870 21.47
1535609930 21.44
1535609991 21.46
1535610053 21.48
1535610113 21.34
1535610173 21.45
1535610235 21.26
1535610295 21.34
1535610357 21.51
1535610418 21.39
1535610478 21.49
1535610538 21.26
1535610599 21.18
1535610661 21.01
1535610723 21.39
1535610785 20.87
1535610847 21.47
1535610909 21.31
1535610972 21.25
1535611034 21.26
1535611095 21.29
1535611157 21.01
1535611217 21.32
1535611280 21.13
1535611342 21.31
1535611404 21.13
1535611464 21.21
1535611526 21.11
1535611589 21.37
1535611651 21.40
1535611713 21.35
1535611775 20.99
1535611838 21.16
1535611900 21.44
1535611960 21.42
1535612020 21.23
1535612081 21.40
1535612142 21.40
1535612202 21.62
1535612262 21.41
1535612323 20.84
1535612383 21.50
1535612443 21.43
1535612503 21.51
1535612563 21.31
1535612623 21.28
1535612683 21.42
1535612744 21.43
1535612804 21.47
1535612864 21.39
1535612925 21.36
1535612986 21.44
1535613047 21.25
1535613108 21.16
1535613168 21.52
1535613228 21.31
1535613290 21.24
1535613352 21.30
1535613412 21.32
1535613472 21.12
1535613532 21.41
1535613593 21.13
1535613655 21.12
1535613715 20.96
1535613776 21.40
1535613836 21.30
1535613898 21.03
1535613958 20.44
1535614019 21.03
1535614079 21.50
1535614139 21.24
1535614199 21.00
1535614259 21.09
1535614319 21.31
1535614380 21.27
1535614440 21.38
1535614502 21.19
1535614562 21.07
1535614622 21.21
1535614682 21.26
1535614743 21.08
1535614803 20.84
1535614863 21.37
1535614924 21.22
1535614984 20.81
1535615046 20.86
1535615106 21.26
1535615168 21.00
1535615228 21.34
1535615288 21.19
1535615350 21.06
1535615412 21.19
1535615472 21.40
1535615534 21.13
1535615594 21.02
1535615655 21.25
1535615717 21.22
1535615777 21.44
1535615837 21.51
1535615897 21.02
1535615957 21.34
1535616019 21.24
1535616079 21.20
1535616139 21.43
1535616199 21.37
1535616261 21.22
1535616321 21.30
1535616382 21.17
1535616442 21.00
1535616502 20.62
1535616564 21.24
1535616625 21.41
1535616685 21.31
1535616745 21.22
1535616805 21.20
1535616867 21.34
1535616927 21.24
1535616988 21.29
1535617048 21.27
1535617108 21.06
1535617168 21.00
1535617229 21.29
1535617289 21.07
1535617349 21.16
1535617409 21.14
1535617469 21.20
1535617530 21.04
1535617590 21.04
1535617650 21.01
1535617711 21.05
1535617771 21.10
1535617831 21.24
1535617891 21.03
1535617953 21.47
1535618013 21.41
1535618075 21.31
1535618137 21.20
1535618197 21.06
1535618258 20.89
1535618318 21.06
1535618378 21.31
1535618438 20.99
1535618499 21.09
1535618561 21.16
1535618621 21.20
1535618681 21.00
1535618741 21.00
1535618803 21.17
1535618865 21.25
1535618925 21.24
1535618987 21.05
1535619049 21.21
1535619111 21.05
1535619171 21.26
1535619231 21.19
1535619293 21.05
1535619355 21.09
1535619415 21.27
1535619477 21.10
1535619537 21.01
1535619599 21.03
1535619660 20.79
1535619720 21.24
1535619780 21.17
1535619842 20.99
1535619903 21.28
1535619963 21.29
1535620023 21.34
1535620083 21.34
1535620144 21.25
1535620204 21.06
1535620264 21.24
1535620324 21.08
1535620385 21.23
1535620446 21.33
1535620506 21.23
1535620566 21.25
1535620626 21.20
1535620688 21.04
1535620748 21.31
1535620810 21.12
1535620871 21.33
1535620931 21.03
1535620991 20.77
1535621051 21.19
1535621111 21.13
1535621172 21.06
1535621232 21.22
1535621292 21.24
1535621352 21.05
1535621412 21.03
1535621472 21.35
1535621533 21.01
1535621593 21.19
1535621653 21.31
1535621713 21.27
1535621775 21.14
1535621835 21.32
1535621896 21.05
1535621956 21.11
1535622016 21.17
1535622076 21.09
1535622137 21.24
1535622197 21.34
1535622257 20.98
1535622318 21.26
1535622378 21.08
1535622438 21.40
1535622498 21.20
1535622560 21.09
1535622620 21.24
1535622681 21.33
1535622741 21.27
1535622803 21.21
1535622863 20.80
1535622926 21.16
1535622986 21.40
1535623046 21.36
1535623108 21.12
1535623168 21.25
1535623229 21.35
1535623291 21.25
1535623351 21.23
1535623411 21.24
1535623471 21.01
1535623533 21.01
1535623593 21.22
1535623653 21.29
1535623714 21.04
1535623776 21.30
1535623836 21.03
1535623896 21.10
1535623956 21.00
1535624016 21.26
1535624078 20.77
1535624139 21.22
1535624200 21.00
1535624261 20.93
1535624321 21.34
1535624381 21.27
1535624442 20.53
1535624502 20.91
1535624562 21.16
1535624624 21.28
1535624684 21.16
1535624744 21.00
1535624805 21.31
1535624865 21.47
1535624927 21.20
1535624987 21.20
1535625049 21.26
1535625109 21.29
1535625171 20.98
1535625232 20.91
1535625293 21.04
1535625353 20.79
1535625413 21.29
1535625474 21.00
1535625535 21.15
1535625596 21.33
1535625656 21.15
1535625718 21.09
1535625778 21.27
1535625838 21.26
1535625900 21.13
1535625961 21.27
1535626021 21.29
1535626082 21.04
1535626142 21.08
1535626204 20.98
1535626264 20.96
1535626324 21.02
1535626386 21.02
1535626446 20.97
1535626506 21.22
1535626567 21.05
1535626627 20.96
1535626687 21.08
1535626748 21.15
1535626808 21.20
1535626868 20.74
1535626928 20.92
1535626989 21.00
1535627049 20.96
1535627109 21.45
1535627169 21.14
1535627230 20.95
1535627290 21.05
1535627350 20.97
1535627410 20.76
1535627471 21.03
1535627531 21.03
1535627591 20.91
1535627652 20.93
1535627712 21.09
1535627772 20.95
1535627834 20.76
1535627894 21.18
1535627955 21.04
1535628016 20.89
1535628077 20.96
1535628137 20.98
1535628197 21.13
1535628259 21.06
1535628320 21.15
1535628380 21.00
1535628441 20.99
1535628501 21.00
1535628563 20.93
1535628623 20.98
1535628683 21.00
1535628746 21.01
1535628806 21.08
1535628866 20.99
1535628926 21.21
1535628988 21.19
1535629048 21.09
1535629109 20.70
1535629169 21.19
1535629229 21.05
1535629290 21.15
1535629352 21.01
1535629414 21.13
1535629476 21.04
1535629539 20.94
1535629601 21.09
1535629663 20.98
1535629726 20.83
1535629788 20.97
1535629850 21.01
1535629912 21.10
1535629974 21.00
1535630037 20.76
1535630099 21.09
1535630161 21.15
1535630223 21.01
1535630285 20.97
1535630347 21.04
1535630409 21.01
1535630472 21.01
1535630534 21.02
1535630596 20.73
1535630658 20.27
1535630720 20.83
1535630782 21.61
1535630844 21.50
1535630906 21.01
1535630968 21.34
1535631030 21.73
1535631092 21.84
1535631155 21.83
1535631217 21.74
1535631280 21.61
1535631342 21.66
1535631404 21.82
1535631466 21.95
1535631528 21.58
1535631590 21.45
1535631652 21.81
1535631714 21.16
1535631776 21.32
1535631839 21.40
1535631901 21.77
1535631963 21.24
1535632025 21.39
1535632087 21.59
1535632150 21.34
1535632212 21.90
1535632274 21.38
1535632336 21.39
1535632398 21.26
1535632460 21.25
1535632523 21.44
1535632585 21.43
1535632647 21.01
1535632709 21.25
1535632771 21.36
1535632834 20.99
1535632896 21.33
1535632959 21.39
1535633021 20.96
1535633084 21.16
1535633146 20.90
1535633209 21.01
1535633271 21.45
1535633333 21.22
1535633397 21.07
1535633457 21.24
1535633520 21.13
1535633582 21.10
1535633644 20.89
1535633706 21.10
1535633769 21.10
1535633830 21.11
1535633892 21.01
1535633954 20.96
1535634017 21.27
1535634079 20.96
1535634141 21.13
1535634203 20.94
1535634265 21.19
1535634327 21.11
1535634390 20.99
1535634452 21.23
1535634514 21.07
1535634576 21.30
1535634639 20.89
1535634701 21.02
1535634764 21.19
1535634826 21.29
1535634888 20.90
1535634950 20.54
1535635013 21.23
1535635075 21.43
1535635137 21.07
1535635200 20.87
1535635262 21.24
1535635324 21.05
1535635386 21.32
1535635448 20.81
1535635511 21.10
1535635573 21.51
1535635635 21.35
1535635698 21.02
1535635760 21.19
1535635822 21.33
1535635884 21.04
1535635946 21.01
1535636008 21.15
1535636071 20.76
1535636133 21.30
1535636195 21.29
1535636258 21.15
1535636320 21.08
1535636382 20.47
1535636444 21.25
1535636507 21.27
1535636569 21.08
1535636631 21.25
1535636693 21.13
1535636756 21.21
1535636818 21.21
1535636880 20.75
1535636942 20.92
1535637004 21.41
1535637066 21.01
1535637128 20.97
1535637190 21.04
1535637253 21.29
1535637315 20.89
1535637377 21.05
1535637439 21.34
1535637501 21.26
1535637564 21.00
1535637626 21.31
1535637688 21.37
1535637750 21.31
1535637813 21.09
1535637875 21.06
1535637937 21.14
1535638000 20.80
1535638062 20.95
1535638124 21.10
1535638186 21.19
1535638248 21.09
1535638311 21.02
1535638373 21.15
1535638435 21.04
1535638497 21.02
1535638560 21.14
1535638622 21.14
1535638684 20.95
1535638746 21.08
1535638808 21.26
1535638870 21.00
1535638933 21.12
1535638994 21.14
1535639057 20.96
1535639119 21.10
1535639180 20.92
1535639243 21.04
1535639303 21.04
1535639365 21.01
1535639425 20.94
1535639487 20.86
1535639547 21.06
1535639607 20.73
1535639667 20.99
1535639727 20.91
1535639788 20.28
1535639848 21.02
1535639908 21.01
1535639968 20.96
1535640028 20.96
1535640088 21.04
1535640148 20.99
1535640209 21.16
1535640269 21.22
1535640329 21.01
1535640391 21.04
1535640451 20.96
1535640513 20.84
1535640573 20.89
1535640634 20.88
1535640694 20.97
1535640754 21.05
1535640815 21.08
1535640875 21.03
1535640935 20.69
1535640995 20.54
1535641056 20.69
1535641116 20.89
1535641178 20.96
1535641240 21.00
1535641300 21.00
1535641362 20.96
1535641424 20.99
1535641485 20.81
1535641545 20.90
1535641605 20.83
1535641665 20.80
1535641725 20.89
1535641786 20.93
1535641846 21.05
1535641908 21.00
1535641968 20.98
1535642028 20.82
1535642088 21.00
1535642149 20.86
1535642209 20.90
1535642271 20.85
1535642332 20.80
1535642392 21.00
1535642452 20.96
1535642512 20.97
1535642573 21.01
1535642633 20.96
1535642693 20.76
1535642754 20.65
1535642814 20.75
1535642874 20.95
1535642934 21.02
1535642994 20.83
1535643054 20.96
1535643115 21.03
1535643175 20.77
1535643237 20.95
1535643297 20.78
1535643357 20.76
1535643417 20.78
1535643479 20.99
1535643541 20.93
1535643602 20.54
1535643664 20.75
1535643726 20.78
1535643786 20.81
1535643846 20.99
1535643908 20.81
1535643968 20.93
1535644028 20.95
1535644090 20.96
1535644151 21.00
1535644211 21.02
1535644271 21.00
1535644331 20.87
1535644391 20.85
1535644451 20.72
1535644512 20.87
1535644572 20.66
1535644634 20.68
1535644694 21.01
1535644754 20.91
1535644816 20.98
1535644878 20.88
1535644938 20.75
1535645000 20.89
1535645061 20.94
1535645121 20.87
1535645182 20.85
1535645245 20.84
1535645307 20.94
1535645367 20.97
1535645429 20.77
1535645489 20.79
1535645551 20.92
1535645613 20.99
1535645673 20.83
1535645733 20.84
1535645794 20.83
1535645854 20.87
1535645914 20.60
1535645974 20.62
1535646036 20.40
1535646096 20.51
1535646158 20.67
1535646218 20.90
1535646278 20.76
1535646338 20.90
1535646400 20.49
1535646460 20.78
1535646522 20.79
1535646582 20.64
1535646642 20.75
1535646704 20.71
1535646764 20.94
1535646825 20.54
1535646887 20.61
1535646947 20.97
1535647009 20.65
1535647069 20.76
1535647129 20.95
1535647190 20.71
1535647250 20.89
1535647310 20.74
1535647370 20.38
1535647430 20.81
1535647491 20.60
1535647551 20.87
1535647611 20.75
1535647672 20.95
1535647732 20.92
1535647792 20.97
1535647852 20.94
1535647913 20.81
1535647973 20.72
1535648034 20.91
1535648094 20.74
1535648154 20.89
1535648214 20.96
1535648275 20.76
1535648336 20.77
1535648398 20.83
1535648458 20.59
1535648519 20.66
1535648579 20.83
1535648639 20.70
1535648700 20.77
1535648760 20.56
1535648820 20.53
1535648880 20.70
1535648941 20.80
1535649001 20.95
1535649063 20.01
1535649123 20.71
1535649184 20.87
1535649244 20.73
1535649304 20.80
1535649364 20.75
1535649424 20.68
1535649485 20.81
1535649545 20.65
1535649606 20.95
1535649666 20.48
1535649726 20.55
1535649786 20.66
1535649848 20.71
1535649910 20.71
1535649971 20.93
1535650031 20.55
1535650091 20.50
1535650152 20.37
1535650212 20.53
1535650272 20.53
1535650332 20.54
1535650394 20.51
1535650455 20.77
1535650515 20.76
1535650575 20.80
1535650638 20.86
1535650698 20.75
1535650758 20.85
1535650818 20.69
1535650880 20.68
1535650940 20.89
1535651001 20.77
1535651061 20.92
1535651121 20.81
1535651181 20.50
1535651243 20.69
1535651304 20.25
1535651364 20.72
1535651424 20.72
1535651486 20.87
1535651546 20.56
1535651606 20.52
1535651667 20.71
1535651728 20.66
1535651789 20.80
1535651849 20.53
1535651911 20.80
1535651971 20.44
1535652032 20.79
1535652092 20.84
1535652152 20.38
1535652212 20.50
1535652273 20.81
1535652334 20.57
1535652394 20.80
1535652455 20.63
1535652515 20.70
1535652575 20.55
1535652635 20.66
1535652696 20.69
1535652758 20.63
1535652818 20.59
1535652878 20.77
1535652938 20.61
1535652998 20.49
1535653060 20.67
1535653120 20.73
1535653181 20.93
1535653241 20.51
1535653303 20.80
1535653364 20.38
1535653425 20.64
1535653487 20.69
1535653547 20.51
1535653608 20.41
1535653668 20.64
1535653730 20.63
1535653790 20.67
1535653850 20.79
1535653912 20.57
1535653973 20.51
1535654033 20.76
1535654093 20.59
1535654153 20.60
1535654214 20.49
1535654274 20.55
1535654336 20.77
1535654398 20.64
1535654458 20.47
1535654519 20.63
1535654579 20.70
1535654639 20.54
1535654701 20.72
1535654762 20.64
1535654822 20.41
1535654884 20.75
1535654946 20.26
1535655008 20.66
1535655069 20.89
1535655131 20.59
1535655191 20.81
1535655253 20.77
1535655314 20.56
1535655374 20.42
1535655435 20.59
1535655495 20.76
1535655555 20.67
1535655617 20.67
1535655677 20.55
1535655739 20.50
1535655799 20.60
1535655859 20.57
1535655919 20.43
1535655980 20.71
1535656042 20.53
1535656102 20.60
1535656162 20.36
1535656224 20.52
1535656284 20.52
1535656344 20.57
1535656406 20.74
1535656466 20.46
1535656527 20.61
1535656587 20.46
1535656649 20.69
1535656711 20.64
1535656771 20.43
1535656831 20.68
1535656892 20.20
1535656952 20.76
1535657014 20.49
1535657076 20.73
1535657136 20.58
1535657196 20.68
1535657257 20.16
1535657316 20.52
1535657376 20.82
1535657438 20.55
1535657498 20.72
1535657560 20.33
1535657622 20.75
1535657682 20.66
1535657743 20.59
1535657803 20.73
1535657864 20.51
1535657924 20.59
1535657986 20.54
1535658046 20.69
1535658108 20.56
1535658170 20.46
1535658230 20.68
1535658291 20.38
1535658351 20.70
1535658411 20.49
1535658471 20.52
1535658532 20.62
1535658593 20.77
1535658655 20.41
1535658716 20.57
1535658778 20.60
1535658838 20.69
1535658898 20.53
1535658959 20.69
1535659019 20.87
1535659079 20.45
1535659140 20.77
1535659200 20.33
1535659261 20.45
1535659321 20.66
1535659381 20.75
1535659441 20.37
1535659503 20.48
1535659564 20.77
1535659625 20.68
1535659685 19.99
1535659746 20.49
1535659806 20.59
1535659868 20.65
1535659928 20.70
1535659989 20.50
1535660049 20.47
1535660110 20.80
1535660170 20.71
1535660230 20.68
1535660290 20.65
1535660350 20.81
1535660412 20.50
1535660473 20.80
1535660533 20.63
1535660595 20.66
1535660655 20.48
1535660717 20.72
1535660777 20.58
1535660837 20.46
1535660897 20.47
1535660958 20.02
1535661018 20.21
1535661078 20.54
1535661138 20.52
1535661199 20.54
1535661259 20.83
1535661321 20.62
1535661381 20.50
1535661442 20.46
1535661502 20.40
1535661564 20.66
1535661624 19.90
1535661685 20.61
1535661745 20.59
1535661805 20.42
1535661866 20.71
1535661926 20.50
1535661986 20.43
1535662047 20.77
1535662107 20.74
1535662167 20.54
1535662227 20.57
1535662289 20.53
1535662351 20.45
1535662411 20.50
1535662472 20.61
1535662534 20.67
1535662596 20.35
1535662656 20.59
1535662716 20.69
1535662777 20.37
1535662837 20.74
