1547240343 20.29
1547240405 20.30
1547240468 20.31
1547240530 20.29
1547240593 20.30
1547240655 20.28
1547240718 20.28
1547240781 20.29
1547240843 20.24
1547240907 20.31
1547240969 20.34
1547241032 20.25
1547241095 20.32
1547241157 20.34
1547241220 20.32
1547241282 20.30
1547241345 20.28
1547241407 20.26
1547241470 20.29
1547241533 20.35
1547241595 20.29
1547241658 20.29
1547241720 20.31
1547241783 20.28
1547241846 20.31
1547241908 20.33
1547241971 20.31
1547242033 20.32
1547242096 20.31
1547242159 20.34
1547242221 20.29
1547242284 20.38
1547242347 20.31
1547242409 20.28
1547242472 20.29
1547242533 20.33
1547242595 20.26
1547242658 20.28
1547242721 20.33
1547242783 20.32
1547242846 20.30
1547242909 20.35
1547242971 20.31
1547243034 20.30
1547243096 20.32
1547243159 20.26
1547243222 20.28
1547243285 20.28
1547243347 20.27
1547243410 20.30
1547243472 20.30
1547243535 20.29
1547243598 20.30
1547243661 20.31
1547243724 20.31
1547243787 20.33
1547243849 20.35
1547243911 20.30
1547243974 20.34
1547244037 20.33
1547244099 20.35
1547244162 20.30
1547244224 20.31
1547244287 20.33
1547244350 20.32
1547244412 20.31
1547244475 20.34
1547244537 20.28
1547244600 20.34
1547244662 20.32
1547244724 20.30
1547244787 20.26
1547244850 20.27
1547244912 20.34
1547244975 20.26
1547245038 20.32
1547245100 20.35
1547245163 20.32
1547245225 20.32
1547245288 20.29
1547245351 20.32
1547245414 20.31
1547245477 20.33
1547245540 20.35
1547245602 20.31
1547245665 20.33
1547245727 20.32
1547245790 20.34
1547245852 20.34
1547245915 20.31
1547245977 20.35
1547246040 20.28
1547246102 20.28
1547246165 20.26
1547246227 20.34
1547246290 20.31
1547246352 20.33
1547246415 20.31
1547246477 20.30
1547246540 20.34
1547246603 20.30
1547246666 20.28
1547246728 20.28
1547246791 20.31
1547246853 20.28
1547246916 20.28
1547246979 20.33
1547247042 20.29
1547247104 20.27
1547247167 20.27
1547247230 20.28
1547247292 20.30
1547247355 20.28
1547247418 20.30
1547247480 20.35
1547247543 20.35
1547247606 20.30
1547247669 20.34
1547247731 20.29
1547247794 20.32
1547247856 20.29
1547247919 20.32
1547247982 20.27
1547248045 20.31
1547248108 20.26
1547248171 20.30
1547248233 20.31
1547248296 20.27
1547248358 20.31
1547248420 20.31
1547248483 20.29
1547248546 20.33
1547248606 20.31
1547248669 20.32
1547248731 20.25
1547248794 20.27
1547248857 20.29
1547248920 20.26
1547248982 20.28
1547249045 20.28
1547249108 20.30
1547249170 20.27
1547249233 20.30
1547249296 20.29
1547249358 20.30
1547249421 20.33
1547249483 20.26
1547249546 20.29
1547249609 20.30
1547249671 20.31
1547249734 20.28
1547249796 20.26
1547249858 20.25
1547249921 20.28
1547249984 20.31
1547250047 20.31
1547250110 20.29
1547250172 20.32
1547250235 20.30
1547250297 20.25
1547250360 20.26
1547250422 20.30
1547250485 20.30
1547250548 20.30
1547250610 20.30
1547250673 20.29
1547250735 20.29
1547250798 20.26
1547250861 20.32
1547250923 20.27
1547250986 20.29
1547251048 20.30
1547251110 20.29
1547251173 20.31
1547251236 20.27
1547251299 20.30
1547251361 20.28
1547251424 20.32
1547251487 20.30
1547251549 20.27
1547251612 20.35
1547251675 20.25
1547251738 20.32
1547251800 20.25
1547251863 20.31
1547251926 20.31
1547251989 20.31
1547252050 20.21
1547252113 20.29
1547252173 20.31
1547252236 20.29
1547252298 20.30
1547252361 20.26
1547252423 20.32
1547252486 20.30
1547252549 20.27
1547252611 20.35
1547252674 20.29
1547252737 20.35
1547252800 20.32
1547252862 20.29
1547252925 20.28
1547252987 20.35
1547253050 20.31
1547253113 20.33
1547253176 20.29
1547253238 20.34
1547253300 20.25
1547253363 20.35
1547253425 20.32
1547253488 20.36
1547253551 20.36
1547253613 20.33
1547253676 20.36
1547253738 20.31
1547253801 20.28
1547253863 20.33
1547253926 20.33
1547253988 20.35
1547254051 20.36
1547254113 20.37
1547254176 20.32
1547254239 20.33
1547254301 20.31
1547254364 20.33
1547254427 20.30
1547254490 20.30
1547254553 20.30
1547254615 20.31
1547254678 20.32
1547254740 20.31
1547254803 20.35
1547254866 20.29
1547254928 20.28
1547254991 20.32
1547255054 20.29
1547255116 20.28
1547255178 20.32
1547255241 20.30
1547255304 20.32
1547255366 20.30
1547255429 20.30
1547255491 20.32
1547255554 20.32
1547255617 20.32
1547255679 20.33
1547255742 20.29
1547255804 20.30
1547255867 20.33
1547255930 20.35
1547255992 20.25
1547256055 20.27
1547256118 20.30
1547256180 20.30
1547256243 20.30
1547256306 20.28
1547256368 20.27
1547256431 20.27
1547256493 20.27
1547256556 20.29
1547256619 20.33
1547256680 20.28
1547256742 20.31
1547256805 20.32
1547256868 20.33
1547256930 20.34
1547256993 20.28
1547257055 20.28
1547257118 20.26
1547257180 20.32
1547257243 20.31
1547257305 20.32
1547257368 20.27
1547257431 20.28
1547257493 20.30
1547257556 20.31
1547257619 20.31
1547257681 20.27
1547257744 20.28
1547257807 20.35
1547257869 20.27
1547257932 20.30
1547257995 20.32
1547258057 20.33
1547258120 20.28
1547258182 20.27
1547258245 20.25
1547258308 20.27
1547258371 20.26
1547258433 20.27
1547258496 20.31
1547258559 20.26
1547258621 20.31
1547258684 20.28
1547258746 20.33
1547258809 20.31
1547258872 20.31
1547258934 20.33
1547258997 20.32
1547259059 20.31
1547259122 20.29
1547259185 20.30
1547259247 20.32
1547259310 20.27
1547259372 20.28
1547259435 20.30
1547259498 20.28
1547259560 20.32
1547259623 20.31
1547259686 20.33
1547259748 20.30
1547259811 20.28
1547259873 20.30
1547259936 20.28
1547259998 20.25
1547260060 20.30
1547260123 20.30
1547260186 20.28
1547260247 20.32
1547260310 20.28
1547260373 20.32
1547260435 20.29
1547260498 20.29
1547260560 20.31
1547260623 20.28
1547260685 20.32
1547260748 20.25
1547260811 20.31
1547260873 20.26
1547260936 20.26
1547260999 20.26
1547261062 20.30
1547261125 20.32
1547261187 20.29
1547261250 20.27
1547261313 20.27
1547261376 20.26
1547261438 20.30
1547261501 20.28
1547261564 20.27
1547261627 20.27
1547261689 20.33
1547261752 20.27
1547261814 20.33
1547261877 20.31
1547261939 20.31
1547262002 20.28
1547262065 20.29
1547262128 20.28
1547262190 20.24
1547262253 20.29
1547262315 20.28
1547262378 20.30
1547262440 20.30
1547262502 20.26
1547262565 20.27
1547262627 20.29
1547262690 20.30
1547262752 20.27
1547262816 20.30
1547262878 20.28
1547262941 20.25
1547263003 20.27
1547263065 20.28
1547263128 20.33
1547263191 20.28
1547263254 20.23
1547263317 20.27
1547263379 20.28
1547263442 20.30
1547263503 20.25
1547263565 20.29
1547263628 20.29
1547263690 20.28
1547263753 20.28
1547263816 20.31
1547263879 20.26
1547263941 20.27
1547264004 20.25
1547264066 20.26
1547264129 20.26
1547264192 20.28
1547264254 20.29
1547264317 20.27
1547264380 20.26
1547264443 20.28
1547264505 20.28
1547264568 20.30
1547264630 20.26
1547264693 20.29
1547264756 20.28
1547264819 20.28
1547264881 20.27
1547264944 20.26
1547265007 20.27
1547265069 20.32
1547265132 20.32
1547265194 20.28
1547265257 20.30
1547265319 20.32
1547265382 20.28
1547265444 20.30
1547265507 20.28
1547265570 20.27
1547265633 20.29
1547265695 20.26
1547265758 20.27
1547265820 20.27
1547265883 20.28
1547265946 20.31
1547266008 20.27
1547266071 20.31
1547266134 20.28
1547266197 20.26
1547266259 20.26
1547266322 20.32
1547266384 20.26
1547266447 20.27
1547266509 20.29
1547266572 20.26
1547266635 20.29
1547266697 20.30
1547266760 20.25
1547266822 20.27
1547266885 20.28
1547266947 20.35
1547267010 20.25
1547267073 20.30
1547267135 20.26
1547267198 20.23
1547267261 20.32
1547267323 20.24
1547267386 20.30
1547267448 20.26
1547267511 20.26
1547267573 20.28
1547267636 20.28
1547267699 20.32
1547267761 20.32
1547267824 20.32
1547267887 20.26
1547267949 20.29
1547268012 20.31
1547268075 20.28
1547268137 20.32
1547268200 20.24
1547268262 20.31
1547268325 20.28
1547268388 20.30
1547268450 20.26
1547268513 20.28
1547268576 20.29
1547268638 20.28
1547268701 20.33
1547268763 20.30
1547268826 20.26
1547268888 20.28
1547268951 20.29
1547269013 20.32
1547269076 20.25
1547269139 20.25
1547269201 20.27
1547269264 20.29
1547269327 20.30
1547269389 20.24
1547269451 20.29
1547269515 20.28
1547269577 20.26
1547269640 20.30
1547269703 20.30
1547269765 20.35
1547269828 20.28
1547269890 20.34
1547269952 20.29
1547270015 20.27
1547270079 20.31
1547270139 20.26
1547270202 20.29
1547270264 20.32
1547270327 20.32
1547270389 20.32
1547270452 20.28
1547270515 20.21
1547270578 20.34
1547270640 20.25
1547270703 20.28
1547270765 20.30
1547270828 20.30
1547270890 20.30
1547270952 20.28
1547271015 20.31
1547271078 20.30
1547271140 20.30
1547271203 20.30
1547271266 20.32
1547271328 20.34
1547271391 20.29
1547271453 20.31
1547271515 20.26
1547271578 20.26
1547271641 20.28
1547271704 20.26
1547271767 20.35
1547271829 20.33
1547271892 20.30
1547271955 20.27
1547272017 20.31
1547272080 20.32
1547272142 20.28
1547272205 20.34
1547272268 20.29
1547272330 20.29
1547272393 20.33
1547272456 20.28
1547272518 20.35
1547272581 20.35
1547272644 20.30
1547272706 20.27
1547272769 20.30
1547272832 20.32
1547272894 20.27
1547272957 20.30
1547273020 20.33
1547273082 20.29
1547273145 20.32
1547273207 20.28
1547273270 20.31
1547273332 20.27
1547273395 20.29
1547273457 20.33
1547273520 20.26
1547273582 20.28
1547273644 20.34
1547273707 20.29
1547273770 20.29
1547273833 20.29
1547273895 20.26
1547273958 20.27
1547274021 20.29
1547274084 20.31
1547274146 20.30
1547274209 20.28
1547274272 20.30
1547274335 20.29
1547274397 20.23
1547274460 20.29
1547274523 20.30
1547274585 20.32
1547274647 20.31
1547274710 20.33
1547274773 20.31
1547274835 20.25
1547274898 20.29
1547274961 20.34
1547275024 20.28
1547275086 20.28
1547275149 20.27
1547275211 20.32
1547275274 20.29
1547275337 20.32
1547275399 20.32
1547275462 20.32
1547275524 20.29
1547275587 20.30
1547275649 20.30
1547275712 20.29
1547275775 20.29
1547275838 20.37
1547275900 20.31
1547275963 20.28
1547276025 20.29
1547276088 20.30
1547276150 20.26
1547276213 20.32
1547276276 20.25
1547276339 20.30
1547276401 20.28
1547276464 20.33
1547276527 20.26
1547276589 20.29
1547276652 20.23
1547276712 20.29
1547276772 20.28
1547276833 20.27
1547276893 20.33
1547276954 20.26
1547277014 20.26
1547277075 20.30
1547277136 20.26
1547277196 20.31
1547277257 20.30
1547277318 20.28
1547277378 20.30
1547277439 20.32
1547277499 20.28
1547277560 20.28
1547277620 20.28
1547277681 20.33
1547277742 20.28
1547277802 20.29
1547277863 20.29
1547277924 20.26
1547277984 20.29
1547278045 20.32
1547278106 20.29
1547278166 20.32
1547278227 20.25
1547278287 20.29
1547278348 20.26
1547278408 20.27
1547278469 20.29
1547278530 20.27
1547278591 20.30
1547278651 20.30
1547278712 20.32
1547278772 20.28
1547278833 20.25
1547278894 20.30
1547278954 20.33
1547279015 20.28
1547279076 20.30
1547279136 20.32
1547279197 20.30
1547279258 20.28
1547279319 20.30
1547279380 20.26
1547279440 20.30
1547279501 20.24
1547279561 20.22
1547279622 20.26
1547279683 20.28
1547279743 20.30
1547279804 20.26
1547279865 20.24
1547279925 20.31
1547279986 20.29
1547280046 20.31
1547280107 20.29
1547280168 20.26
1547280228 20.27
1547280289 20.26
1547280350 20.31
1547280410 20.31
1547280471 20.28
1547280531 20.30
1547280592 20.30
1547280653 20.28
1547280713 20.28
1547280774 20.30
1547280835 20.28
1547280895 20.28
1547280955 20.28
1547281016 20.28
1547281077 20.23
1547281137 20.30
1547281198 20.27
1547281259 20.30
1547281319 20.25
1547281380 20.28
1547281441 20.28
1547281501 20.30
1547281562 20.26
1547281622 20.24
1547281683 20.28
1547281744 20.26
1547281804 20.26
1547281865 20.29
1547281925 20.26
1547281986 20.28
1547282047 20.26
1547282108 20.31
1547282168 20.26
1547282229 20.27
1547282290 20.28
1547282351 20.26
1547282411 20.31
1547282472 20.32
1547282532 20.28
1547282593 20.30
1547282654 20.28
1547282715 20.27
1547282775 20.28
1547282835 20.24
1547282895 20.25
1547282957 20.27
1547283017 20.27
1547283078 20.26
1547283138 20.26
1547283199 20.22
1547283259 20.28
1547283320 20.25
1547283380 20.27
1547283440 20.27
1547283501 20.30
1547283562 20.26
1547283623 20.24
1547283683 20.28
1547283744 20.27
1547283804 20.30
1547283865 20.29
1547283925 20.30
1547283986 20.26
1547284047 20.37
1547284107 20.28
1547284168 20.30
1547284228 20.30
1547284289 20.28
1547284350 20.29
1547284411 20.28
1547284471 20.31
1547284531 20.24
1547284592 20.26
1547284653 20.28
1547284713 20.36
1547284774 20.28
1547284835 20.30
1547284895 20.27
1547284956 20.26
1547285016 20.27
1547285077 20.33
1547285137 20.35
1547285198 20.35
1547285258 20.28
1547285319 20.29
1547285379 20.28
1547285440 20.26
1547285501 20.28
1547285562 20.30
1547285622 20.27
1547285683 20.32
1547285744 20.25
1547285804 20.29
1547285865 20.27
1547285925 20.30
1547285986 20.28
1547286047 20.31
1547286107 20.30
1547286167 20.27
1547286228 20.28
1547286289 20.30
1547286349 20.26
1547286410 20.29
1547286470 20.28
1547286531 20.28
1547286591 20.28
1547286652 20.33
1547286713 20.27
1547286773 20.28
1547286833 20.31
1547286894 20.28
1547286954 20.36
1547287015 20.32
1547287075 20.27
1547287136 20.30
1547287196 20.30
1547287257 20.30
1547287318 20.27
1547287379 20.30
1547287440 20.32
1547287500 20.32
1547287561 20.27
1547287622 20.29
1547287682 20.33
1547287742 20.27
1547287803 20.32
1547287863 20.32
1547287924 20.30
1547287985 20.27
1547288045 20.28
1547288106 20.31
1547288166 20.32
1547288227 20.25
1547288287 20.27
1547288349 20.30
1547288410 20.29
1547288471 20.29
1547288531 20.27
1547288592 20.29
1547288652 20.30
1547288713 20.28
1547288774 20.30
1547288834 20.25
1547288895 20.31
1547288956 20.34
1547289016 20.31
1547289077 20.29
1547289137 20.29
1547289198 20.28
1547289259 20.30
1547289319 20.28
1547289380 20.30
1547289440 20.29
1547289501 20.29
1547289562 20.29
1547289622 20.32
1547289683 20.32
1547289743 20.29
1547289803 20.30
1547289864 20.35
1547289924 20.30
1547289985 20.32
1547290045 20.30
1547290106 20.32
1547290167 20.29
1547290227 20.29
1547290288 20.31
1547290349 20.30
1547290410 20.31
1547290470 20.28
1547290531 20.27
1547290592 20.33
1547290652 20.26
1547290713 20.32
1547290773 20.27
1547290834 20.25
1547290895 20.21
1547290955 20.27
1547291016 20.26
1547291077 20.26
1547291137 20.30
1547291198 20.28
1547291258 20.26
1547291319 20.28
1547291379 20.28
1547291440 20.32
1547291501 20.27
1547291561 20.23
1547291622 20.29
1547291683 20.28
1547291743 20.30
1547291803 20.25
1547291864 20.26
1547291925 20.32
1547291985 20.28
1547292046 20.30
1547292106 20.32
1547292167 20.25
1547292228 20.30
1547292288 20.28
1547292349 20.25
1547292409 20.33
1547292470 20.31
1547292530 20.33
1547292591 20.33
1547292651 20.27
1547292712 20.26
1547292772 20.27
1547292833 20.28
1547292893 20.30
1547292954 20.32
1547293014 20.26
1547293075 20.30
1547293135 20.29
1547293196 20.29
1547293256 20.27
1547293316 20.28
1547293377 20.28
1547293437 20.32
1547293498 20.29
1547293559 20.30
1547293619 20.27
1547293680 20.28
1547293741 20.26
1547293802 20.32
1547293863 20.26
1547293923 20.28
1547293984 20.24
1547294044 20.31
1547294105 20.28
1547294166 20.29
1547294226 20.27
1547294287 20.23
1547294348 20.29
1547294408 20.33
1547294469 20.33
1547294529 20.27
1547294590 20.23
1547294651 20.33
1547294711 20.25
1547294773 20.26
1547294834 20.26
1547294895 20.26
1547294955 20.27
1547295016 20.21
1547295076 20.27
1547295137 20.28
1547295197 20.26
1547295258 20.24
1547295318 20.26
1547295378 20.28
1547295439 20.31
1547295500 20.28
1547295560 20.31
1547295620 20.26
1547295681 20.29
1547295741 20.31
1547295802 20.24
1547295863 20.28
1547295923 20.22
1547295984 20.30
1547296045 20.26
1547296105 20.27
1547296165 20.20
1547296225 20.26
1547296288 20.25
1547296348 20.31
1547296409 20.27
1547296469 20.25
1547296530 20.24
1547296591 20.32
1547296651 20.27
1547296712 20.29
1547296773 20.31
1547296833 20.30
1547296893 20.31
1547296954 20.30
1547297014 20.25
1547297075 20.33
1547297135 20.27
1547297196 20.30
1547297256 20.30
1547297317 20.30
1547297378 20.22
1547297438 20.26
1547297499 20.30
1547297559 20.20
1547297620 20.25
1547297680 20.24
1547297740 20.25
1547297801 20.23
1547297862 20.29
1547297923 20.32
1547297983 20.31
1547298044 20.28
1547298105 20.30
1547298166 20.25
1547298226 20.27
1547298287 20.24
1547298348 20.30
1547298409 20.26
1547298469 20.27
1547298530 20.27
1547298590 20.26
1547298651 20.28
1547298712 20.27
1547298772 20.22
1547298833 20.27
1547298894 20.26
1547298954 20.30
1547299015 20.28
1547299076 20.27
1547299136 20.26
1547299197 20.24
1547299258 20.24
1547299318 20.25
1547299379 20.30
1547299439 20.28
1547299500 20.25
1547299561 20.28
1547299621 20.29
1547299682 20.25
1547299742 20.28
1547299803 20.30
1547299863 20.26
1547299924 20.30
1547299984 20.26
1547300045 20.29
1547300105 20.31
1547300166 20.32
1547300227 20.25
1547300287 20.29
1547300348 20.30
1547300409 20.26
1547300469 20.29
1547300530 20.30
1547300590 20.28
1547300650 20.30
1547300711 20.28
1547300771 20.29
1547300832 20.29
1547300893 20.27
1547300953 20.26
1547301014 20.28
1547301074 20.29
1547301135 20.31
1547301195 20.27
1547301255 20.26
1547301316 20.28
1547301377 20.25
1547301437 20.28
1547301498 20.26
1547301559 20.26
1547301619 20.24
1547301680 20.24
1547301740 20.28
1547301801 20.26
1547301861 20.29
1547301922 20.26
1547301983 20.28
1547302043 20.24
1547302104 20.29
1547302164 20.31
1547302225 20.25
1547302285 20.29
1547302345 20.22
1547302406 20.25
1547302466 20.25
1547302527 20.22
1547302587 20.25
1547302649 20.29
1547302709 20.29
1547302770 20.23
1547302831 20.29
1547302891 20.23
1547302952 20.27
1547303013 20.30
1547303074 20.28
1547303134 20.27
1547303195 20.30
1547303255 20.28
1547303316 20.29
1547303377 20.27
1547303437 20.26
1547303498 20.28
1547303558 20.29
1547303619 20.26
1547303680 20.28
1547303740 20.26
1547303801 20.28
1547303861 20.32
1547303922 20.26
1547303982 20.30
1547304043 20.24
1547304103 20.25
1547304164 20.26
1547304224 20.25
1547304285 20.25
1547304345 20.25
1547304406 20.23
1547304467 20.24
1547304527 20.26
1547304588 20.27
1547304648 20.25
1547304709 20.23
1547304771 20.28
1547304831 20.28
1547304892 20.28
1547304952 20.30
1547305013 20.26
1547305073 20.27
1547305133 20.26
1547305194 20.22
1547305255 20.26
1547305315 20.23
1547305377 20.25
1547305437 20.21
1547305498 20.26
1547305558 20.19
1547305619 20.23
1547305680 20.24
1547305740 20.17
1547305801 20.26
1547305861 20.19
1547305922 20.26
1547305982 20.22
1547306043 20.25
1547306103 20.27
1547306164 20.20
1547306224 20.24
1547306284 20.20
1547306345 20.26
1547306406 20.27
1547306466 20.25
1547306527 20.20
1547306587 20.20
1547306647 20.29
1547306708 20.25
1547306769 20.29
1547306829 20.24
1547306890 20.23
1547306951 20.25
1547307011 20.32
1547307071 20.25
1547307132 20.21
1547307192 20.21
1547307253 20.25
1547307314 20.26
1547307374 20.26
1547307435 20.23
1547307496 20.22
1547307557 20.18
1547307617 20.28
1547307677 20.26
1547307737 20.28
1547307798 20.24
1547307858 20.30
1547307919 20.24
1547307979 20.22
1547308040 20.26
1547308100 20.25
1547308160 20.22
1547308221 20.26
1547308282 20.28
1547308342 20.26
1547308403 20.26
1547308463 20.27
1547308524 20.26
1547308584 20.27
1547308645 20.25
1547308706 20.28
1547308766 20.25
1547308826 20.25
1547308887 20.28
1547308948 20.26
1547309008 20.26
1547309068 20.23
1547309129 20.28
1547309190 20.25
1547309250 20.26
1547309311 20.23
1547309372 20.24
1547309432 20.23
1547309493 20.25
1547309553 20.26
1547309614 20.25
1547309675 20.26
1547309735 20.26
1547309796 20.28
1547309857 20.29
1547309917 20.25
1547309978 20.27
1547310038 20.27
1547310099 20.27
1547310159 20.27
1547310220 20.21
1547310280 20.25
1547310341 20.25
1547310401 20.23
1547310462 20.25
1547310522 20.24
1547310583 20.25
1547310644 20.27
1547310704 20.21
1547310765 20.28
1547310825 20.29
1547310886 20.28
1547310947 20.27
1547311007 20.26
1547311068 20.25
1547311129 20.30
1547311189 20.25
1547311250 20.25
1547311311 20.24
1547311372 20.26
1547311432 20.27
1547311493 20.27
1547311553 20.24
1547311614 20.31
1547311675 20.22
1547311735 20.29
1547311796 20.28
1547311857 20.25
1547311917 20.28
1547311978 20.26
1547312038 20.28
1547312099 20.25
1547312159 20.25
1547312220 20.25
1547312281 20.25
1547312341 20.27
1547312402 20.26
1547312462 20.24
1547312523 20.22
1547312583 20.26
1547312644 20.27
1547312705 20.26
1547312765 20.26
1547312826 20.23
1547312886 20.27
1547312947 20.23
1547313007 20.22
1547313068 20.25
1547313129 20.26
1547313190 20.24
1547313250 20.23
1547313311 20.26
1547313371 20.27
1547313432 20.26
1547313492 20.26
1547313553 20.26
1547313613 20.25
1547313673 20.28
1547313734 20.25
1547313795 20.26
1547313855 20.26
1547313916 20.22
1547313976 20.26
1547314037 20.24
1547314098 20.29
1547314158 20.27
1547314219 20.26
1547314280 20.25
1547314340 20.24
1547314401 20.27
1547314461 20.27
1547314522 20.25
1547314582 20.26
1547314642 20.24
1547314703 20.23
1547314764 20.25
1547314825 20.26
1547314885 20.26
1547314946 20.21
1547315006 20.25
1547315067 20.25
1547315128 20.28
1547315188 20.22
1547315249 20.23
1547315310 20.19
1547315370 20.29
1547315431 20.22
1547315492 20.22
1547315553 20.28
1547315614 20.21
1547315674 20.24
1547315734 20.24
1547315795 20.22
1547315855 20.26
1547315916 20.28
1547315976 20.26
1547316036 20.24
1547316097 20.30
1547316157 20.28
1547316218 20.24
1547316278 20.26
1547316339 20.29
1547316399 20.28
1547316460 20.21
1547316521 20.26
1547316581 20.25
1547316642 20.26
1547316703 20.24
1547316763 20.23
1547316824 20.27
1547316885 20.30
1547316946 20.28
1547317006 20.25
1547317067 20.25
1547317127 20.22
1547317187 20.25
1547317248 20.27
1547317309 20.26
1547317369 20.26
1547317430 20.28
1547317490 20.25
1547317551 20.24
1547317611 20.23
1547317672 20.26
1547317732 20.30
1547317793 20.30
1547317853 20.25
1547317914 20.26
1547317974 20.28
1547318035 20.28
1547318095 20.26
1547318156 20.25
1547318216 20.25
1547318277 20.26
1547318338 20.26
1547318398 20.25
1547318458 20.27
1547318519 20.31
1547318579 20.29
1547318640 20.30
1547318700 20.24
1547318761 20.28
1547318821 20.29
1547318881 20.27
1547318942 20.25
1547319002 20.31
1547319062 20.26
1547319123 20.29
1547319184 20.26
1547319244 20.29
1547319305 20.26
1547319365 20.29
1547319426 20.31
1547319487 20.28
1547319547 20.25
1547319608 20.26
1547319668 20.28
1547319728 20.28
1547319789 20.33
1547319850 20.30
1547319911 20.29
1547319971 20.28
1547320032 20.30
1547320092 20.27
1547320153 20.29
1547320213 20.34
1547320273 20.32
1547320334 20.29
1547320394 20.28
1547320455 20.30
1547320515 20.28
1547320576 20.31
1547320637 20.31
1547320697 20.31
1547320758 20.31
1547320819 20.32
1547320880 20.30
1547320940 20.31
1547321000 20.31
1547321061 20.33
1547321121 20.27
1547321182 20.28
1547321242 20.26
1547321302 20.31
1547321363 20.27
1547321423 20.28
1547321484 20.32
1547321545 20.31
1547321605 20.25
1547321665 20.28
1547321726 20.30
1547321786 20.30
1547321846 20.26
1547321907 20.25
1547321967 20.32
1547322028 20.30
1547322088 20.31
1547322148 20.27
1547322209 20.24
1547322269 20.30
1547322330 20.28
1547322391 20.28
1547322452 20.23
1547322512 20.32
1547322572 20.25
1547322633 20.28
1547322693 20.30
1547322754 20.30
1547322814 20.29
1547322875 20.30
1547322935 20.27
1547322996 20.29
1547323056 20.28
1547323117 20.31
1547323177 20.32
1547323238 20.32
1547323299 20.29
1547323359 20.25
1547323419 20.28
1547323480 20.28
1547323540 20.24
1547323601 20.32
1547323662 20.26
1547323722 20.29
1547323783 20.31
1547323843 20.28
1547323905 20.29
1547323966 20.29
1547324026 20.30
1547324087 20.29
1547324148 20.31
1547324208 20.29
1547324269 20.27
1547324329 20.32
1547324390 20.30
1547324450 20.29
1547324511 20.29
1547324571 20.29
1547324632 20.30
1547324693 20.32
1547324753 20.32
1547324814 20.32
1547324875 20.27
1547324935 20.32
1547324996 20.29
1547325056 20.26
1547325117 20.25
1547325177 20.29
1547325238 20.28
1547325298 20.29
1547325359 20.30
1547325419 20.30
1547325480 20.31
1547325540 20.30
1547325600 20.28
1547325661 20.35
1547325721 20.33
1547325782 20.33
1547325843 20.35
1547325903 20.28
1547325964 20.27
1547326024 20.32
1547326085 20.27
1547326146 20.29
1547326207 20.29
1547326268 20.32
1547326328 20.30
1547326389 20.33
1547326449 20.27
1547326510 20.25
1547326570 20.33
1547326631 20.32
1547326692 20.27
1547326752 20.33
1547326812 20.30
1547326873 20.33
1547326933 20.29
1547326994 20.30
1547327054 20.32
1547327114 20.27
1547327174 20.26
1547327235 20.31
1547327295 20.28
1547327356 20.30
1547327416 20.28
1547327477 20.32
1547327538 20.25
1547327599 20.30
1547327659 20.28
1547327720 20.25
1547327781 20.34
1547327841 20.30
1547327902 20.28
1547327962 20.30
1547328022 20.31
1547328083 20.34
1547328143 20.27
1547328203 20.32
1547328264 20.29
1547328324 20.26
1547328385 20.29
1547328445 20.28
1547328506 20.33
1547328566 20.29
1547328627 20.31
1547328688 20.28
1547328748 20.29
1547328809 20.27
1547328870 20.29
1547328930 20.26
1547328991 20.28
1547329051 20.28
1547329112 20.26
1547329172 20.27
1547329232 20.31
1547329292 20.29
1547329353 20.30
1547329413 20.31
1547329473 20.30
1547329534 20.24
1547329594 20.30
1547329655 20.31
1547329716 20.28
1547329776 20.30
1547329837 20.27
1547329897 20.29
1547329958 20.30
1547330018 20.30
1547330078 20.35
1547330139 20.32
1547330199 20.28
1547330260 20.27
1547330321 20.27
1547330381 20.31
1547330442 20.30
1547330502 20.26
1547330562 20.33
1547330623 20.29
1547330684 20.30
1547330744 20.33
1547330805 20.32
1547330865 20.30
1547330926 20.27
1547330986 20.27
1547331047 20.26
1547331107 20.32
1547331168 20.25
1547331228 20.26
1547331288 20.30
1547331349 20.31
1547331409 20.28
1547331470 20.31
1547331530 20.28
1547331591 20.30
1547331651 20.31
1547331711 20.28
1547331772 20.29
1547331832 20.32
1547331893 20.30
1547331954 20.26
1547332014 20.32
1547332075 20.32
1547332136 20.32
1547332196 20.28
1547332257 20.27
1547332317 20.28
1547332377 20.28
1547332438 20.27
1547332498 20.26
1547332559 20.31
1547332620 20.26
1547332681 20.28
1547332741 20.35
1547332802 20.33
1547332862 20.27
1547332923 20.27
1547332983 20.30
1547333044 20.28
1547333104 20.27
1547333164 20.28
1547333225 20.32
1547333285 20.25
1547333345 20.25
1547333405 20.33
1547333466 20.31
1547333527 20.30
1547333588 20.25
1547333648 20.29
1547333709 20.31
1547333769 20.28
1547333829 20.32
1547333889 20.32
1547333950 20.25
1547334010 20.32
1547334071 20.32
1547334131 20.33
1547334191 20.31
1547334252 20.27
1547334312 20.31
1547334373 20.29
1547334433 20.30
1547334494 20.30
1547334554 20.34
1547334616 20.37
1547334676 20.33
1547334737 20.30
1547334798 20.28
1547334858 20.32
1547334919 20.28
1547334979 20.28
1547335039 20.31
1547335100 20.29
1547335162 20.32
1547335222 20.27
1547335283 20.35
1547335344 20.33
1547335404 20.35
1547335464 20.34
1547335525 20.23
1547335585 20.33
1547335646 20.26
1547335707 20.25
1547335767 20.30
1547335828 20.30
1547335888 20.31
1547335949 20.28
1547336010 20.32
1547336070 20.35
1547336130 20.33
1547336191 20.29
1547336252 20.32
1547336312 20.33
1547336373 20.30
1547336433 20.28
1547336493 20.31
1547336554 20.28
1547336614 20.27
1547336675 20.32
1547336735 20.26
1547336796 20.31
1547336856 20.26
1547336916 20.35
1547336977 20.33
1547337038 20.31
1547337098 20.30
1547337159 20.30
1547337220 20.26
1547337280 20.29
1547337341 20.31
1547337401 20.29
1547337462 20.30
1547337522 20.30
1547337582 20.31
1547337643 20.32
1547337703 20.30
1547337764 20.27
1547337824 20.32
1547337885 20.26
1547337945 20.30
1547338005 20.34
1547338066 20.29
1547338126 20.32
1547338187 20.33
1547338247 20.33
1547338308 20.31
1547338368 20.35
1547338428 20.32
1547338489 20.34
1547338549 20.32
1547338610 20.33
1547338670 20.29
1547338731 20.30
1547338791 20.28
1547338851 20.30
1547338912 20.33
1547338972 20.33
1547339032 20.32
1547339093 20.29
1547339154 20.34
1547339214 20.28
1547339275 20.30
1547339336 20.33
1547339396 20.32
1547339457 20.30
1547339517 20.33
1547339578 20.32
1547339639 20.33
1547339699 20.27
1547339760 20.34
1547339820 20.27
1547339881 20.33
1547339941 20.30
1547340002 20.27
1547340062 20.33
1547340123 20.34
1547340183 20.33
1547340244 20.28
1547340304 20.28
1547340365 20.32
1547340426 20.32
1547340486 20.38
1547340547 20.28
1547340607 20.34
1547340668 20.30
1547340729 20.29
1547340790 20.32
1547340850 20.33
1547340912 20.31
1547340973 20.36
1547341033 20.31
1547341093 20.35
1547341153 20.30
1547341214 20.35
1547341274 20.33
1547341334 20.30
1547341395 20.37
1547341455 20.29
1547341516 20.35
1547341576 20.30
1547341637 20.32
1547341697 20.28
1547341757 20.29
1547341818 20.33
1547341879 20.31
1547341939 20.32
1547341999 20.32
1547342060 20.35
1547342120 20.30
1547342180 20.33
1547342241 20.33
1547342301 20.28
1547342361 20.32
1547342422 20.32
1547342482 20.32
1547342543 20.35
1547342603 20.32
1547342664 20.30
1547342724 20.28
1547342785 20.29
1547342845 20.29
1547342906 20.28
1547342966 20.31
1547343027 20.29
1547343089 20.29
1547343149 20.32
1547343210 20.35
1547343271 20.28
1547343331 20.33
1547343391 20.33
1547343452 20.33
1547343512 20.32
1547343573 20.30
1547343633 20.26
1547343694 20.30
1547343754 20.30
1547343815 20.28
1547343875 20.28
1547343936 20.29
1547343997 20.32
1547344058 20.34
1547344118 20.31
1547344178 20.33
1547344239 20.32
1547344299 20.34
1547344360 20.35
1547344421 20.30
1547344481 20.32
1547344542 20.35
1547344603 20.34
1547344664 20.33
1547344725 20.32
1547344785 20.34
1547344845 20.29
1547344906 20.33
1547344967 20.33
1547345027 20.35
1547345088 20.36
1547345148 20.35
1547345209 20.30
1547345269 20.35
1547345330 20.31
1547345390 20.28
1547345451 20.27
1547345511 20.39
1547345572 20.32
1547345632 20.33
1547345693 20.32
1547345753 20.31
1547345814 20.36
1547345875 20.35
1547345935 20.34
1547345996 20.29
1547346056 20.28
1547346117 20.29
1547346178 20.29
1547346238 20.30
1547346298 20.33
1547346359 20.33
1547346419 20.31
1547346480 20.29
1547346540 20.33
1547346601 20.27
1547346661 20.32
1547346722 20.32
1547346782 20.33
1547346842 20.33
1547346903 20.30
1547346963 20.35
1547347024 20.30
1547347084 20.35
1547347145 20.30
1547347205 20.30
1547347266 20.32
1547347326 20.33
1547347386 20.34
1547347446 20.28
1547347507 20.34
1547347567 20.39
1547347627 20.32
1547347688 20.37
1547347748 20.32
1547347809 20.30
1547347869 20.32
1547347930 20.34
1547347990 20.34
1547348051 20.40
1547348111 20.32
1547348172 20.35
1547348232 20.33
1547348293 20.38
1547348354 20.36
1547348414 20.35
1547348475 20.36
1547348535 20.33
1547348596 20.30
1547348656 20.33
1547348717 20.36
1547348778 20.28
1547348838 20.35
1547348899 20.32
1547348959 20.33
1547349020 20.32
1547349080 20.33
1547349142 20.35
1547349203 20.33
1547349263 20.37
1547349323 20.34
1547349384 20.33
1547349444 20.30
1547349504 20.37
1547349565 20.37
1547349625 20.30
1547349686 20.36
1547349746 20.29
1547349806 20.34
1547349867 20.34
1547349927 20.34
1547349988 20.38
1547350048 20.37
1547350109 20.33
1547350169 20.34
1547350229 20.38
1547350290 20.33
1547350350 20.38
1547350411 20.31
1547350471 20.32
1547350531 20.30
1547350592 20.34
1547350652 20.36
1547350713 20.33
1547350774 20.31
1547350835 20.34
1547350895 20.33
1547350955 20.38
1547351016 20.35
1547351076 20.34
1547351137 20.35
1547351197 20.37
1547351258 20.34
1547351319 20.31
1547351379 20.32
1547351439 20.36
1547351500 20.34
1547351560 20.32
1547351621 20.36
1547351681 20.38
1547351742 20.34
1547351802 20.36
1547351863 20.35
1547351923 20.33
1547351984 20.34
1547352045 20.28
1547352106 20.29
1547352166 20.33
1547352227 20.35
1547352287 20.35
1547352347 20.35
1547352407 20.35
1547352468 20.34
1547352528 20.33
1547352589 20.36
1547352649 20.32
1547352710 20.30
1547352770 20.36
1547352830 20.32
1547352891 20.31
1547352952 20.30
1547353012 20.37
1547353072 20.31
1547353133 20.35
1547353194 20.31
1547353254 20.32
1547353315 20.32
1547353375 20.33
1547353435 20.33
1547353496 20.34
1547353556 20.33
1547353617 20.38
1547353677 20.37
1547353738 20.32
1547353798 20.33
1547353858 20.36
1547353919 20.37
1547353980 20.37
1547354040 20.35
1547354101 20.32
1547354161 20.36
1547354222 20.34
1547354283 20.36
1547354343 20.38
1547354404 20.35
1547354464 20.35
1547354525 20.30
1547354586 20.33
1547354646 20.35
1547354707 20.37
1547354767 20.35
1547354828 20.32
1547354888 20.36
1547354949 20.38
1547355009 20.35
1547355069 20.35
1547355130 20.32
1547355191 20.33
1547355252 20.33
1547355312 20.36
1547355373 20.31
1547355433 20.35
1547355494 20.40
1547355554 20.37
1547355615 20.38
1547355675 20.38
1547355735 20.37
1547355796 20.40
1547355856 20.39
1547355917 20.35
1547355978 20.34
1547356038 20.36
1547356099 20.35
1547356159 20.40
1547356220 20.41
1547356281 20.37
1547356341 20.39
1547356402 20.40
1547356462 20.38
1547356523 20.36
1547356583 20.38
1547356643 20.37
1547356704 20.38
1547356764 20.40
1547356825 20.39
1547356885 20.28
1547356946 20.36
1547357006 20.37
1547357067 20.36
1547357127 20.35
1547357188 20.38
1547357248 20.38
1547357309 20.36
1547357370 20.32
1547357430 20.37
1547357491 20.34
1547357553 20.38
1547357613 20.39
1547357674 20.38
1547357735 20.38
1547357795 20.37
1547357856 20.38
1547357917 20.41
1547357977 20.39
1547358038 20.42
1547358098 20.41
1547358159 20.35
1547358220 20.40
1547358280 20.34
1547358341 20.38
1547358401 20.39
1547358462 20.37
1547358522 20.37
1547358582 20.40
1547358643 20.39
1547358703 20.37
1547358764 20.37
1547358824 20.38
1547358885 20.38
1547358945 20.37
1547359006 20.42
1547359066 20.42
1547359127 20.37
1547359187 20.38
1547359247 20.41
1547359307 20.29
1547359368 20.40
1547359428 20.39
1547359489 20.42
1547359549 20.33
1547359610 20.35
1547359670 20.40
1547359730 20.42
1547359792 20.36
1547359853 20.42
1547359913 20.39
1547359973 20.38
1547360033 20.40
1547360094 20.42
1547360154 20.42
1547360214 20.40
1547360275 20.42
1547360336 20.40
1547360398 20.42
1547360458 20.40
1547360518 20.40
1547360579 20.42
1547360639 20.39
1547360699 20.44
1547360760 20.43
1547360820 20.35
1547360881 20.40
1547360942 20.41
1547361002 20.41
1547361063 20.41
1547361123 20.41
1547361184 20.42
1547361245 20.42
1547361305 20.38
1547361365 20.40
1547361425 20.42
1547361486 20.40
1547361546 20.42
1547361607 20.40
1547361667 20.42
1547361727 20.37
1547361788 20.41
1547361849 20.46
1547361909 20.41
1547361970 20.38
1547362030 20.40
1547362091 20.42
1547362151 20.38
1547362212 20.40
1547362272 20.40
1547362333 20.38
1547362393 20.37
1547362453 20.39
1547362514 20.41
1547362576 20.40
1547362636 20.41
1547362697 20.40
1547362758 20.40
1547362818 20.42
1547362879 20.38
1547362939 20.36
1547363000 20.43
1547363060 20.41
1547363120 20.40
1547363181 20.40
1547363241 20.38
1547363302 20.37
1547363362 20.39
1547363423 20.44
1547363483 20.40
1547363544 20.40
1547363605 20.43
1547363665 20.37
1547363725 20.43
1547363786 20.40
1547363847 20.42
1547363908 20.40
1547363968 20.39
1547364028 20.43
1547364089 20.40
1547364149 20.39
1547364209 20.42
1547364270 20.37
1547364330 20.40
1547364390 20.44
1547364451 20.39
1547364511 20.35
1547364572 20.40
1547364632 20.38
1547364693 20.41
1547364754 20.40
1547364814 20.41
1547364875 20.37
1547364935 20.44
1547364996 20.40
1547365056 20.37
1547365117 20.45
1547365177 20.40
1547365237 20.44
1547365298 20.40
1547365358 20.38
1547365418 20.43
1547365479 20.40
1547365539 20.41
1547365600 20.38
1547365661 20.42
1547365721 20.45
1547365781 20.41
1547365842 20.43
1547365903 20.42
1547365963 20.37
1547366023 20.41
1547366084 20.42
1547366144 20.43
1547366204 20.44
1547366265 20.45
1547366325 20.40
1547366385 20.40
1547366446 20.42
1547366506 20.44
1547366567 20.42
1547366627 20.42
1547366687 20.42
1547366747 20.44
1547366808 20.44
1547366868 20.45
1547366929 20.44
1547366989 20.44
1547367050 20.40
1547367110 20.40
1547367171 20.38
1547367231 20.41
1547367292 20.44
1547367352 20.45
1547367413 20.44
1547367473 20.44
1547367534 20.45
1547367595 20.44
1547367655 20.39
1547367716 20.40
1547367776 20.44
1547367837 20.40
1547367897 20.43
1547367957 20.43
1547368018 20.39
1547368078 20.44
1547368139 20.42
1547368199 20.40
1547368260 20.41
1547368320 20.42
1547368381 20.44
1547368442 20.42
1547368502 20.42
1547368563 20.43
1547368623 20.43
1547368684 20.44
1547368744 20.44
1547368804 20.45
1547368865 20.45
1547368925 20.43
1547368986 20.46
1547369047 20.44
1547369107 20.43
1547369167 20.44
1547369228 20.44
1547369288 20.44
1547369349 20.45
1547369409 20.40
1547369470 20.45
1547369530 20.45
1547369590 20.41
1547369651 20.44
1547369712 20.40
1547369772 20.45
1547369833 20.38
1547369893 20.38
1547369953 20.45
1547370014 20.44
1547370074 20.42
1547370135 20.43
1547370195 20.41
1547370255 20.43
1547370316 20.43
1547370376 20.44
1547370436 20.44
1547370497 20.45
1547370558 20.45
1547370618 20.45
1547370678 20.47
1547370738 20.43
1547370799 20.46
1547370859 20.42
1547370920 20.44
1547370980 20.45
1547371041 20.42
1547371101 20.44
1547371162 20.42
1547371222 20.42
1547371283 20.44
1547371343 20.38
1547371404 20.45
1547371465 20.42
1547371525 20.45
1547371586 20.44
1547371646 20.42
1547371706 20.45
1547371767 20.44
1547371827 20.47
1547371888 20.45
1547371949 20.45
1547372009 20.43
1547372069 20.45
1547372130 20.45
1547372190 20.43
1547372251 20.44
1547372312 20.44
1547372372 20.45
1547372433 20.45
1547372493 20.47
1547372554 20.44
1547372614 20.47
1547372675 20.47
1547372735 20.44
1547372796 20.40
1547372856 20.42
1547372917 20.46
1547372977 20.44
1547373038 20.46
1547373098 20.40
1547373159 20.47
1547373220 20.46
1547373280 20.42
1547373341 20.45
1547373401 20.45
1547373462 20.40
1547373522 20.45
1547373583 20.47
1547373643 20.46
1547373704 20.49
1547373764 20.45
1547373825 20.46
1547373885 20.45
1547373945 20.46
1547374006 20.46
1547374067 20.47
1547374127 20.44
1547374188 20.44
1547374248 20.47
1547374309 20.45
1547374369 20.47
1547374430 20.46
1547374491 20.46
1547374551 20.47
1547374612 20.44
1547374672 20.45
1547374733 20.46
1547374793 20.47
1547374854 20.48
1547374914 20.45
1547374975 20.49
1547375035 20.47
1547375096 20.49
1547375156 20.47
1547375217 20.48
1547375278 20.49
1547375338 20.47
1547375399 20.46
1547375459 20.47
1547375519 20.48
1547375580 20.49
1547375640 20.48
1547375701 20.46
1547375761 20.49
1547375821 20.47
1547375882 20.47
1547375942 20.45
1547376003 20.46
1547376064 20.47
1547376124 20.47
1547376185 20.48
1547376246 20.47
1547376306 20.45
1547376366 20.44
1547376426 20.48
1547376487 20.48
1547376547 20.48
1547376608 20.47
1547376669 20.48
1547376729 20.49
1547376790 20.45
1547376850 20.47
1547376911 20.46
1547376972 20.46
1547377033 20.47
1547377093 20.47
1547377154 20.48
1547377214 20.47
1547377274 20.46
1547377335 20.47
1547377395 20.48
1547377456 20.46
1547377516 20.47
1547377577 20.48
1547377637 20.46
1547377698 20.51
1547377758 20.47
1547377819 20.49
1547377879 20.48
1547377939 20.47
1547378000 20.50
1547378060 20.49
1547378121 20.46
1547378181 20.48
1547378242 20.50
1547378303 20.45
1547378363 20.46
1547378424 20.48
1547378484 20.45
1547378545 20.44
1547378605 20.47
1547378666 20.50
1547378727 20.46
1547378788 20.49
1547378848 20.49
1547378908 20.49
1547378969 20.50
1547379029 20.48
1547379090 20.50
1547379151 20.50
1547379211 20.49
1547379272 20.47
1547379333 20.50
1547379394 20.49
1547379454 20.46
1547379515 20.48
1547379576 20.49
1547379637 20.50
1547379697 20.51
1547379758 20.48
1547379818 20.47
1547379878 20.52
1547379939 20.45
1547380000 20.49
1547380061 20.49
1547380121 20.49
1547380182 20.49
1547380243 20.51
1547380303 20.48
1547380363 20.50
1547380424 20.49
1547380484 20.51
1547380545 20.51
1547380605 20.46
1547380666 20.51
1547380726 20.49
1547380787 20.49
1547380847 20.45
1547380907 20.50
1547380968 20.49
1547381028 20.48
1547381090 20.47
1547381151 20.51
1547381211 20.47
1547381272 20.48
1547381333 20.49
1547381393 20.51
1547381454 20.49
1547381515 20.46
1547381575 20.50
1547381635 20.50
1547381696 20.50
1547381756 20.50
1547381817 20.47
1547381877 20.50
1547381937 20.50
1547381997 20.49
1547382058 20.50
1547382119 20.50
1547382179 20.51
1547382240 20.49
1547382300 20.49
1547382360 20.48
1547382421 20.48
1547382481 20.45
1547382542 20.47
1547382602 20.50
1547382663 20.48
1547382723 20.52
1547382784 20.49
1547382844 20.46
1547382904 20.45
1547382965 20.48
1547383025 20.49
1547383086 20.48
1547383146 20.47
1547383207 20.50
1547383268 20.50
1547383328 20.48
1547383388 20.52
1547383450 20.49
1547383510 20.50
1547383571 20.51
1547383631 20.48
1547383692 20.53
1547383752 20.47
1547383813 20.48
1547383873 20.48
1547383934 20.50
1547383994 20.49
1547384055 20.48
1547384115 20.49
1547384176 20.50
1547384237 20.51
1547384297 20.48
1547384358 20.50
1547384419 20.49
1547384479 20.51
1547384540 20.47
1547384600 20.46
1547384660 20.50
1547384721 20.50
1547384782 20.49
1547384844 20.51
1547384904 20.47
1547384965 20.50
1547385026 20.50
1547385086 20.50
1547385146 20.52
1547385207 20.50
1547385268 20.49
1547385329 20.50
1547385389 20.47
1547385450 20.51
1547385510 20.53
1547385572 20.47
1547385633 20.44
1547385693 20.52
1547385754 20.54
1547385815 20.48
1547385876 20.50
1547385936 20.50
1547385997 20.50
1547386057 20.52
1547386118 20.51
1547386178 20.52
1547386239 20.52
1547386300 20.50
1547386360 20.52
1547386421 20.48
1547386482 20.50
1547386542 20.53
1547386603 20.52
1547386663 20.50
1547386724 20.51
1547386785 20.53
1547386845 20.47
1547386906 20.50
1547386966 20.49
1547387027 20.50
1547387087 20.48
1547387148 20.52
1547387208 20.49
1547387269 20.51
1547387330 20.52
1547387390 20.49
1547387450 20.49
1547387511 20.51
1547387572 20.51
1547387632 20.51
1547387693 20.52
1547387754 20.53
1547387814 20.51
1547387875 20.52
1547387935 20.52
1547387996 20.52
1547388056 20.49
1547388117 20.50
1547388177 20.52
1547388237 20.54
1547388298 20.52
1547388358 20.49
1547388418 20.52
1547388479 20.56
1547388540 20.52
1547388600 20.51
1547388660 20.50
1547388721 20.54
1547388781 20.52
1547388841 20.51
1547388902 20.52
1547388963 20.52
1547389023 20.50
1547389083 20.49
1547389144 20.53
1547389204 20.52
1547389265 20.50
1547389326 20.52
1547389386 20.49
1547389446 20.51
1547389507 20.51
1547389567 20.51
1547389628 20.52
1547389689 20.52
1547389749 20.54
1547389810 20.51
1547389870 20.50
1547389931 20.53
1547389991 20.50
1547390052 20.50
1547390113 20.52
1547390174 20.49
1547390234 20.50
1547390294 20.51
1547390354 20.49
1547390415 20.50
1547390475 20.54
1547390536 20.52
1547390596 20.52
1547390657 20.50
1547390717 20.51
1547390777 20.50
1547390838 20.51
1547390898 20.55
1547390958 20.51
1547391019 20.53
1547391079 20.51
1547391140 20.53
1547391200 20.54
1547391261 20.51
1547391322 20.51
1547391382 20.52
1547391442 20.52
1547391503 20.54
1547391564 20.51
1547391624 20.52
1547391685 20.51
1547391746 20.50
1547391806 20.54
1547391867 20.56
1547391928 20.53
1547391988 20.51
1547392049 20.52
1547392109 20.53
1547392170 20.52
1547392230 20.49
1547392291 20.53
1547392351 20.49
1547392412 20.50
1547392472 20.50
1547392533 20.52
1547392593 20.50
1547392654 20.52
1547392715 20.52
1547392776 20.51
1547392836 20.53
1547392897 20.54
1547392958 20.52
1547393018 20.56
1547393078 20.53
1547393139 20.52
1547393199 20.50
1547393260 20.51
1547393321 20.50
1547393381 20.52
1547393442 20.52
1547393502 20.51
1547393563 20.49
1547393623 20.47
1547393684 20.52
1547393744 20.52
1547393805 20.52
1547393865 20.48
1547393925 20.50
1547393986 20.52
1547394046 20.52
1547394107 20.50
1547394168 20.54
1547394228 20.54
1547394288 20.52
1547394349 20.49
1547394409 20.51
1547394470 20.52
1547394530 20.52
1547394591 20.52
1547394651 20.51
1547394711 20.52
1547394772 20.54
1547394833 20.52
1547394893 20.52
1547394954 20.48
1547395015 20.52
1547395075 20.49
1547395136 20.54
1547395197 20.52
1547395258 20.53
1547395319 20.53
1547395379 20.48
1547395440 20.56
1547395501 20.53
1547395562 20.51
1547395622 20.55
1547395683 20.52
1547395743 20.50
1547395804 20.54
1547395865 20.54
1547395925 20.49
1547395986 20.53
1547396047 20.51
1547396107 20.52
1547396167 20.50
1547396228 20.52
1547396289 20.52
1547396349 20.52
1547396410 20.51
1547396470 20.49
1547396531 20.49
1547396591 20.53
1547396652 20.52
1547396713 20.52
1547396773 20.52
1547396833 20.49
1547396894 20.51
1547396954 20.51
1547397015 20.53
1547397075 20.50
1547397136 20.50
1547397197 20.53
1547397257 20.51
1547397318 20.51
1547397378 20.51
1547397439 20.53
1547397499 20.54
1547397560 20.53
1547397621 20.52
1547397681 20.51
1547397742 20.52
1547397802 20.53
1547397862 20.55
1547397923 20.52
1547397983 20.50
1547398044 20.49
1547398104 20.51
1547398165 20.50
1547398225 20.52
1547398285 20.52
1547398346 20.52
1547398406 20.50
1547398467 20.49
1547398527 20.50
1547398588 20.50
1547398649 20.52
1547398709 20.52
1547398770 20.50
1547398830 20.49
1547398892 20.50
1547398952 20.52
1547399013 20.51
1547399073 20.50
1547399134 20.50
1547399194 20.51
1547399255 20.51
1547399316 20.49
1547399377 20.54
1547399437 20.53
1547399498 20.51
1547399558 20.52
1547399619 20.56
1547399680 20.55
1547399741 20.52
1547399801 20.49
1547399862 20.52
1547399922 20.54
1547399983 20.50
1547400043 20.54
1547400104 20.50
1547400164 20.50
1547400225 20.56
1547400285 20.53
1547400346 20.54
1547400406 20.50
1547400466 20.55
1547400527 20.58
1547400587 20.54
1547400648 20.49
1547400708 20.50
1547400768 20.52
1547400829 20.51
1547400889 20.53
1547400950 20.54
1547401010 20.53
1547401071 20.57
1547401132 20.51
1547401193 20.53
1547401253 20.50
1547401314 20.49
1547401374 20.51
1547401434 20.51
1547401495 20.49
1547401556 20.52
1547401616 20.56
1547401677 20.54
1547401737 20.52
1547401798 20.50
1547401859 20.52
1547401919 20.51
1547401980 20.50
1547402040 20.55
1547402100 20.52
1547402161 20.54
1547402221 20.52
1547402282 20.52
1547402342 20.51
1547402402 20.51
1547402464 20.53
1547402524 20.52
1547402585 20.54
1547402645 20.54
1547402706 20.56
1547402766 20.52
1547402827 20.53
1547402887 20.52
1547402948 20.50
1547403008 20.54
1547403069 20.53
1547403129 20.49
1547403190 20.55
1547403250 20.53
1547403311 20.57
1547403371 20.57
1547403431 20.57
1547403492 20.52
1547403553 20.54
1547403614 20.53
1547403675 20.54
1547403736 20.56
1547403796 20.54
1547403857 20.54
1547403918 20.51
1547403978 20.50
1547404039 20.56
1547404099 20.58
1547404160 20.51
1547404221 20.56
1547404281 20.55
1547404341 20.55
1547404402 20.56
1547404463 20.50
1547404523 20.52
1547404584 20.53
1547404645 20.50
1547404705 20.50
1547404766 20.51
1547404826 20.53
1547404887 20.56
1547404948 20.51
1547405008 20.54
1547405069 20.54
1547405129 20.51
1547405190 20.57
1547405251 20.52
1547405311 20.51
1547405372 20.52
1547405432 20.51
1547405492 20.54
1547405553 20.53
1547405614 20.53
1547405674 20.50
1547405735 20.52
1547405796 20.52
1547405856 20.55
1547405917 20.54
1547405977 20.54
1547406038 20.56
1547406098 20.56
1547406159 20.54
1547406219 20.59
1547406279 20.58
1547406340 20.52
1547406400 20.54
1547406461 20.55
1547406521 20.56
1547406582 20.52
1547406642 20.55
1547406703 20.62
1547406765 20.53
1547406826 20.57
1547406886 20.50
1547406947 20.56
1547407008 20.56
1547407068 20.53
1547407129 20.51
1547407189 20.56
1547407250 20.52
1547407310 20.55
1547407370 20.56
1547407431 20.51
1547407492 20.52
1547407552 20.51
1547407613 20.53
1547407673 20.51
1547407733 20.53
1547407794 20.53
1547407854 20.52
1547407915 20.57
1547407975 20.51
1547408036 20.54
1547408097 20.51
1547408157 20.54
1547408218 20.56
1547408278 20.54
1547408338 20.54
1547408399 20.53
1547408460 20.56
1547408520 20.52
1547408581 20.54
1547408641 20.56
1547408702 20.54
1547408762 20.56
1547408823 20.54
1547409973 20.54
1547410034 20.54
1547410095 20.52
1547410155 20.58
1547410216 20.52
1547410277 20.57
1547410337 20.54
1547410398 20.56
1547410458 20.57
1547410519 20.62
1547410581 20.53
1547410641 20.54
1547410702 20.55
1547410762 20.55
1547410823 20.56
1547410884 20.57
1547410945 20.55
1547411005 20.57
1547411066 20.59
1547411127 20.56
1547411187 20.51
1547411247 20.60
1547411308 20.58
1547411369 20.61
1547411429 20.55
1547411490 20.57
1547411550 20.56
1547411611 20.59
1547411671 20.57
1547411732 20.60
1547411792 20.59
1547411853 20.56
1547411913 20.62
1547411974 20.59
1547412035 20.56
1547412096 20.60
1547412156 20.54
1547412217 20.56
1547412277 20.56
1547412338 20.58
1547412398 20.59
1547412459 20.59
1547412519 20.56
1547412580 20.56
1547412641 20.56
1547412702 20.60
1547412762 20.53
1547412822 20.59
1547412883 20.54
1547412943 20.61
1547413004 20.58
1547413064 20.55
1547413125 20.60
1547413185 20.59
1547413246 20.56
1547413307 20.56
1547413368 20.56
1547413429 20.59
1547413492 20.58
1547413552 20.54
1547413613 20.59
1547413673 20.59
1547413734 20.58
1547413794 20.61
1547413854 20.56
1547413915 20.56
1547413976 20.64
1547414036 20.56
1547414097 20.60
1547414157 20.58
1547414218 20.59
1547414279 20.59
1547414339 20.58
1547414399 20.61
1547414460 20.58
1547414521 20.58
1547414581 20.57
1547414642 20.56
1547414703 20.57
1547414763 20.59
1547414824 20.59
1547414885 20.59
1547414945 20.58
1547415005 20.57
1547415066 20.60
1547415127 20.60
1547415187 20.60
1547415248 20.64
1547415310 20.58
1547415371 20.57
1547415432 20.58
1547415492 20.52
1547415553 20.56
1547415613 20.52
1547415674 20.60
1547415734 20.61
1547415795 20.60
1547415856 20.59
1547415917 20.61
1547415977 20.58
1547416038 20.58
1547416098 20.56
1547416159 20.59
1547416219 20.57
1547416280 20.64
1547416340 20.58
1547416401 20.59
1547416462 20.60
1547416522 20.59
1547416583 20.57
1547416643 20.59
1547416704 20.55
1547416764 20.58
1547416825 20.60
1547416885 20.67
1547416946 20.62
1547417006 20.63
1547417067 20.60
1547417127 20.54
1547417188 20.53
1547417249 20.59
1547417309 20.57
1547417369 20.62
1547417430 20.56
1547417491 20.56
1547417551 20.57
1547417612 20.58
1547417673 20.59
1547417733 20.56
1547417793 20.52
1547417854 20.57
1547417915 20.61
1547417975 20.62
1547418036 20.60
1547418096 20.56
1547418157 20.64
1547418218 20.65
1547418278 20.56
1547418339 20.55
1547418399 20.60
1547418460 20.56
1547418520 20.61
1547418581 20.57
1547418641 20.61
1547418702 20.63
1547418762 20.64
1547418823 20.62
1547418883 20.61
1547418944 20.57
1547419004 20.59
1547419065 20.58
1547419125 20.63
1547419185 20.58
1547419246 20.64
1547419307 20.59
1547419367 20.62
1547419428 20.66
1547419488 20.61
1547419549 20.66
1547419610 20.61
1547419671 20.56
1547419731 20.61
1547419792 20.59
1547419852 20.57
1547419913 20.63
1547419973 20.64
1547420034 20.63
1547420094 20.61
1547420155 20.63
1547420215 20.63
1547420276 20.59
1547420337 20.64
1547420397 20.63
1547420458 20.63
1547420518 20.68
1547420579 20.62
1547420639 20.62
1547420700 20.59
1547420760 20.63
1547420821 20.59
1547420882 20.63
1547420942 20.62
1547421003 20.59
1547421063 20.65
1547421124 20.64
1547421185 20.61
1547421245 20.62
1547421306 20.59
1547421367 20.54
1547421427 20.63
1547421488 20.58
1547421549 20.61
1547421609 20.61
1547421669 20.67
1547421730 20.64
1547421791 20.56
1547421851 20.62
1547421912 20.61
1547421973 20.62
1547422033 20.61
1547422093 20.64
1547422154 20.53
1547422214 20.57
1547422275 20.62
1547422335 20.66
1547422395 20.62
1547422456 20.63
1547422517 20.64
1547422578 20.64
1547422638 20.68
1547422699 20.56
1547422760 20.60
1547422820 20.62
1547422881 20.54
1547422941 20.60
1547423002 20.64
1547423062 20.67
1547423123 20.57
1547423183 20.63
1547423244 20.62
1547423304 20.58
1547423364 20.65
1547423425 20.65
1547423485 20.60
1547423545 20.62
1547423605 20.60
1547423666 20.67
1547423726 20.61
1547423787 20.59
1547423848 20.66
1547423908 20.67
1547423969 20.66
1547424029 20.68
1547424090 20.61
1547424150 20.67
1547424210 20.64
1547424271 20.63
1547424331 20.61
1547424392 20.62
1547424453 20.63
1547424513 20.62
1547424574 20.67
1547424634 20.66
1547424695 20.63
1547424756 20.63
1547424817 20.62
1547424877 20.59
1547424938 20.62
1547424998 20.68
1547425059 20.63
1547425119 20.61
1547425179 20.62
1547425240 20.67
1547425300 20.60
1547425361 20.69
1547425421 20.62
1547425482 20.64
1547425543 20.64
1547425603 20.61
1547425664 20.59
1547425724 20.64
1547425785 20.61
1547425846 20.61
1547425906 20.62
1547425967 20.58
1547426028 20.59
1547426089 20.68
1547426149 20.64
1547426210 20.64
1547426270 20.62
1547426331 20.69
1547426391 20.60
1547426452 20.64
1547426513 20.60
1547426573 20.68
1547426634 20.65
1547426694 20.57
1547426755 20.62
1547426815 20.60
1547426876 20.66
1547426937 20.61
1547426997 20.63
1547427058 20.57
1547427118 20.56
1547427178 20.65
1547427239 20.64
1547427300 20.67
1547427360 20.65
1547427421 20.66
1547427482 20.63
1547427542 20.72
1547427602 20.64
1547427663 20.66
1547427723 20.66
1547427784 20.60
1547427844 20.64
1547427905 20.66
1547427966 20.59
1547428027 20.67
1547428087 20.59
1547428147 20.54
1547428208 20.62
1547428268 20.59
1547428329 20.59
1547428389 20.63
1547428450 20.63
1547428510 20.64
1547428571 20.67
1547428631 20.68
1547428692 20.63
1547428753 20.65
1547428813 20.68
1547428874 20.66
1547428935 20.64
1547428996 20.64
1547429056 20.65
1547429117 20.62
1547429178 20.60
1547429238 20.67
1547429298 20.69
1547429359 20.62
1547429420 20.69
1547429480 20.64
1547429540 20.70
1547429601 20.66
1547429662 20.62
1547429722 20.68
1547429783 20.67
1547429843 20.67
1547429904 20.67
1547429965 20.69
1547430025 20.69
1547430085 20.69
1547430146 20.68
1547430207 20.64
1547430267 20.65
1547430327 20.67
1547430388 20.67
1547430448 20.72
1547430509 20.67
1547430569 20.64
1547430630 20.69
1547430690 20.70
1547430751 20.68
1547430812 20.68
1547430872 20.67
1547430933 20.67
1547430993 20.60
1547431054 20.70
1547431115 20.60
1547431175 20.69
1547431236 20.62
1547431297 20.65
1547431357 20.64
1547431418 20.65
1547431478 20.68
1547431539 20.67
1547431600 20.67
1547431661 20.69
1547431721 20.61
1547431782 20.66
1547431843 20.64
1547431904 20.69
1547431964 20.72
1547432024 20.66
1547432085 20.66
1547432145 20.67
1547432206 20.66
1547432267 20.65
1547432328 20.74
1547432388 20.67
1547432449 20.68
1547432510 20.63
1547432570 20.65
1547432631 20.64
1547432691 20.66
1547432752 20.69
1547432813 20.61
1547432873 20.71
1547432934 20.65
1547432994 20.67
1547433054 20.71
1547433115 20.72
1547433176 20.71
1547433236 20.65
1547433297 20.69
1547433357 20.69
1547433418 20.68
1547433478 20.73
1547433539 20.68
1547433599 20.64
1547433660 20.68
1547433721 20.68
1547433781 20.70
1547433842 20.67
1547433902 20.68
1547433963 20.72
1547434023 20.68
1547434084 20.69
1547434145 20.69
1547434206 20.70
1547434267 20.69
1547434327 20.69
1547434387 20.62
1547434448 20.56
1547434508 20.71
1547434569 20.69
1547434630 20.67
1547434690 20.69
1547434750 20.67
1547434810 20.65
1547434871 20.70
1547434932 20.64
1547434992 20.69
1547435053 20.71
1547435113 20.70
1547435174 20.71
1547435235 20.72
1547435295 20.66
1547435355 20.71
1547435416 20.68
1547435476 20.68
1547435537 20.72
1547435597 20.71
1547435658 20.69
1547435718 20.66
1547435779 20.68
1547435839 20.69
1547435900 20.66
1547435961 20.68
1547436021 20.68
1547436082 20.69
1547436142 20.68
1547436203 20.72
1547436264 20.68
1547436324 20.70
1547436384 20.69
1547436445 20.69
1547436505 20.69
1547436566 20.69
1547436628 20.70
1547436689 20.64
1547436750 20.71
1547436810 20.68
1547436872 20.68
1547436933 20.62
1547436993 20.64
1547437054 20.70
1547437115 20.63
1547437175 20.69
1547437235 20.68
1547437295 20.69
1547437356 20.71
1547437416 20.72
1547437477 20.62
1547437538 20.71
1547437598 20.70
1547437659 20.69
1547437719 20.68
1547437779 20.70
1547437840 20.68
1547437903 20.69
1547437963 20.74
1547438023 20.68
1547438084 20.66
1547438145 20.69
1547438205 20.69
1547438266 20.72
1547438327 20.66
1547438387 20.68
1547438448 20.73
1547438508 20.70
1547438571 20.68
1547438631 20.65
1547438692 20.71
1547438753 20.73
1547438813 20.68
1547438873 20.69
1547438934 20.74
1547438995 20.73
1547439056 20.70
1547439116 20.72
1547439177 20.71
1547439237 20.74
1547439298 20.67
1547439359 20.72
1547439419 20.69
1547439480 20.72
1547439540 20.72
1547439601 20.71
1547439661 20.76
1547439722 20.68
1547439783 20.71
1547439844 20.72
1547439904 20.72
1547439965 20.66
1547440025 20.71
1547440086 20.70
1547440146 20.71
1547440206 20.72
1547440266 20.72
1547440327 20.73
1547440388 20.69
1547440448 20.77
1547440508 20.66
1547440569 20.68
1547440629 20.68
1547440690 20.72
1547440750 20.72
1547440811 20.72
1547440872 20.71
1547440932 20.75
1547440992 20.70
1547441053 20.69
1547441114 20.70
1547441174 20.70
1547441235 20.70
1547441296 20.70
1547441356 20.69
1547441417 20.73
1547441477 20.73
1547441538 20.72
1547441599 20.66
1547441659 20.69
1547441719 20.67
1547441780 20.69
1547441841 20.72
1547441903 20.70
1547441963 20.73
1547442024 20.74
1547442084 20.72
1547442145 20.72
1547442206 20.76
1547442266 20.75
1547442327 20.72
1547442387 20.72
1547442448 20.73
1547442508 20.71
1547442569 20.71
1547442629 20.71
1547442690 20.71
1547442751 20.70
1547442812 20.71
1547442873 20.75
1547442933 20.72
1547442993 20.73
1547443054 20.77
1547443115 20.73
1547443176 20.76
1547443236 20.77
1547443297 20.74
1547443358 20.76
1547443418 20.76
1547443479 20.75
1547443540 20.71
1547443601 20.73
1547443661 20.72
1547443722 20.68
1547443783 20.75
1547443843 20.72
1547443904 20.73
1547443965 20.75
1547444026 20.73
1547444087 20.72
1547444147 20.76
1547444208 20.74
1547444269 20.67
1547444329 20.74
1547444390 20.73
1547444451 20.71
1547444511 20.74
1547444572 20.73
1547444632 20.75
1547444693 20.77
1547444753 20.73
1547444814 20.73
1547444874 20.75
1547444935 20.76
1547444995 20.71
1547445056 20.78
1547445116 20.75
1547445176 20.72
1547445237 20.77
1547445297 20.74
1547445358 20.78
1547445418 20.75
1547445479 20.77
1547445539 20.76
1547445600 20.74
1547445660 20.72
1547445721 20.73
1547445781 20.70
1547445842 20.72
1547445903 20.73
1547445963 20.70
1547446024 20.72
1547446085 20.69
1547446145 20.74
1547446206 20.68
1547446267 20.72
1547446327 20.64
1547446387 20.76
1547446448 20.74
1547446509 20.74
1547446569 20.72
1547446630 20.75
1547446690 20.73
1547446750 20.72
1547446810 20.75
1547446871 20.75
1547446931 20.75
1547446992 20.76
1547447053 20.68
1547447114 20.70
1547447174 20.71
1547447235 20.72
1547447296 20.75
1547447356 20.76
1547447417 20.71
1547447477 20.71
1547447538 20.69
1547447599 20.70
1547447659 20.75
1547447719 20.71
1547447780 20.76
1547447840 20.71
1547447901 20.74
1547447962 20.75
1547448023 20.74
1547448084 20.69
1547448144 20.75
1547448205 20.74
1547448266 20.74
1547448326 20.61
1547448387 20.72
1547448447 20.74
1547448507 20.77
1547448568 20.80
1547448629 20.78
1547448690 20.78
1547448751 20.75
1547448811 20.71
1547448871 20.77
1547448932 20.68
1547448992 20.71
1547449053 20.76
1547449114 20.77
1547449174 20.76
1547449234 20.76
1547449295 20.75
1547449355 20.78
1547449416 20.75
1547449476 20.68
1547449537 20.76
1547449597 20.77
1547449658 20.78
1547449719 20.72
1547449779 20.77
1547449839 20.69
1547449900 20.77
1547449961 20.75
1547450022 20.78
1547450082 20.78
1547450143 20.80
1547450203 20.78
1547450263 20.75
1547450324 20.80
1547450384 20.74
1547450445 20.73
1547450505 20.76
1547450566 20.74
1547450627 20.79
1547450688 20.77
1547450749 20.80
1547450809 20.76
1547450869 20.78
1547450931 20.79
1547450991 20.74
1547451052 20.74
1547451113 20.75
1547451173 20.75
1547451234 20.71
1547451294 20.76
1547451355 20.75
1547451415 20.76
1547451476 20.76
1547451536 20.76
1547451597 20.80
1547451657 20.77
1547451717 20.78
1547451778 20.78
1547451839 20.76
1547451899 20.78
1547451959 20.78
1547452020 20.76
1547452082 20.70
1547452143 20.75
1547452203 20.73
1547452264 20.77
1547452324 20.75
1547452385 20.77
1547452446 20.76
1547452506 20.78
1547452567 20.78
1547452627 20.76
1547452688 20.77
1547452749 20.78
1547452809 20.75
1547452870 20.79
1547452930 20.76
1547452991 20.74
1547453051 20.76
1547453112 20.76
1547453172 20.75
1547453233 20.71
1547453293 20.81
1547453354 20.79
1547453414 20.74
1547453475 20.80
1547453536 20.75
1547453596 20.75
1547453657 20.72
1547453717 20.78
1547453778 20.75
1547453838 20.82
1547453899 20.76
1547453960 20.76
1547454021 20.72
1547454081 20.77
1547454143 20.78
1547454203 20.75
1547454265 20.77
1547454325 20.77
1547454386 20.76
1547454446 20.77
1547454507 20.74
1547454567 20.76
1547454628 20.75
1547454688 20.76
1547454749 20.74
1547454810 20.76
1547454870 20.80
1547454931 20.76
1547454991 20.77
1547455052 20.76
1547455112 20.70
1547455173 20.81
1547455234 20.83
1547455295 20.73
1547455355 20.71
1547455416 20.73
1547455476 20.79
1547455536 20.78
1547455597 20.75
1547455658 20.80
1547455719 20.78
1547455779 20.76
1547455840 20.73
1547455900 20.75
1547455961 20.77
1547456022 20.74
1547456083 20.77
1547456143 20.74
1547456204 20.72
1547456265 20.75
1547456325 20.78
1547456386 20.73
1547456447 20.75
1547456507 20.78
1547456568 20.75
1547456628 20.72
1547456689 20.73
1547456750 20.71
1547456810 20.79
1547456870 20.77
1547456931 20.76
1547456992 20.76
1547457052 20.79
1547457112 20.71
1547457173 20.79
1547457234 20.76
1547457295 20.75
1547457355 20.77
1547457416 20.76
1547457476 20.73
1547457537 20.73
1547457597 20.75
1547457658 20.79
1547457719 20.75
1547457780 20.74
1547457840 20.75
1547457901 20.75
1547457961 20.72
1547458022 20.74
1547458082 20.77
1547458143 20.72
1547458204 20.72
1547458264 20.71
1547458325 20.74
1547458386 20.75
1547458446 20.76
1547458506 20.76
1547458567 20.75
1547458627 20.74
1547458688 20.73
1547458748 20.77
1547458809 20.74
1547458871 20.78
1547458931 20.76
1547458992 20.81
1547459052 20.69
1547459113 20.76
1547459174 20.77
1547459234 20.77
1547459295 20.75
1547459356 20.75
1547459416 20.75
1547459477 20.77
1547459537 20.69
1547459598 20.73
1547459658 20.71
1547459719 20.72
1547459779 20.73
1547459840 20.71
1547459900 20.74
1547459960 20.73
1547460021 20.80
1547460082 20.76
1547460142 20.74
1547460203 20.73
1547460263 20.69
1547460324 20.72
1547460384 20.77
1547460445 20.76
1547460506 20.72
1547460567 20.71
1547460627 20.73
1547460687 20.77
1547460747 20.76
1547460808 20.74
1547460869 20.77
1547460929 20.77
1547460990 20.75
1547461050 20.74
1547461111 20.72
1547461172 20.72
1547461233 20.71
1547461293 20.77
1547461354 20.69
1547461414 20.76
1547461475 20.76
1547461536 20.74
1547461596 20.71
1547461657 20.75
1547461717 20.74
1547461778 20.73
1547461838 20.74
1547461899 20.78
1547461960 20.74
1547462020 20.75
1547462081 20.75
1547462141 20.75
1547462202 20.74
1547462263 20.78
1547462324 20.76
1547462385 20.77
1547462445 20.79
1547462506 20.74
1547462566 20.76
1547462627 20.77
1547462688 20.80
1547462748 20.72
1547462808 20.76
1547462869 20.77
1547462929 20.79
1547462990 20.80
1547463050 20.77
1547463110 20.75
1547463171 20.83
1547463232 20.82
1547463293 20.80
1547463353 20.74
1547463414 20.80
1547463474 20.77
1547463535 20.74
1547463596 20.80
1547463656 20.76
1547463716 20.75
1547463777 20.78
1547463838 20.80
1547463898 20.76
1547463959 20.79
1547464019 20.79
1547464080 20.79
1547464140 20.80
1547464200 20.79
1547464261 20.76
1547464322 20.78
1547464382 20.78
1547464443 20.77
1547464504 20.77
1547464564 20.80
1547464624 20.82
1547464685 20.81
1547464746 20.76
1547464806 20.79
1547464867 20.79
1547464928 20.80
1547464988 20.78
1547465049 20.79
1547465109 20.78
1547465170 20.79
1547465230 20.80
1547465291 20.84
1547465351 20.77
1547465411 20.81
1547465471 20.80
1547465532 20.77
1547465593 20.80
1547465654 20.77
1547465714 20.75
1547465775 20.79
1547465836 20.79
1547465897 20.76
1547465957 20.80
1547466018 20.75
1547466078 20.80
1547466139 20.80
1547466199 20.79
1547466260 20.79
1547466320 20.75
1547466380 20.75
1547466441 20.76
1547466502 20.82
1547466563 20.75
1547466623 20.79
1547466684 20.82
1547466745 20.81
1547466806 20.80
1547466866 20.80
1547466927 20.78
1547466987 20.87
1547467048 20.82
1547467110 20.77
1547467171 20.74
1547467231 20.76
1547467292 20.84
1547467353 20.80
1547467413 20.78
1547467473 20.80
1547467534 20.76
1547467595 20.76
1547467655 20.82
1547467716 20.75
1547467776 20.77
1547467837 20.82
1547467897 20.77
1547467958 20.80
1547468018 20.76
1547468079 20.81
1547468140 20.80
1547468200 20.80
1547468261 20.81
1547468321 20.79
1547468383 20.80
1547468444 20.84
1547468504 20.88
1547468565 20.79
1547468625 20.79
1547468686 20.81
1547468747 20.80
1547468807 20.81
1547468868 20.85
1547468928 20.86
1547468989 20.77
1547469050 20.88
1547469111 20.78
1547469171 20.80
1547469232 20.81
1547469292 20.80
1547469353 20.79
1547469413 20.85
1547469474 20.81
1547469534 20.84
1547469595 20.80
1547469656 20.82
1547469716 20.80
1547469777 20.86
1547469838 20.81
1547469898 20.87
1547469959 20.83
1547470019 20.86
1547470080 20.84
1547470141 20.83
1547470201 20.83
1547470262 20.85
1547470322 20.79
1547470383 20.86
1547470444 20.82
1547470505 20.80
1547470566 20.83
1547470626 20.87
1547470687 20.79
1547470747 20.83
1547470807 20.86
1547470868 20.87
1547470928 20.81
1547470989 20.86
1547471049 20.84
1547471111 20.80
1547471172 20.84
1547471232 20.81
1547471293 20.84
1547471353 20.88
1547471414 20.81
1547471474 20.84
1547471535 20.85
1547471595 20.84
1547471656 20.87
1547471716 20.83
1547471777 20.79
1547471838 20.91
1547471898 20.89
1547471959 20.93
1547472020 20.81
1547472081 20.83
1547472142 20.91
1547472202 20.85
1547472263 20.86
1547472323 20.87
1547472384 20.82
1547472444 20.86
1547472505 20.87
1547472565 20.85
1547472626 20.86
1547472686 20.81
1547472747 20.85
1547472808 20.85
1547472869 20.86
1547472929 20.80
1547472990 20.81
1547473050 20.84
1547473111 20.87
1547473171 20.87
1547473232 20.85
1547473293 20.75
1547473353 20.77
1547473414 20.83
1547473475 20.85
1547473536 20.91
1547473596 20.87
1547473657 20.81
1547473718 20.91
1547473779 20.88
1547473839 20.86
1547473899 20.86
1547473960 20.89
1547474021 20.89
1547474082 20.84
1547474142 20.88
1547474202 20.76
1547474263 20.80
1547474324 20.84
1547474384 20.84
1547474445 20.84
1547474506 20.87
1547474566 20.89
1547474626 20.91
1547474687 20.81
1547474747 20.85
1547474808 20.87
1547474868 20.80
1547474928 20.85
1547474989 20.83
1547475050 20.84
1547475111 20.84
1547475171 20.90
1547475232 20.85
1547475292 20.84
1547475352 20.88
1547475413 20.83
1547475473 20.86
1547475534 20.92
1547475595 20.88
1547475657 20.90
1547475717 20.86
1547475778 20.88
1547475838 20.84
1547475898 20.89
1547475959 20.84
1547476019 20.85
1547476079 20.83
1547476140 20.85
1547476200 20.83
1547476260 20.89
1547476320 20.76
1547476381 20.81
1547476442 20.81
1547476502 20.82
1547476563 20.90
1547476623 20.88
1547476684 20.88
1547476744 20.88
1547476805 20.92
1547476866 20.87
1547476926 20.81
1547476987 20.85
1547477048 20.87
1547477108 20.88
1547477169 20.84
1547477230 20.88
1547477290 20.84
1547477352 20.93
1547477412 20.80
1547477473 20.84
1547477534 20.86
1547477595 20.83
1547477655 20.80
1547477716 20.87
1547477776 20.88
1547477837 20.84
1547477897 20.92
1547477958 20.91
1547478018 20.89
1547478079 20.83
1547478139 20.87
1547478200 20.89
1547478260 20.87
1547478321 20.81
1547478381 20.86
1547478442 20.88
1547478502 20.83
1547478563 20.87
1547478623 20.82
1547478683 20.83
1547478744 20.85
1547478804 20.82
1547478865 20.88
1547478925 20.92
1547478986 20.87
1547479046 20.84
1547479107 20.83
1547479168 20.86
1547479228 20.89
1547479288 20.77
1547479349 20.77
1547479410 20.86
1547479470 20.89
1547479531 20.86
1547479592 20.85
1547479652 20.81
1547479713 20.82
1547479773 20.84
1547479834 20.88
1547479895 20.89
1547479955 20.83
1547480016 20.89
1547480076 20.87
1547480137 20.87
1547480198 20.85
1547480258 20.86
1547480319 20.83
1547480379 20.84
1547480440 20.81
1547480500 20.90
1547480561 20.88
1547480621 20.87
1547480681 20.93
1547480742 20.84
1547480802 20.88
1547480863 20.92
1547480923 20.91
1547480985 20.89
1547481045 20.83
1547481106 20.87
1547481166 20.87
1547481226 20.89
1547481287 20.85
1547481347 20.87
1547481408 20.88
1547481468 20.86
1547481529 20.89
1547481589 20.81
1547481650 20.84
1547481710 20.90
1547481770 20.94
1547481831 20.87
1547481891 20.90
1547481951 20.87
1547482011 20.87
1547482072 20.91
1547482133 20.86
1547482193 20.94
1547482254 20.88
1547482314 20.91
1547482375 20.88
1547482436 20.91
1547482496 20.93
1547482557 20.89
1547482617 20.89
1547482677 20.92
1547482738 20.90
1547482798 20.82
1547482859 20.89
1547482920 20.80
1547482980 20.88
1547483041 20.80
1547483101 20.86
1547483162 20.86
1547483222 20.88
1547483283 20.86
1547483343 20.89
1547483403 20.87
1547483464 20.87
1547483524 20.82
1547483585 20.84
1547483645 20.89
1547483705 20.92
1547483766 20.86
1547483826 20.87
1547483887 20.90
1547483947 20.90
1547484008 20.89
1547484068 20.88
1547484129 20.86
1547484190 20.85
1547484250 20.86
1547484310 20.87
1547484371 20.91
1547484431 20.87
1547484492 20.88
1547484553 20.91
1547484614 20.81
1547484674 20.87
1547484735 20.86
1547484795 20.90
1547484855 20.78
1547484918 20.87
1547484978 20.91
1547485039 20.91
1547485100 20.88
1547485160 20.87
1547485221 20.92
1547485282 20.83
1547485342 20.84
1547485403 20.82
1547485463 20.82
1547485524 20.83
1547485584 20.83
1547485645 20.78
1547485705 20.76
1547485766 20.81
1547485826 20.81
1547485887 20.86
1547485948 20.88
1547486008 20.87
1547486068 20.87
1547486129 20.82
1547486190 20.86
1547486251 20.77
1547486311 20.85
1547486372 20.75
1547486432 20.84
1547486493 20.84
1547486553 20.76
1547486613 20.76
1547486674 20.78
1547486735 20.84
1547486796 20.85
1547486856 20.88
1547486917 20.83
1547486978 20.89
1547487038 20.78
1547487099 20.87
1547487159 20.86
1547487220 20.82
1547487281 20.81
1547487341 20.87
1547487402 20.87
1547487462 20.88
1547487523 20.88
1547487584 20.83
1547487644 20.76
1547487705 20.90
1547487766 20.85
1547487826 20.85
1547487887 20.90
1547487948 20.89
1547488008 20.87
1547488069 20.84
1547488130 20.88
1547488190 20.79
1547488251 20.88
1547488311 20.78
1547488372 20.79
1547488432 20.86
1547488493 20.89
1547488553 20.82
1547488613 20.88
1547488674 20.89
1547488734 20.85
1547488795 20.87
1547488855 20.84
1547488916 20.92
1547488976 20.90
1547489036 20.88
1547489098 20.89
1547489159 20.88
1547489219 20.82
1547489280 20.84
1547489340 20.88
1547489400 20.88
1547489461 20.92
1547489521 20.92
1547489581 20.87
1547489642 20.85
1547489702 20.91
1547489763 20.84
1547489824 20.87
1547489884 20.93
1547489945 20.90
1547490006 20.90
1547490067 20.85
1547490128 20.93
1547490188 20.94
1547490249 20.88
1547490309 20.87
1547490369 20.89
1547490430 20.80
1547490490 20.88
1547490551 20.83
1547490612 20.84
1547490672 20.81
1547490732 20.88
1547490792 20.84
1547490853 20.80
1547490914 20.84
1547490974 20.85
1547491035 20.80
1547491097 20.88
1547491159 20.87
1547491220 20.87
1547491280 20.83
1547491341 20.91
1547491401 20.92
1547491461 20.92
1547491522 20.96
1547491582 20.87
1547491643 20.91
1547491703 20.89
1547491764 20.84
1547491824 20.93
1547491884 20.85
1547491945 20.89
1547492005 20.89
1547492066 20.92
1547492126 20.91
1547492187 20.90
1547492248 20.88
1547492308 20.90
1547492369 20.89
1547492430 20.84
1547492492 20.88
1547492552 20.79
1547492613 20.90
1547492673 20.86
1547492734 20.89
1547492795 20.87
1547492855 20.87
1547492915 20.88
1547492977 20.84
1547493038 20.94
1547493099 20.83
1547493159 20.95
1547493220 20.90
1547493281 20.91
1547493341 20.87
1547493402 20.88
1547493462 20.84
1547493523 20.89
1547493583 20.88
1547493644 20.91
1547493705 20.94
1547493765 20.90
1547493826 20.92
1547493886 20.91
1547493947 20.89
1547494008 20.91
1547494068 20.83
1547494129 20.86
1547494189 20.84
1547494250 20.83
1547494310 20.94
1547494371 20.93
1547494432 20.93
1547494492 20.88
1547494552 20.83
1547494613 20.93
1547494673 20.89
1547494734 20.90
1547494795 20.89
1547494855 20.87
1547494916 20.93
1547494977 20.88
1547495037 20.89
1547495098 20.89
1547495158 20.81
1547495219 20.90
1547495279 20.91
1547495340 20.88
1547495401 20.88
1547495461 20.87
1547495522 20.93
1547495582 20.91
1547495642 20.89
1547495704 20.89
1547495765 20.93
1547495826 20.90
1547495886 20.87
1547495947 20.93
1547496007 20.84
1547496068 20.81
1547496128 20.84
1547496189 20.79
1547496250 20.80
1547496310 20.87
1547496371 20.82
1547496431 20.88
1547496491 20.87
1547496552 20.92
1547496613 20.88
1547496673 20.87
1547496734 20.89
1547496794 20.85
1547496855 20.89
1547496916 20.92
1547496976 20.93
1547497037 20.92
1547497098 20.92
1547497158 20.84
1547497219 20.89
1547497280 20.97
1547497340 20.89
1547497401 20.90
1547497461 20.93
1547497522 20.89
1547497582 20.87
1547497643 20.92
1547497704 20.90
1547497764 20.88
1547497824 20.86
1547497885 20.91
1547497945 20.93
1547498006 20.89
1547498067 20.92
1547498127 20.92
1547498187 20.96
1547498248 20.92
1547498309 20.94
1547498369 20.84
1547498430 20.82
1547498491 20.84
1547498551 20.93
1547498612 20.89
1547498672 20.90
1547498733 20.94
1547498793 20.96
1547498854 20.95
1547498915 20.91
1547498975 20.91
1547499035 20.92
1547499096 20.87
1547499157 20.91
1547499217 20.89
1547499278 20.88
1547499339 20.95
1547499399 20.88
1547499460 20.84
1547499520 20.84
1547499581 20.87
1547499641 20.87
