1547240342 -11.39
1547240405 -11.35
1547240467 -11.28
1547240530 -11.25
1547240592 -11.31
1547240655 -11.37
1547240717 -11.28
1547240780 -11.41
1547240843 -11.45
1547240906 -11.35
1547240969 -11.36
1547241032 -11.34
1547241094 -11.32
1547241157 -11.36
1547241219 -11.30
1547241282 -11.40
1547241345 -11.32
1547241407 -11.41
1547241470 -11.29
1547241532 -11.38
1547241595 -11.44
1547241658 -11.35
1547241720 -11.44
1547241783 -11.29
1547241845 -11.34
1547241908 -11.39
1547241971 -11.39
1547242033 -11.27
1547242096 -11.43
1547242158 -11.30
1547242221 -11.51
1547242284 -11.45
1547242346 -11.32
1547242409 -11.33
1547242472 -11.43
1547242532 -11.41
1547242595 -11.41
1547242657 -11.49
1547242720 -11.31
1547242783 -11.38
1547242846 -11.42
1547242908 -11.42
1547242971 -11.30
1547243034 -11.37
1547243096 -11.39
1547243159 -11.45
1547243222 -11.34
1547243284 -11.30
1547243347 -11.33
1547243409 -11.35
1547243472 -11.31
1547243535 -11.31
1547243598 -11.26
1547243660 -11.36
1547243723 -11.32
1547243786 -11.23
1547243849 -11.45
1547243911 -11.27
1547243974 -11.40
1547244037 -11.45
1547244099 -11.26
1547244162 -11.48
1547244224 -11.36
1547244287 -11.53
1547244349 -11.40
1547244412 -11.37
1547244474 -11.36
1547244537 -11.46
1547244599 -11.33
1547244662 -11.50
1547244724 -11.46
1547244787 -11.29
1547244850 -11.37
1547244912 -11.37
1547244975 -11.29
1547245037 -11.39
1547245100 -11.36
1547245162 -11.44
1547245225 -11.52
1547245288 -11.42
1547245351 -11.39
1547245414 -11.38
1547245476 -11.43
1547245539 -11.53
1547245602 -11.43
1547245664 -11.41
1547245727 -11.45
1547245789 -11.37
1547245852 -11.46
1547245914 -11.38
1547245977 -11.46
1547246039 -11.50
1547246102 -11.62
1547246165 -11.43
1547246227 -11.57
1547246290 -11.37
1547246352 -11.46
1547246415 -11.35
1547246477 -11.49
1547246540 -11.39
1547246603 -11.35
1547246665 -11.34
1547246728 -11.39
1547246791 -11.48
1547246853 -11.54
1547246916 -11.44
1547246979 -11.43
1547247042 -11.43
1547247104 -11.41
1547247166 -11.47
1547247229 -11.32
1547247292 -11.48
1547247355 -11.44
1547247417 -11.46
1547247480 -11.38
1547247543 -11.36
1547247606 -11.44
1547247668 -11.38
1547247731 -11.32
1547247793 -11.53
1547247856 -11.43
1547247919 -11.44
1547247982 -11.45
1547248045 -11.33
1547248108 -11.44
1547248170 -11.46
1547248233 -11.43
1547248295 -11.46
1547248358 -11.33
1547248420 -11.53
1547248483 -11.44
1547248546 -11.40
1547248606 -11.46
1547248669 -11.34
1547248731 -11.38
1547248794 -11.38
1547248856 -11.49
1547248919 -11.36
1547248982 -11.39
1547249045 -11.56
1547249107 -11.36
1547249170 -11.44
1547249233 -11.39
1547249295 -11.50
1547249358 -11.50
1547249420 -11.43
1547249483 -11.46
1547249545 -11.47
1547249608 -11.55
1547249671 -11.47
1547249733 -11.52
1547249796 -11.49
1547249858 -11.50
1547249921 -11.40
1547249984 -11.52
1547250047 -11.45
1547250109 -11.54
1547250172 -11.61
1547250235 -11.68
1547250297 -11.55
1547250360 -11.55
1547250422 -11.48
1547250485 -11.56
1547250548 -11.53
1547250610 -11.63
1547250673 -11.57
1547250735 -11.53
1547250797 -11.65
1547250860 -11.54
1547250923 -11.43
1547250986 -11.45
1547251048 -11.58
1547251110 -11.55
1547251173 -11.60
1547251236 -11.58
1547251298 -11.54
1547251361 -11.49
1547251424 -11.47
1547251487 -11.47
1547251549 -11.54
1547251612 -11.51
1547251675 -11.59
1547251737 -11.52
1547251800 -11.51
1547251863 -11.50
1547251925 -11.55
1547251988 -11.58
1547252050 -11.55
1547252112 -11.45
1547252173 -11.42
1547252235 -11.43
1547252298 -11.57
1547252360 -11.47
1547252423 -11.49
1547252486 -11.50
1547252548 -11.41
1547252611 -11.45
1547252674 -11.55
1547252737 -11.49
1547252800 -11.54
1547252862 -11.56
1547252925 -11.50
1547252987 -11.55
1547253050 -11.51
1547253113 -11.52
1547253176 -11.61
1547253238 -11.59
1547253300 -11.51
1547253362 -11.54
1547253425 -11.50
1547253488 -11.56
1547253551 -11.56
1547253613 -11.63
1547253675 -11.63
1547253738 -11.45
1547253800 -11.51
1547253863 -11.51
1547253925 -11.52
1547253988 -11.44
1547254050 -11.55
1547254113 -11.52
1547254175 -11.59
1547254238 -11.63
1547254301 -11.55
1547254364 -11.46
1547254427 -11.40
1547254490 -11.56
1547254552 -11.59
1547254615 -11.44
1547254678 -11.49
1547254740 -11.48
1547254803 -11.51
1547254866 -11.53
1547254928 -11.52
1547254991 -11.54
1547255053 -11.55
1547255115 -11.56
1547255178 -11.47
1547255241 -11.65
1547255303 -11.41
1547255366 -11.55
1547255429 -11.38
1547255491 -11.65
1547255554 -11.41
1547255616 -11.44
1547255679 -11.55
1547255741 -11.62
1547255804 -11.50
1547255867 -11.45
1547255929 -11.59
1547255992 -11.63
1547256055 -11.53
1547256117 -11.50
1547256180 -11.56
1547256243 -11.57
1547256305 -11.63
1547256368 -11.50
1547256430 -11.56
1547256493 -11.60
1547256556 -11.45
1547256619 -11.47
1547256679 -11.39
1547256742 -11.41
1547256805 -11.49
1547256867 -11.55
1547256930 -11.57
1547256993 -11.58
1547257055 -11.56
1547257118 -11.50
1547257180 -11.49
1547257242 -11.57
1547257305 -11.55
1547257368 -11.56
1547257431 -11.51
1547257493 -11.63
1547257556 -11.55
1547257619 -11.65
1547257681 -11.55
1547257744 -11.60
1547257806 -11.66
1547257869 -11.54
1547257932 -11.54
1547257994 -11.65
1547258057 -11.54
1547258119 -11.60
1547258182 -11.54
1547258245 -11.53
1547258308 -11.54
1547258370 -11.55
1547258433 -11.51
1547258496 -11.57
1547258558 -11.56
1547258621 -11.47
1547258683 -11.41
1547258746 -11.67
1547258809 -11.44
1547258871 -11.51
1547258934 -11.57
1547258997 -11.50
1547259059 -11.52
1547259122 -11.48
1547259184 -11.53
1547259247 -11.63
1547259309 -11.53
1547259372 -11.49
1547259435 -11.52
1547259497 -11.58
1547259560 -11.62
1547259623 -11.47
1547259685 -11.51
1547259748 -11.50
1547259811 -11.41
1547259873 -11.51
1547259935 -11.54
1547259998 -11.57
1547260060 -11.61
1547260123 -11.62
1547260186 -11.54
1547260247 -11.63
1547260309 -11.68
1547260372 -11.59
1547260435 -11.54
1547260497 -11.62
1547260560 -11.64
1547260622 -11.66
1547260685 -11.51
1547260747 -11.48
1547260810 -11.55
1547260873 -11.63
1547260936 -11.59
1547260998 -11.62
1547261061 -11.60
1547261124 -11.56
1547261187 -11.66
1547261250 -11.57
1547261313 -11.52
1547261375 -11.57
1547261438 -11.52
1547261501 -11.58
1547261563 -11.58
1547261626 -11.59
1547261689 -11.54
1547261751 -11.48
1547261814 -11.62
1547261877 -11.51
1547261939 -11.73
1547262002 -11.63
1547262065 -11.60
1547262127 -11.46
1547262190 -11.55
1547262252 -11.68
1547262315 -11.55
1547262377 -11.60
1547262440 -11.61
1547262502 -11.67
1547262565 -11.57
1547262627 -11.54
1547262690 -11.58
1547262752 -11.49
1547262815 -11.51
1547262878 -11.53
1547262940 -11.57
1547263003 -11.55
1547263065 -11.55
1547263128 -11.62
1547263191 -11.52
1547263253 -11.57
1547263316 -11.55
1547263379 -11.65
1547263442 -11.61
1547263502 -11.71
1547263565 -11.58
1547263628 -11.63
1547263690 -11.53
1547263753 -11.68
1547263816 -11.55
1547263878 -11.50
1547263941 -11.61
1547264004 -11.57
1547264066 -11.60
1547264129 -11.61
1547264192 -11.62
1547264254 -11.52
1547264317 -11.61
1547264380 -11.49
1547264442 -11.56
1547264505 -11.62
1547264568 -11.68
1547264630 -11.52
1547264693 -11.58
1547264755 -11.59
1547264818 -11.57
1547264881 -11.56
1547264944 -11.69
1547265006 -11.57
1547265069 -11.63
1547265131 -11.63
1547265194 -11.49
1547265256 -11.52
1547265319 -11.61
1547265382 -11.53
1547265444 -11.67
1547265507 -11.58
1547265569 -11.54
1547265632 -11.55
1547265695 -11.63
1547265757 -11.56
1547265820 -11.57
1547265883 -11.50
1547265945 -11.61
1547266008 -11.52
1547266071 -11.60
1547266134 -11.52
1547266196 -11.44
1547266259 -11.65
1547266321 -11.58
1547266384 -11.68
1547266447 -11.54
1547266509 -11.64
1547266572 -11.65
1547266634 -11.64
1547266697 -11.64
1547266760 -11.53
1547266822 -11.50
1547266885 -11.65
1547266947 -11.59
1547267010 -11.57
1547267072 -11.66
1547267135 -11.64
1547267198 -11.68
1547267260 -11.53
1547267323 -11.55
1547267386 -11.59
1547267448 -11.61
1547267510 -11.51
1547267573 -11.58
1547267636 -11.53
1547267698 -11.41
1547267761 -11.57
1547267824 -11.53
1547267887 -11.50
1547267949 -11.55
1547268012 -11.50
1547268074 -11.51
1547268137 -11.52
1547268200 -11.48
1547268262 -11.43
1547268325 -11.57
1547268387 -11.53
1547268450 -11.53
1547268512 -11.57
1547268575 -11.51
1547268638 -11.50
1547268700 -11.43
1547268763 -11.63
1547268826 -11.55
1547268888 -11.54
1547268951 -11.50
1547269013 -11.55
1547269076 -11.46
1547269138 -11.54
1547269201 -11.51
1547269264 -11.43
1547269326 -11.44
1547269389 -11.57
1547269451 -11.45
1547269514 -11.46
1547269577 -11.44
1547269640 -11.49
1547269702 -11.47
1547269765 -11.32
1547269827 -11.53
1547269890 -11.52
1547269952 -11.54
1547270015 -11.48
1547270078 -11.54
1547270139 -11.49
1547270202 -11.53
1547270264 -11.43
1547270327 -11.57
1547270389 -11.53
1547270452 -11.51
1547270515 -11.50
1547270577 -11.46
1547270640 -11.56
1547270702 -11.52
1547270765 -11.59
1547270828 -11.48
1547270890 -11.57
1547270952 -11.59
1547271015 -11.47
1547271078 -11.52
1547271140 -11.67
1547271203 -11.54
1547271265 -11.58
1547271328 -11.63
1547271391 -11.51
1547271453 -11.59
1547271515 -11.65
1547271578 -11.50
1547271641 -11.53
1547271704 -11.47
1547271767 -11.62
1547271829 -11.59
1547271892 -11.52
1547271955 -11.58
1547272017 -11.59
1547272080 -11.66
1547272142 -11.51
1547272205 -11.62
1547272267 -11.51
1547272330 -11.63
1547272392 -11.61
1547272455 -11.71
1547272518 -11.71
1547272581 -11.61
1547272644 -11.62
1547272706 -11.58
1547272769 -11.56
1547272832 -11.62
1547272894 -11.61
1547272957 -11.67
1547273020 -11.64
1547273082 -11.68
1547273145 -11.56
1547273207 -11.63
1547273270 -11.60
1547273332 -11.69
1547273395 -11.71
1547273457 -11.70
1547273520 -11.70
1547273582 -11.76
1547273644 -11.73
1547273707 -11.67
1547273770 -11.67
1547273833 -11.73
1547273895 -11.67
1547273958 -11.55
1547274021 -11.62
1547274084 -11.68
1547274146 -11.57
1547274209 -11.64
1547274272 -11.72
1547274334 -11.53
1547274397 -11.62
1547274460 -11.73
1547274522 -11.68
1547274585 -11.66
1547274647 -11.60
1547274710 -11.64
1547274773 -11.61
1547274835 -11.57
1547274898 -11.66
1547274961 -11.67
1547275023 -11.66
1547275086 -11.54
1547275148 -11.67
1547275211 -11.69
1547275274 -11.63
1547275336 -11.74
1547275399 -11.55
1547275461 -11.65
1547275524 -11.58
1547275587 -11.55
1547275649 -11.62
1547275712 -11.68
1547275775 -11.66
1547275838 -11.75
1547275900 -11.64
1547275962 -11.66
1547276025 -11.62
1547276088 -11.67
1547276150 -11.72
1547276213 -11.70
1547276276 -11.76
1547276339 -11.78
1547276401 -11.73
1547276464 -11.70
1547276527 -11.69
1547276589 -11.81
1547276652 -11.69
1547276715 -11.66
1547276778 -11.69
1547276840 -11.56
1547276903 -11.60
1547276965 -11.66
1547277028 -11.72
1547277090 -11.54
1547277153 -11.66
1547277216 -11.71
1547277278 -11.67
1547277339 -11.68
1547277400 -11.72
1547277460 -11.74
1547277521 -11.64
1547277581 -11.66
1547277642 -11.72
1547277702 -11.81
1547277763 -11.70
1547277824 -11.86
1547277885 -11.67
1547277945 -11.72
1547278006 -11.69
1547278066 -11.79
1547278127 -11.82
1547278187 -11.67
1547278250 -11.70
1547278310 -11.77
1547278371 -11.68
1547278432 -11.72
1547278493 -11.69
1547278553 -11.65
1547278614 -11.67
1547278674 -11.80
1547278735 -11.70
1547278795 -11.78
1547278856 -11.64
1547278917 -11.74
1547278978 -11.76
1547279039 -11.72
1547279099 -11.82
1547279159 -11.78
1547279221 -11.69
1547279281 -11.76
1547279342 -11.82
1547279403 -11.77
1547279463 -11.69
1547279524 -11.75
1547279585 -11.81
1547279645 -11.66
1547279706 -11.82
1547279766 -11.73
1547279828 -11.82
1547279888 -11.67
1547279948 -11.72
1547280009 -11.76
1547280070 -11.66
1547280130 -11.77
1547280191 -11.78
1547280251 -11.75
1547280312 -11.76
1547280373 -11.73
1547280433 -11.69
1547280494 -11.73
1547280555 -11.66
1547280615 -11.68
1547280676 -11.79
1547280737 -11.78
1547280797 -11.92
1547280858 -11.91
1547280918 -11.85
1547280979 -11.79
1547281039 -11.80
1547281100 -11.75
1547281160 -11.88
1547281221 -11.78
1547281282 -11.82
1547281342 -11.93
1547281403 -11.88
1547281464 -11.82
1547281524 -11.79
1547281585 -11.82
1547281645 -11.75
1547281706 -11.78
1547281767 -11.84
1547281827 -11.78
1547281888 -11.83
1547281949 -11.78
1547282009 -11.89
1547282070 -11.86
1547282131 -11.84
1547282192 -11.74
1547282252 -11.80
1547282313 -11.73
1547282374 -11.79
1547282435 -11.71
1547282495 -11.79
1547282555 -11.76
1547282616 -11.84
1547282677 -11.80
1547282738 -11.82
1547282798 -11.78
1547282858 -11.76
1547282919 -11.75
1547282980 -11.80
1547283040 -11.86
1547283101 -11.88
1547283161 -11.78
1547283222 -11.80
1547283282 -11.76
1547283343 -11.73
1547283403 -11.74
1547283463 -11.86
1547283524 -11.83
1547283585 -11.74
1547283646 -11.79
1547283706 -11.76
1547283767 -11.83
1547283827 -11.78
1547283888 -11.86
1547283949 -12.00
1547284010 -11.86
1547284070 -11.86
1547284130 -11.82
1547284191 -11.80
1547284251 -11.86
1547284312 -11.81
1547284373 -11.80
1547284434 -11.83
1547284494 -11.88
1547284555 -11.91
1547284615 -11.87
1547284676 -11.90
1547284736 -11.85
1547284797 -11.83
1547284858 -11.90
1547284918 -11.80
1547284979 -11.88
1547285039 -11.80
1547285100 -11.90
1547285160 -11.83
1547285221 -11.91
1547285281 -11.82
1547285342 -11.81
1547285403 -11.84
1547285463 -11.85
1547285524 -11.79
1547285585 -11.81
1547285645 -11.69
1547285706 -11.89
1547285767 -11.86
1547285827 -11.86
1547285888 -11.77
1547285949 -11.76
1547286009 -11.80
1547286069 -11.81
1547286130 -11.77
1547286191 -11.82
1547286251 -11.76
1547286312 -11.72
1547286373 -11.74
1547286433 -11.72
1547286494 -11.74
1547286554 -11.72
1547286615 -11.79
1547286675 -11.75
1547286736 -11.70
1547286796 -11.60
1547286856 -11.86
1547286917 -11.84
1547286977 -11.69
1547287038 -11.83
1547287098 -11.76
1547287159 -11.70
1547287220 -11.71
1547287281 -11.72
1547287341 -11.66
1547287402 -11.65
1547287463 -11.64
1547287523 -11.65
1547287584 -11.67
1547287645 -11.59
1547287705 -11.65
1547287765 -11.48
1547287826 -11.53
1547287886 -11.47
1547287947 -11.46
1547288008 -11.50
1547288069 -11.53
1547288129 -11.47
1547288190 -11.58
1547288250 -11.41
1547288310 -11.34
1547288370 -11.55
1547288431 -11.46
1547288492 -11.42
1547288552 -11.42
1547288613 -11.36
1547288674 -11.29
1547288734 -11.41
1547288795 -11.32
1547288856 -11.36
1547288917 -11.30
1547288977 -11.31
1547289037 -11.34
1547289098 -11.16
1547289158 -11.32
1547289219 -11.29
1547289280 -11.37
1547289340 -11.29
1547289401 -11.27
1547289461 -11.27
1547289522 -11.29
1547289583 -11.21
1547289643 -11.29
1547289704 -11.18
1547289764 -11.30
1547289825 -11.19
1547289885 -11.24
1547289945 -11.19
1547290006 -11.23
1547290067 -11.22
1547290127 -11.25
1547290188 -11.25
1547290248 -11.18
1547290309 -11.17
1547290370 -11.32
1547290430 -11.11
1547290491 -11.18
1547290552 -11.20
1547290613 -11.19
1547290675 -11.15
1547290736 -11.17
1547290797 -11.26
1547290857 -11.26
1547290918 -11.17
1547290979 -11.27
1547291039 -11.33
1547291100 -11.32
1547291160 -11.35
1547291221 -11.29
1547291281 -11.39
1547291342 -11.41
1547291402 -11.47
1547291463 -11.38
1547291524 -11.35
1547291584 -11.34
1547291645 -11.35
1547291705 -11.44
1547291766 -11.45
1547291826 -11.47
1547291887 -11.41
1547291948 -11.45
1547292008 -11.48
1547292069 -11.40
1547292129 -11.55
1547292190 -11.40
1547292251 -11.41
1547292311 -11.51
1547292372 -11.49
1547292432 -11.41
1547292493 -11.41
1547292553 -11.35
1547292614 -11.45
1547292674 -11.51
1547292735 -11.50
1547292796 -11.44
1547292856 -11.53
1547292916 -11.48
1547292977 -11.43
1547293037 -11.51
1547293098 -11.59
1547293158 -11.49
1547293219 -11.52
1547293279 -11.59
1547293339 -11.53
1547293400 -11.58
1547293460 -11.56
1547293521 -11.59
1547293582 -11.50
1547293642 -11.39
1547293703 -11.58
1547293764 -11.52
1547293825 -11.45
1547293886 -11.52
1547293946 -11.51
1547294007 -11.42
1547294067 -11.44
1547294128 -11.45
1547294189 -11.47
1547294249 -11.39
1547294310 -11.60
1547294371 -11.47
1547294432 -11.53
1547294492 -11.56
1547294552 -11.44
1547294613 -11.48
1547294674 -11.49
1547294735 -11.57
1547294796 -11.46
1547294857 -11.55
1547294918 -11.55
1547294978 -11.58
1547295039 -11.55
1547295099 -11.54
1547295160 -11.49
1547295220 -11.49
1547295281 -11.55
1547295341 -11.44
1547295402 -11.51
1547295462 -11.42
1547295523 -11.47
1547295583 -11.44
1547295643 -11.39
1547295704 -11.43
1547295765 -11.57
1547295825 -11.44
1547295886 -11.51
1547295947 -11.42
1547296007 -11.51
1547296067 -11.58
1547296130 -11.43
1547296190 -11.43
1547296250 -11.54
1547296310 -11.51
1547296371 -11.51
1547296432 -11.53
1547296492 -11.57
1547296553 -11.48
1547296614 -11.48
1547296674 -11.53
1547296735 -11.59
1547296796 -11.47
1547296856 -11.55
1547296916 -11.57
1547296977 -11.48
1547297037 -11.55
1547297098 -11.51
1547297158 -11.48
1547297219 -11.52
1547297280 -11.56
1547297340 -11.52
1547297401 -11.53
1547297461 -11.51
1547297522 -11.50
1547297582 -11.56
1547297643 -11.45
1547297703 -11.56
1547297764 -11.65
1547297824 -11.48
1547297885 -11.61
1547297946 -11.63
1547298007 -11.57
1547298067 -11.51
1547298128 -11.61
1547298189 -11.56
1547298249 -11.60
1547298310 -11.58
1547298371 -11.50
1547298432 -11.60
1547298492 -11.45
1547298553 -11.56
1547298613 -11.55
1547298674 -11.49
1547298735 -11.58
1547298796 -11.58
1547298856 -11.54
1547298917 -11.61
1547298977 -11.55
1547299038 -11.59
1547299099 -11.53
1547299159 -11.53
1547299220 -11.61
1547299281 -11.50
1547299341 -11.56
1547299402 -11.50
1547299464 -11.48
1547299525 -11.51
1547299586 -11.55
1547299646 -11.54
1547299707 -11.63
1547299767 -11.53
1547299828 -11.48
1547299889 -11.51
1547299949 -11.52
1547300010 -11.51
1547300070 -11.57
1547300130 -11.59
1547300191 -11.51
1547300252 -11.48
1547300312 -11.49
1547300373 -11.55
1547300434 -11.42
1547300494 -11.47
1547300555 -11.48
1547300615 -11.49
1547300675 -11.56
1547300736 -11.42
1547300796 -11.49
1547300857 -11.45
1547300918 -11.53
1547300978 -11.40
1547301039 -11.48
1547301100 -11.39
1547301160 -11.45
1547301220 -11.49
1547301281 -11.41
1547301341 -11.39
1547301402 -11.45
1547301462 -11.45
1547301523 -11.40
1547301584 -11.48
1547301645 -11.39
1547301705 -11.44
1547301766 -11.40
1547301826 -11.32
1547301886 -11.45
1547301947 -11.43
1547302008 -11.40
1547302068 -11.37
1547302129 -11.38
1547302189 -11.43
1547302250 -11.43
1547302310 -11.47
1547302370 -11.42
1547302431 -11.40
1547302491 -11.37
1547302552 -11.43
1547302613 -11.45
1547302674 -11.44
1547302735 -11.47
1547302795 -11.55
1547302856 -11.40
1547302916 -11.33
1547302977 -11.36
1547303038 -11.48
1547303099 -11.50
1547303159 -11.45
1547303220 -11.46
1547303281 -11.59
1547303341 -11.38
1547303402 -11.38
1547303462 -11.36
1547303523 -11.35
1547303584 -11.43
1547303644 -11.30
1547303705 -11.46
1547303765 -11.44
1547303826 -11.41
1547303886 -11.45
1547303947 -11.50
1547304007 -11.58
1547304068 -11.53
1547304128 -11.43
1547304189 -11.50
1547304249 -11.57
1547304310 -11.48
1547304370 -11.46
1547304431 -11.44
1547304492 -11.42
1547304552 -11.49
1547304613 -11.41
1547304673 -11.38
1547304734 -11.38
1547304794 -11.45
1547304854 -11.48
1547304915 -11.46
1547304975 -11.46
1547305035 -11.42
1547305096 -11.42
1547305157 -11.44
1547305217 -11.49
1547305278 -11.40
1547305339 -11.43
1547305400 -11.39
1547305460 -11.31
1547305521 -11.41
1547305581 -11.44
1547305642 -11.33
1547305703 -11.39
1547305763 -11.35
1547305824 -11.38
1547305884 -11.44
1547305945 -11.49
1547306005 -11.35
1547306066 -11.29
1547306126 -11.39
1547306187 -11.35
1547306247 -11.36
1547306307 -11.39
1547306368 -11.46
1547306429 -11.53
1547306489 -11.47
1547306550 -11.43
1547306610 -11.49
1547306671 -11.46
1547306731 -11.46
1547306792 -11.37
1547306852 -11.56
1547306913 -11.47
1547306974 -11.53
1547307034 -11.61
1547307094 -11.54
1547307155 -11.50
1547307216 -11.51
1547307276 -11.38
1547307337 -11.52
1547307397 -11.53
1547307458 -11.55
1547307519 -11.45
1547307580 -11.62
1547307640 -11.63
1547307700 -11.56
1547307761 -11.57
1547307821 -11.55
1547307881 -11.64
1547307942 -11.62
1547308002 -11.59
1547308063 -11.61
1547308123 -11.59
1547308183 -11.66
1547308244 -11.60
1547308305 -11.65
1547308366 -11.69
1547308426 -11.54
1547308486 -11.59
1547308547 -11.66
1547308607 -11.59
1547308668 -11.62
1547308729 -11.66
1547308789 -11.66
1547308851 -11.63
1547308912 -11.63
1547308972 -11.71
1547309033 -11.60
1547309093 -11.60
1547309154 -11.62
1547309215 -11.58
1547309275 -11.66
1547309336 -11.69
1547309397 -11.62
1547309457 -11.61
1547309518 -11.61
1547309578 -11.70
1547309639 -11.64
1547309700 -11.57
1547309761 -11.57
1547309821 -11.58
1547309882 -11.56
1547309942 -11.55
1547310003 -11.61
1547310063 -11.65
1547310124 -11.46
1547310184 -11.46
1547310245 -11.60
1547310306 -11.61
1547310366 -11.61
1547310426 -11.62
1547310487 -11.63
1547310548 -11.60
1547310608 -11.61
1547310669 -11.61
1547310730 -11.51
1547310790 -11.72
1547310851 -11.55
1547310911 -11.61
1547310971 -11.64
1547311032 -11.72
1547311093 -11.58
1547311154 -11.64
1547311215 -11.60
1547311275 -11.62
1547311336 -11.58
1547311397 -11.51
1547311457 -11.62
1547311518 -11.64
1547311578 -11.67
1547311639 -11.62
1547311700 -11.65
1547311761 -11.63
1547311821 -11.60
1547311882 -11.63
1547311942 -11.62
1547312003 -11.62
1547312064 -11.71
1547312124 -11.55
1547312184 -11.65
1547312245 -11.65
1547312306 -11.60
1547312366 -11.69
1547312427 -11.60
1547312487 -11.48
1547312548 -11.53
1547312608 -11.51
1547312669 -11.60
1547312730 -11.56
1547312790 -11.48
1547312851 -11.66
1547312911 -11.58
1547312972 -11.60
1547313033 -11.69
1547313093 -11.77
1547313154 -11.70
1547313215 -11.68
1547313275 -11.72
1547313336 -11.65
1547313396 -11.60
1547313457 -11.61
1547313517 -11.67
1547313578 -11.75
1547313638 -11.69
1547313698 -11.77
1547313759 -11.71
1547313820 -11.58
1547313880 -11.59
1547313941 -11.63
1547314001 -11.57
1547314062 -11.57
1547314123 -11.68
1547314184 -11.60
1547314244 -11.60
1547314305 -11.62
1547314365 -11.65
1547314426 -11.49
1547314486 -11.64
1547314546 -11.65
1547314607 -11.59
1547314668 -11.50
1547314728 -11.64
1547314789 -11.50
1547314850 -11.50
1547314910 -11.57
1547314971 -11.51
1547315031 -11.60
1547315092 -11.53
1547315153 -11.54
1547315213 -11.68
1547315274 -11.66
1547315335 -11.55
1547315396 -11.65
1547315456 -11.48
1547315517 -11.56
1547315578 -11.56
1547315639 -11.57
1547315699 -11.51
1547315760 -11.58
1547315820 -11.57
1547315880 -11.52
1547315941 -11.54
1547316001 -11.54
1547316061 -11.56
1547316122 -11.59
1547316182 -11.56
1547316243 -11.60
1547316304 -11.63
1547316364 -11.56
1547316425 -11.66
1547316485 -11.57
1547316546 -11.56
1547316607 -11.55
1547316667 -11.60
1547316728 -11.66
1547316789 -11.47
1547316850 -11.54
1547316910 -11.64
1547316970 -11.50
1547317031 -11.59
1547317092 -11.48
1547317152 -11.58
1547317212 -11.61
1547317273 -11.62
1547317334 -11.49
1547317394 -11.65
1547317454 -11.52
1547317515 -11.60
1547317576 -11.56
1547317637 -11.50
1547317697 -11.40
1547317758 -11.49
1547317818 -11.47
1547317880 -11.59
1547317941 -11.50
1547318001 -11.53
1547318062 -11.48
1547318123 -11.43
1547318183 -11.54
1547318244 -11.55
1547318304 -11.56
1547318364 -11.53
1547318425 -11.48
1547318485 -11.50
1547318546 -11.42
1547318606 -11.52
1547318667 -11.54
1547318727 -11.37
1547318788 -11.42
1547318848 -11.43
1547318908 -11.36
1547318969 -11.45
1547319029 -11.55
1547319090 -11.55
1547319150 -11.50
1547319211 -11.48
1547319271 -11.46
1547319332 -11.45
1547319392 -11.42
1547319453 -11.43
1547319514 -11.36
1547319574 -11.47
1547319635 -11.43
1547319695 -11.45
1547319755 -11.43
1547319816 -11.54
1547319877 -11.49
1547319938 -11.57
1547319998 -11.47
1547320059 -11.52
1547320119 -11.42
1547320179 -11.50
1547320240 -11.38
1547320300 -11.55
1547320361 -11.50
1547320421 -11.43
1547320482 -11.31
1547320542 -11.44
1547320603 -11.47
1547320664 -11.40
1547320725 -11.41
1547320785 -11.47
1547320846 -11.45
1547320907 -11.37
1547320967 -11.46
1547321027 -11.32
1547321088 -11.45
1547321148 -11.36
1547321208 -11.44
1547321269 -11.32
1547321329 -11.45
1547321390 -11.40
1547321451 -11.38
1547321511 -11.42
1547321571 -11.41
1547321632 -11.42
1547321692 -11.41
1547321752 -11.40
1547321815 -11.35
1547321875 -11.31
1547321936 -11.41
1547321997 -11.34
1547322059 -11.34
1547322119 -11.34
1547322179 -11.28
1547322240 -11.34
1547322300 -11.36
1547322361 -11.28
1547322422 -11.31
1547322482 -11.25
1547322543 -11.34
1547322604 -11.37
1547322664 -11.36
1547322724 -11.30
1547322785 -11.32
1547322845 -11.38
1547322906 -11.35
1547322966 -11.21
1547323027 -11.33
1547323088 -11.27
1547323148 -11.25
1547323209 -11.37
1547323269 -11.35
1547323330 -11.33
1547323390 -11.38
1547323450 -11.33
1547323511 -11.28
1547323571 -11.33
1547323632 -11.31
1547323693 -11.24
1547323753 -11.36
1547323814 -11.38
1547323874 -11.24
1547323934 -11.35
1547323995 -11.34
1547324056 -11.30
1547324116 -11.37
1547324177 -11.28
1547324237 -11.25
1547324298 -11.45
1547324358 -11.24
1547324419 -11.28
1547324479 -11.36
1547324540 -11.33
1547324601 -11.37
1547324661 -11.38
1547324722 -11.29
1547324782 -11.29
1547324843 -11.32
1547324904 -11.32
1547324965 -11.39
1547325025 -11.40
1547325085 -11.35
1547325146 -11.27
1547325206 -11.25
1547325267 -11.27
1547325327 -11.22
1547325388 -11.34
1547325448 -11.29
1547325509 -11.28
1547325569 -11.37
1547325629 -11.30
1547325690 -11.27
1547325751 -11.37
1547325811 -11.28
1547325871 -11.39
1547325932 -11.34
1547325993 -11.24
1547326053 -11.28
1547326114 -11.27
1547326175 -11.27
1547326236 -11.33
1547326297 -11.37
1547326357 -11.29
1547326418 -11.31
1547326478 -11.27
1547326539 -11.30
1547326600 -11.34
1547326660 -11.32
1547326721 -11.27
1547326781 -11.25
1547326842 -11.29
1547326902 -11.26
1547326962 -11.33
1547327023 -11.25
1547327083 -11.25
1547327143 -11.27
1547327203 -11.27
1547327264 -11.28
1547327324 -11.21
1547327385 -11.21
1547327446 -11.33
1547327506 -11.21
1547327567 -11.22
1547327628 -11.38
1547327689 -11.17
1547327749 -11.19
1547327810 -11.22
1547327870 -11.38
1547327931 -11.34
1547327991 -11.25
1547328051 -11.29
1547328112 -11.39
1547328172 -11.35
1547328232 -11.28
1547328293 -11.38
1547328353 -11.38
1547328414 -11.28
1547328474 -11.23
1547328535 -11.24
1547328596 -11.31
1547328656 -11.37
1547328717 -11.22
1547328777 -11.35
1547328838 -11.22
1547328899 -11.28
1547328959 -11.23
1547329020 -11.27
1547329080 -11.26
1547329141 -11.24
1547329201 -11.25
1547329263 -11.22
1547329323 -11.17
1547329383 -11.26
1547329444 -11.24
1547329504 -11.29
1547329565 -11.16
1547329625 -11.23
1547329686 -11.24
1547329747 -11.24
1547329807 -11.16
1547329868 -11.28
1547329928 -11.17
1547329989 -11.23
1547330049 -11.19
1547330109 -11.21
1547330170 -11.28
1547330230 -11.20
1547330291 -11.22
1547330352 -11.24
1547330412 -11.21
1547330473 -11.32
1547330533 -11.25
1547330593 -11.19
1547330654 -11.21
1547330715 -11.18
1547330775 -11.21
1547330836 -11.25
1547330896 -11.25
1547330957 -11.17
1547331017 -11.17
1547331078 -11.21
1547331139 -11.14
1547331199 -11.27
1547331259 -11.24
1547331320 -11.26
1547331380 -11.29
1547331440 -11.35
1547331501 -11.18
1547331561 -11.23
1547331622 -11.20
1547331682 -11.30
1547331742 -11.21
1547331803 -11.23
1547331864 -11.20
1547331925 -11.11
1547331985 -11.15
1547332045 -11.23
1547332106 -11.24
1547332167 -11.23
1547332227 -11.19
1547332288 -11.19
1547332348 -11.27
1547332408 -11.17
1547332469 -11.26
1547332530 -11.14
1547332590 -11.22
1547332651 -11.35
1547332712 -11.26
1547332772 -11.14
1547332833 -11.22
1547332893 -11.17
1547332954 -11.19
1547333014 -11.19
1547333075 -11.25
1547333135 -11.24
1547333196 -11.31
1547333256 -11.18
1547333316 -11.15
1547333378 -11.35
1547333439 -11.14
1547333499 -11.32
1547333560 -11.19
1547333621 -11.11
1547333681 -11.24
1547333742 -11.11
1547333802 -11.16
1547333864 -11.31
1547333924 -11.17
1547333985 -11.24
1547334045 -11.14
1547334106 -11.19
1547334166 -11.20
1547334227 -11.08
1547334287 -11.16
1547334348 -11.18
1547334408 -11.18
1547334468 -11.16
1547334529 -11.16
1547334589 -11.14
1547334649 -11.15
1547334710 -11.25
1547334770 -11.21
1547334831 -11.13
1547334891 -11.18
1547334952 -11.19
1547335012 -11.20
1547335073 -11.10
1547335133 -11.16
1547335193 -11.22
1547335253 -11.05
1547335314 -11.05
1547335375 -11.22
1547335435 -11.24
1547335495 -11.14
1547335556 -11.19
1547335616 -11.19
1547335677 -11.09
1547335738 -11.08
1547335798 -11.20
1547335859 -11.23
1547335919 -11.16
1547335980 -11.11
1547336041 -11.05
1547336101 -11.12
1547336161 -11.24
1547336222 -11.11
1547336283 -11.13
1547336343 -11.13
1547336404 -11.08
1547336464 -11.15
1547336524 -11.16
1547336585 -11.10
1547336645 -11.22
1547336706 -11.11
1547336766 -11.07
1547336827 -11.20
1547336887 -11.23
1547336948 -11.20
1547337008 -11.05
1547337069 -11.14
1547337129 -11.16
1547337190 -11.08
1547337251 -11.19
1547337311 -11.09
1547337372 -11.16
1547337432 -11.13
1547337492 -11.10
1547337553 -11.18
1547337613 -11.06
1547337674 -11.07
1547337735 -11.14
1547337795 -11.20
1547337855 -11.13
1547337916 -11.06
1547337976 -11.04
1547338037 -11.16
1547338097 -11.17
1547338157 -11.18
1547338218 -11.11
1547338279 -11.14
1547338339 -11.18
1547338399 -11.27
1547338459 -11.12
1547338520 -11.13
1547338580 -11.19
1547338641 -11.15
1547338701 -11.11
1547338762 -11.17
1547338822 -11.10
1547338883 -11.10
1547338943 -11.24
1547339003 -11.19
1547339064 -11.12
1547339124 -11.16
1547339185 -11.16
1547339246 -11.15
1547339306 -11.14
1547339367 -11.15
1547339427 -11.19
1547339488 -11.25
1547339549 -11.24
1547339609 -11.06
1547339670 -11.15
1547339730 -11.05
1547339791 -11.02
1547339851 -11.15
1547339912 -11.20
1547339972 -11.22
1547340033 -11.19
1547340093 -11.17
1547340154 -11.19
1547340214 -11.14
1547340275 -11.18
1547340336 -11.17
1547340396 -11.16
1547340457 -11.06
1547340517 -11.20
1547340578 -11.20
1547340639 -11.24
1547340700 -11.12
1547340760 -11.21
1547340821 -11.16
1547340881 -11.21
1547340941 -11.19
1547341001 -11.13
1547341062 -11.02
1547341122 -11.17
1547341183 -11.16
1547341243 -11.15
1547341303 -11.11
1547341364 -11.09
1547341424 -11.20
1547341484 -11.24
1547341545 -11.21
1547341605 -11.10
1547341666 -11.16
1547341726 -11.16
1547341787 -11.16
1547341847 -11.14
1547341908 -11.06
1547341968 -11.16
1547342028 -11.20
1547342089 -11.09
1547342149 -11.08
1547342209 -11.02
1547342270 -11.21
1547342330 -11.11
1547342391 -11.05
1547342451 -11.15
1547342512 -11.15
1547342572 -11.08
1547342633 -11.12
1547342693 -11.09
1547342754 -11.12
1547342814 -11.12
1547342874 -11.12
1547342935 -11.09
1547342995 -11.08
1547343055 -11.12
1547343118 -11.13
1547343179 -11.19
1547343239 -11.13
1547343300 -11.15
1547343360 -11.14
1547343420 -11.05
1547343481 -11.10
1547343541 -11.07
1547343602 -11.26
1547343662 -11.10
1547343723 -11.11
1547343783 -11.04
1547343844 -11.18
1547343905 -11.13
1547343965 -11.16
1547344026 -11.25
1547344086 -11.05
1547344147 -11.04
1547344207 -11.11
1547344268 -11.07
1547344329 -11.16
1547344389 -10.95
1547344450 -11.00
1547344510 -11.03
1547344572 -10.96
1547344632 -10.98
1547344693 -10.87
1547344754 -11.07
1547344814 -10.96
1547344874 -10.98
1547344935 -10.92
1547344996 -11.02
1547345056 -11.06
1547345117 -10.92
1547345178 -11.00
1547345238 -10.94
1547345298 -10.98
1547345359 -10.96
1547345419 -10.92
1547345480 -10.98
1547345540 -10.90
1547345601 -10.88
1547345661 -10.98
1547345722 -11.08
1547345782 -10.90
1547345843 -10.88
1547345903 -10.98
1547345964 -10.95
1547346025 -11.02
1547346085 -11.03
1547346146 -10.98
1547346207 -10.82
1547346267 -11.01
1547346328 -10.90
1547346388 -10.99
1547346448 -10.85
1547346511 -10.92
1547346571 -10.93
1547346632 -11.03
1547346692 -10.91
1547346753 -10.92
1547346813 -10.96
1547346873 -10.93
1547346934 -11.01
1547346994 -10.87
1547347055 -10.95
1547347115 -10.93
1547347176 -10.86
1547347236 -10.90
1547347297 -10.86
1547347357 -10.95
1547347417 -10.89
1547347477 -10.84
1547347538 -10.90
1547347598 -10.79
1547347658 -10.97
1547347719 -10.98
1547347779 -10.95
1547347840 -10.98
1547347900 -10.85
1547347961 -10.90
1547348021 -10.89
1547348082 -10.99
1547348142 -10.92
1547348203 -10.96
1547348264 -10.88
1547348324 -10.93
1547348385 -10.96
1547348445 -10.87
1547348506 -10.91
1547348567 -10.91
1547348627 -10.87
1547348687 -10.81
1547348748 -10.99
1547348809 -10.91
1547348869 -10.90
1547348930 -10.92
1547348990 -10.99
1547349051 -10.94
1547349111 -10.92
1547349171 -10.88
1547349232 -10.77
1547349292 -10.89
1547349353 -10.88
1547349413 -10.91
1547349473 -10.80
1547349533 -10.86
1547349594 -10.91
1547349654 -10.87
1547349714 -10.83
1547349775 -10.88
1547349835 -10.89
1547349896 -10.83
1547349956 -10.85
1547350017 -10.87
1547350077 -10.78
1547350138 -10.88
1547350198 -10.83
1547350259 -10.82
1547350319 -10.82
1547350379 -10.84
1547350440 -10.80
1547350500 -10.83
1547350560 -10.79
1547350621 -10.86
1547350682 -10.90
1547350743 -10.85
1547350803 -10.91
1547350865 -10.89
1547350926 -10.69
1547350986 -10.88
1547351047 -10.79
1547351107 -10.88
1547351168 -10.78
1547351229 -10.75
1547351289 -10.82
1547351349 -10.84
1547351410 -10.80
1547351470 -10.79
1547351531 -10.83
1547351591 -10.75
1547351652 -10.86
1547351712 -10.74
1547351773 -10.76
1547351833 -10.83
1547351894 -10.79
1547351954 -10.75
1547352015 -10.80
1547352076 -10.80
1547352137 -10.77
1547352197 -10.84
1547352258 -10.79
1547352318 -10.76
1547352378 -10.72
1547352438 -10.79
1547352499 -10.76
1547352559 -10.61
1547352620 -10.78
1547352681 -10.65
1547352741 -10.74
1547352801 -10.80
1547352861 -10.72
1547352922 -10.66
1547352983 -10.67
1547353043 -10.80
1547353104 -10.77
1547353164 -10.77
1547353225 -10.72
1547353285 -10.69
1547353346 -10.68
1547353406 -10.68
1547353467 -10.72
1547353527 -10.62
1547353588 -10.60
1547353648 -10.59
1547353708 -10.77
1547353769 -10.71
1547353829 -10.68
1547353889 -10.65
1547353950 -10.64
1547354011 -10.62
1547354071 -10.66
1547354132 -10.70
1547354192 -10.68
1547354253 -10.69
1547354314 -10.53
1547354374 -10.65
1547354435 -10.60
1547354496 -10.68
1547354556 -10.58
1547354617 -10.54
1547354677 -10.74
1547354738 -10.62
1547354799 -10.66
1547354859 -10.57
1547354919 -10.50
1547354980 -10.54
1547355040 -10.62
1547355101 -10.61
1547355161 -10.58
1547355222 -10.71
1547355283 -10.54
1547355343 -10.62
1547355404 -10.67
1547355464 -10.69
1547355525 -10.65
1547355585 -10.68
1547355646 -10.60
1547355706 -10.65
1547355767 -10.69
1547355827 -10.66
1547355887 -10.59
1547355948 -10.62
1547356009 -10.71
1547356069 -10.68
1547356130 -10.63
1547356190 -10.60
1547356251 -10.76
1547356312 -10.60
1547356372 -10.61
1547356433 -10.64
1547356493 -10.67
1547356554 -10.64
1547356614 -10.58
1547356674 -10.66
1547356735 -10.69
1547356795 -10.51
1547356856 -10.56
1547356916 -10.51
1547356977 -10.56
1547357037 -10.54
1547357098 -10.63
1547357159 -10.62
1547357219 -10.59
1547357279 -10.60
1547357340 -10.51
1547357401 -10.46
1547357461 -10.53
1547357522 -10.49
1547357582 -10.41
1547357643 -10.50
1547357703 -10.40
1547357764 -10.59
1547357824 -10.57
1547357885 -10.44
1547357946 -10.54
1547358006 -10.43
1547358067 -10.54
1547358128 -10.66
1547358188 -10.51
1547358249 -10.50
1547358309 -10.55
1547358370 -10.50
1547358430 -10.50
1547358491 -10.52
1547358551 -10.40
1547358611 -10.46
1547358672 -10.51
1547358732 -10.55
1547358793 -10.49
1547358853 -10.59
1547358914 -10.37
1547358974 -10.48
1547359035 -10.47
1547359095 -10.48
1547359155 -10.46
1547359216 -10.49
1547359276 -10.44
1547359336 -10.47
1547359397 -10.50
1547359457 -10.40
1547359518 -10.42
1547359578 -10.46
1547359639 -10.36
1547359699 -10.44
1547359761 -10.36
1547359821 -10.51
1547359881 -10.28
1547359942 -10.35
1547360002 -10.37
1547360062 -10.46
1547360123 -10.33
1547360183 -10.42
1547360244 -10.40
1547360304 -10.40
1547360364 -10.43
1547360425 -10.44
1547360485 -10.41
1547360546 -10.41
1547360606 -10.32
1547360666 -10.42
1547360727 -10.34
1547360787 -10.29
1547360848 -10.30
1547360908 -10.36
1547360969 -10.21
1547361029 -10.21
1547361090 -10.23
1547361151 -10.37
1547361211 -10.26
1547361271 -10.23
1547361332 -10.24
1547361392 -10.22
1547361453 -10.29
1547361513 -10.18
1547361573 -10.25
1547361634 -10.27
1547361694 -10.12
1547361755 -10.23
1547361815 -10.33
1547361876 -10.22
1547361936 -10.28
1547361997 -10.19
1547362057 -10.15
1547362118 -10.29
1547362178 -10.27
1547362239 -10.22
1547362299 -10.18
1547362360 -10.19
1547362420 -10.34
1547362481 -10.31
1547362541 -10.16
1547362601 -10.20
1547362662 -10.24
1547362722 -10.18
1547362783 -10.30
1547362843 -10.21
1547362904 -10.28
1547362964 -10.38
1547363024 -10.17
1547363085 -10.20
1547363145 -10.21
1547363206 -10.23
1547363266 -10.22
1547363327 -10.34
1547363388 -10.16
1547363448 -10.21
1547363510 -10.17
1547363571 -10.08
1547363632 -10.15
1547363692 -10.14
1547363753 -10.11
1547363813 -10.19
1547363874 -10.14
1547363935 -10.06
1547363995 -10.02
1547364055 -10.04
1547364116 -10.10
1547364176 -10.07
1547364236 -10.16
1547364297 -10.10
1547364357 -9.99
1547364418 -10.00
1547364478 -10.04
1547364539 -10.06
1547364599 -10.11
1547364659 -9.97
1547364720 -10.06
1547364781 -9.97
1547364841 -9.96
1547364902 -10.11
1547364962 -9.98
1547365023 -10.17
1547365083 -10.00
1547365143 -9.98
1547365204 -10.02
1547365264 -10.05
1547365325 -10.03
1547365385 -9.93
1547365446 -10.16
1547365506 -9.96
1547365567 -9.93
1547365627 -10.02
1547365688 -9.97
1547365748 -10.07
1547365808 -9.97
1547365869 -9.85
1547365930 -9.88
1547365990 -9.92
1547366050 -9.93
1547366111 -9.81
1547366171 -9.91
1547366231 -10.01
1547366292 -9.91
1547366352 -9.82
1547366413 -9.88
1547366473 -9.85
1547366534 -9.87
1547366594 -9.86
1547366654 -9.90
1547366714 -9.76
1547366776 -9.89
1547366837 -9.79
1547366898 -9.83
1547366958 -9.83
1547367018 -9.73
1547367079 -9.82
1547367139 -9.83
1547367200 -9.70
1547367261 -9.86
1547367321 -9.80
1547367381 -9.95
1547367442 -9.87
1547367503 -9.86
1547367563 -9.83
1547367624 -9.75
1547367685 -9.90
1547367745 -9.78
1547367806 -9.75
1547367866 -9.83
1547367926 -9.75
1547367987 -9.74
1547368047 -9.76
1547368107 -9.83
1547368168 -9.76
1547368228 -9.70
1547368289 -9.66
1547368350 -9.72
1547368410 -9.87
1547368471 -9.78
1547368532 -9.70
1547368592 -9.70
1547368652 -9.72
1547368713 -9.67
1547368773 -9.81
1547368834 -9.72
1547368894 -9.72
1547368955 -9.69
1547369015 -9.82
1547369076 -9.84
1547369136 -9.58
1547369196 -9.62
1547369257 -9.76
1547369317 -9.62
1547369378 -9.68
1547369438 -9.71
1547369499 -9.70
1547369559 -9.70
1547369620 -9.58
1547369680 -9.72
1547369741 -9.64
1547369801 -9.72
1547369862 -9.61
1547369922 -9.73
1547369982 -9.78
1547370043 -9.69
1547370104 -9.55
1547370164 -9.57
1547370224 -9.65
1547370284 -9.61
1547370345 -9.48
1547370405 -9.67
1547370466 -9.70
1547370526 -9.59
1547370587 -9.71
1547370647 -9.59
1547370707 -9.55
1547370768 -9.61
1547370828 -9.52
1547370888 -9.59
1547370949 -9.56
1547371010 -9.66
1547371070 -9.59
1547371131 -9.67
1547371191 -9.47
1547371252 -9.61
1547371312 -9.48
1547371373 -9.71
1547371434 -9.58
1547371494 -9.48
1547371555 -9.61
1547371615 -9.62
1547371677 -9.58
1547371737 -9.69
1547371798 -9.55
1547371858 -9.56
1547371919 -9.65
1547371980 -9.58
1547372040 -9.52
1547372101 -9.49
1547372161 -9.53
1547372221 -9.58
1547372282 -9.54
1547372343 -9.49
1547372403 -9.53
1547372464 -9.43
1547372525 -9.60
1547372585 -9.49
1547372646 -9.37
1547372706 -9.48
1547372767 -9.46
1547372827 -9.52
1547372888 -9.50
1547372948 -9.45
1547373009 -9.47
1547373069 -9.54
1547373130 -9.57
1547373190 -9.47
1547373251 -9.49
1547373311 -9.45
1547373372 -9.48
1547373432 -9.51
1547373493 -9.35
1547373553 -9.29
1547373614 -9.49
1547373675 -9.49
1547373735 -9.35
1547373795 -9.46
1547373856 -9.35
1547373916 -9.40
1547373976 -9.46
1547374037 -9.48
1547374098 -9.44
1547374158 -9.39
1547374219 -9.39
1547374280 -9.44
1547374340 -9.32
1547374401 -9.36
1547374462 -9.42
1547374522 -9.44
1547374583 -9.39
1547374643 -9.32
1547374703 -9.43
1547374764 -9.40
1547374824 -9.38
1547374885 -9.32
1547374945 -9.38
1547375006 -9.34
1547375066 -9.34
1547375127 -9.41
1547375187 -9.32
1547375248 -9.32
1547375309 -9.31
1547375370 -9.36
1547375430 -9.36
1547375490 -9.26
1547375551 -9.26
1547375611 -9.28
1547375671 -9.36
1547375732 -9.13
1547375792 -9.30
1547375853 -9.35
1547375913 -9.29
1547375973 -9.41
1547376034 -9.28
1547376095 -9.25
1547376156 -9.31
1547376216 -9.37
1547376276 -9.30
1547376337 -9.33
1547376397 -9.35
1547376458 -9.35
1547376518 -9.20
1547376579 -9.30
1547376640 -9.33
1547376700 -9.25
1547376761 -9.24
1547376821 -9.37
1547376882 -9.25
1547376943 -9.23
1547377004 -9.26
1547377064 -9.26
1547377124 -9.27
1547377185 -9.24
1547377245 -9.27
1547377305 -9.11
1547377366 -9.30
1547377426 -9.13
1547377487 -9.20
1547377547 -9.20
1547377608 -9.09
1547377668 -9.21
1547377729 -9.19
1547377789 -9.22
1547377850 -9.15
1547377910 -9.20
1547377970 -9.03
1547378031 -9.21
1547378091 -9.21
1547378152 -9.19
1547378212 -9.17
1547378273 -9.08
1547378333 -9.21
1547378394 -9.22
1547378455 -9.14
1547378515 -9.25
1547378576 -9.22
1547378637 -9.09
1547378697 -9.15
1547378758 -9.19
1547378819 -9.19
1547378879 -9.14
1547378939 -9.22
1547379000 -9.17
1547379061 -9.19
1547379121 -9.14
1547379182 -9.11
1547379242 -9.03
1547379303 -9.04
1547379364 -9.14
1547379425 -9.15
1547379485 -9.14
1547379546 -9.09
1547379607 -9.22
1547379668 -9.09
1547379728 -9.16
1547379789 -9.15
1547379849 -9.16
1547379909 -9.16
1547379971 -9.26
1547380031 -9.19
1547380092 -9.22
1547380153 -9.23
1547380213 -9.28
1547380274 -9.23
1547380334 -9.27
1547380394 -9.32
1547380455 -9.20
1547380515 -9.23
1547380576 -9.13
1547380636 -9.25
1547380697 -9.27
1547380757 -9.11
1547380818 -9.15
1547380878 -9.14
1547380938 -9.15
1547380999 -9.16
1547381059 -9.19
1547381120 -9.11
1547381180 -9.08
1547381240 -9.16
1547381301 -9.11
1547381362 -8.99
1547381423 -9.15
1547381483 -8.95
1547381544 -9.10
1547381604 -9.03
1547381665 -9.11
1547381725 -9.07
1547381786 -9.08
1547381846 -9.04
1547381906 -9.07
1547381967 -9.11
1547382027 -9.09
1547382088 -8.98
1547382148 -9.01
1547382208 -9.00
1547382269 -9.01
1547382329 -9.00
1547382390 -9.01
1547382450 -8.98
1547382511 -9.04
1547382571 -9.05
1547382632 -8.99
1547382692 -8.92
1547382752 -8.99
1547382813 -8.99
1547382874 -8.98
1547382934 -8.91
1547382994 -9.02
1547383054 -8.94
1547383115 -8.94
1547383176 -9.01
1547383237 -8.98
1547383297 -8.92
1547383357 -8.98
1547383418 -8.97
1547383479 -8.96
1547383540 -8.94
1547383600 -8.95
1547383661 -9.00
1547383721 -8.88
1547383781 -9.01
1547383842 -8.96
1547383902 -8.89
1547383963 -8.95
1547384024 -8.96
1547384084 -8.97
1547384145 -8.98
1547384205 -9.02
1547384266 -8.98
1547384327 -8.93
1547384387 -8.95
1547384448 -8.97
1547384509 -8.98
1547384569 -8.95
1547384629 -9.02
1547384690 -8.92
1547384750 -8.91
1547384811 -8.93
1547384871 -8.90
1547384932 -9.00
1547384992 -8.97
1547385053 -8.93
1547385113 -8.97
1547385174 -8.93
1547385235 -8.91
1547385295 -8.88
1547385356 -8.94
1547385417 -8.85
1547385477 -8.85
1547385537 -8.94
1547385598 -8.91
1547385658 -8.94
1547385719 -8.90
1547385780 -8.93
1547385840 -8.93
1547385901 -8.84
1547385961 -8.94
1547386022 -8.91
1547386083 -8.84
1547386143 -8.91
1547386204 -8.85
1547386265 -8.89
1547386325 -8.84
1547386386 -8.85
1547386446 -8.90
1547386507 -8.88
1547386567 -8.91
1547386628 -8.82
1547386688 -8.82
1547386749 -8.83
1547386810 -8.90
1547386871 -8.85
1547386931 -8.90
1547386992 -8.88
1547387052 -8.88
1547387113 -8.84
1547387173 -8.88
1547387234 -8.84
1547387294 -8.90
1547387355 -8.89
1547387415 -8.87
1547387476 -8.82
1547387537 -8.82
1547387597 -8.89
1547387658 -8.88
1547387718 -8.84
1547387779 -8.92
1547387840 -8.82
1547387900 -8.85
1547387960 -8.87
1547388021 -8.89
1547388082 -8.84
1547388142 -8.89
1547388202 -8.80
1547388263 -8.87
1547388323 -8.87
1547388383 -8.77
1547388444 -8.76
1547388504 -8.82
1547388565 -8.88
1547388625 -8.85
1547388686 -8.76
1547388746 -8.78
1547388807 -8.77
1547388867 -8.78
1547388927 -8.74
1547388988 -8.71
1547389048 -8.77
1547389109 -8.69
1547389169 -8.75
1547389230 -8.75
1547389290 -8.72
1547389351 -8.70
1547389411 -8.74
1547389471 -8.77
1547389532 -8.75
1547389593 -8.75
1547389653 -8.76
1547389714 -8.75
1547389775 -8.70
1547389835 -8.72
1547389896 -8.69
1547389956 -8.71
1547390017 -8.69
1547390078 -8.61
1547390138 -8.69
1547390199 -8.70
1547390259 -8.68
1547390319 -8.66
1547390379 -8.63
1547390440 -8.71
1547390500 -8.66
1547390561 -8.65
1547390622 -8.69
1547390682 -8.66
1547390742 -8.63
1547390803 -8.65
1547390863 -8.63
1547390923 -8.67
1547390984 -8.54
1547391044 -8.60
1547391105 -8.62
1547391165 -8.61
1547391226 -8.53
1547391286 -8.62
1547391347 -8.55
1547391407 -8.57
1547391468 -8.61
1547391528 -8.59
1547391589 -8.57
1547391649 -8.56
1547391710 -8.60
1547391771 -8.56
1547391831 -8.60
1547391892 -8.62
1547391953 -8.61
1547392013 -8.56
1547392074 -8.54
1547392135 -8.53
1547392195 -8.48
1547392255 -8.46
1547392316 -8.52
1547392377 -8.54
1547392437 -8.55
1547392498 -8.48
1547392558 -8.46
1547392618 -8.60
1547392679 -8.44
1547392740 -8.59
1547392801 -8.58
1547392862 -8.51
1547392922 -8.50
1547392983 -8.53
1547393043 -8.52
1547393104 -8.40
1547393164 -8.44
1547393225 -8.50
1547393285 -8.48
1547393346 -8.40
1547393407 -8.42
1547393467 -8.47
1547393528 -8.48
1547393588 -8.44
1547393648 -8.46
1547393709 -8.48
1547393769 -8.47
1547393829 -8.44
1547393890 -8.43
1547393951 -8.46
1547394011 -8.50
1547394072 -8.36
1547394132 -8.45
1547394193 -8.44
1547394253 -8.38
1547394314 -8.39
1547394374 -8.40
1547394435 -8.42
1547394495 -8.36
1547394555 -8.39
1547394616 -8.33
1547394676 -8.32
1547394737 -8.32
1547394798 -8.37
1547394858 -8.33
1547394919 -8.41
1547394979 -8.33
1547395040 -8.36
1547395101 -8.33
1547395161 -8.36
1547395222 -8.27
1547395283 -8.35
1547395344 -8.30
1547395405 -8.32
1547395466 -8.36
1547395527 -8.29
1547395587 -8.37
1547395648 -8.24
1547395708 -8.24
1547395769 -8.32
1547395829 -8.32
1547395890 -8.30
1547395951 -8.33
1547396011 -8.38
1547396072 -8.24
1547396132 -8.24
1547396193 -8.38
1547396253 -8.30
1547396313 -8.26
1547396374 -8.25
1547396435 -8.29
1547396495 -8.29
1547396556 -8.21
1547396617 -8.27
1547396677 -8.24
1547396738 -8.27
1547396798 -8.25
1547396858 -8.10
1547396919 -8.27
1547396980 -8.28
1547397040 -8.25
1547397101 -8.27
1547397161 -8.30
1547397222 -8.37
1547397283 -8.29
1547397343 -8.26
1547397404 -8.24
1547397464 -8.23
1547397525 -8.28
1547397585 -8.22
1547397646 -8.21
1547397706 -8.26
1547397767 -8.17
1547397827 -8.21
1547397887 -8.24
1547397948 -8.25
1547398009 -8.18
1547398069 -8.30
1547398129 -8.11
1547398190 -8.24
1547398250 -8.22
1547398311 -8.22
1547398371 -8.18
1547398432 -8.22
1547398492 -8.20
1547398553 -8.24
1547398614 -8.19
1547398674 -8.13
1547398734 -8.24
1547398795 -8.18
1547398856 -8.14
1547398917 -8.14
1547398978 -8.18
1547399038 -8.11
1547399098 -8.09
1547399159 -8.14
1547399220 -8.16
1547399280 -8.15
1547399341 -8.12
1547399402 -8.15
1547399463 -8.14
1547399523 -8.13
1547399584 -8.06
1547399645 -8.17
1547399705 -8.20
1547399766 -8.15
1547399826 -8.09
1547399887 -8.14
1547399948 -8.05
1547400008 -8.12
1547400068 -8.17
1547400129 -8.18
1547400190 -8.06
1547400250 -8.15
1547400310 -8.13
1547400371 -8.07
1547400431 -8.14
1547400492 -8.08
1547400552 -8.18
1547400612 -8.01
1547400673 -7.99
1547400733 -8.01
1547400793 -8.08
1547400854 -8.09
1547400914 -8.06
1547400975 -8.06
1547401036 -8.06
1547401097 -8.09
1547401158 -8.08
1547401218 -8.14
1547401278 -8.07
1547401339 -8.07
1547401399 -7.98
1547401460 -8.03
1547401520 -8.03
1547401581 -8.00
1547401642 -8.10
1547401702 -8.06
1547401763 -8.04
1547401823 -8.06
1547401884 -8.03
1547401945 -8.02
1547402005 -8.05
1547402068 -8.03
1547402130 -7.96
1547402193 -8.07
1547402255 -8.05
1547402317 -7.93
1547402380 -8.05
1547402442 -8.00
1547402503 -8.00
1547402563 -7.97
1547402624 -8.00
1547402684 -8.05
1547402745 -7.95
1547402805 -7.97
1547402866 -7.92
1547402926 -8.05
1547402987 -7.97
1547403047 -7.93
1547403108 -8.01
1547403168 -7.99
1547403229 -7.94
1547403289 -8.05
1547403350 -7.99
1547403410 -8.01
1547403471 -7.87
1547403531 -7.97
1547403592 -7.91
1547403653 -7.92
1547403714 -7.99
1547403775 -7.92
1547403836 -7.97
1547403896 -7.97
1547403957 -7.97
1547404017 -7.91
1547404078 -8.01
1547404139 -7.91
1547404199 -7.95
1547404260 -7.94
1547404320 -7.89
1547404380 -7.97
1547404441 -7.90
1547404502 -7.91
1547404562 -7.87
1547404623 -7.85
1547404684 -7.88
1547404744 -7.96
1547404805 -7.94
1547404866 -7.90
1547404926 -7.86
1547404987 -7.88
1547405047 -7.83
1547405108 -7.90
1547405168 -7.84
1547405229 -7.82
1547405290 -7.84
1547405350 -7.83
1547405411 -7.89
1547405471 -7.78
1547405532 -7.83
1547405592 -7.94
1547405653 -7.89
1547405714 -7.84
1547405774 -7.84
1547405835 -7.78
1547405896 -7.83
1547405956 -7.84
1547406016 -7.86
1547406077 -7.87
1547406137 -7.79
1547406198 -7.79
1547406260 -7.92
1547406320 -7.81
1547406381 -7.87
1547406441 -7.77
1547406502 -7.80
1547406562 -7.87
1547406623 -7.85
1547406684 -7.88
1547406744 -7.74
1547406804 -7.86
1547406865 -7.82
1547406926 -7.79
1547406986 -7.64
1547407047 -7.71
1547407107 -7.68
1547407168 -7.85
1547407228 -7.85
1547407289 -7.81
1547407349 -7.80
1547407409 -7.76
1547407470 -7.81
1547407531 -7.74
1547407591 -7.78
1547407652 -7.79
1547407712 -7.75
1547407773 -7.81
1547407833 -7.79
1547407893 -7.78
1547407954 -7.82
1547408015 -7.73
1547408075 -7.74
1547408136 -7.69
1547408196 -7.62
1547408257 -7.78
1547408317 -7.68
1547408378 -7.77
1547408438 -7.79
1547408499 -7.69
1547408559 -7.81
1547408620 -7.78
1547408680 -7.76
1547408741 -7.78
1547408801 -7.80
1547409952 -7.79
1547410012 -7.72
1547410073 -7.64
1547410134 -7.68
1547410194 -7.74
1547410256 -7.60
1547410316 -7.73
1547410377 -7.64
1547410437 -7.66
1547410498 -7.58
1547410559 -7.59
1547410620 -7.67
1547410680 -7.65
1547410741 -7.71
1547410801 -7.69
1547410862 -7.65
1547410923 -7.71
1547410984 -7.63
1547411045 -7.59
1547411105 -7.59
1547411166 -7.59
1547411226 -7.71
1547411287 -7.67
1547411347 -7.59
1547411408 -7.60
1547411469 -7.65
1547411529 -7.61
1547411589 -7.59
1547411650 -7.64
1547411711 -7.69
1547411771 -7.56
1547411832 -7.58
1547411892 -7.63
1547411953 -7.58
1547412013 -7.65
1547412074 -7.58
1547412135 -7.56
1547412195 -7.63
1547412255 -7.64
1547412316 -7.69
1547412377 -7.61
1547412437 -7.67
1547412498 -7.55
1547412559 -7.65
1547412619 -7.62
1547412680 -7.55
1547412741 -7.63
1547412801 -7.49
1547412861 -7.61
1547412922 -7.55
1547412982 -7.55
1547413043 -7.55
1547413103 -7.62
1547413164 -7.60
1547413225 -7.49
1547413287 -7.45
1547413348 -7.58
1547413409 -7.54
1547413470 -7.60
1547413531 -7.49
1547413591 -7.57
1547413652 -7.53
1547413712 -7.54
1547413772 -7.48
1547413833 -7.57
1547413894 -7.55
1547413954 -7.49
1547414015 -7.51
1547414075 -7.61
1547414136 -7.56
1547414197 -7.51
1547414257 -7.57
1547414318 -7.39
1547414378 -7.49
1547414439 -7.54
1547414499 -7.56
1547414560 -7.43
1547414621 -7.53
1547414681 -7.44
1547414742 -7.50
1547414802 -7.53
1547414863 -7.49
1547414924 -7.47
1547414984 -7.54
1547415044 -7.40
1547415105 -7.56
1547415166 -7.40
1547415227 -7.41
1547415287 -7.41
1547415347 -7.49
1547415408 -7.48
1547415469 -7.48
1547415529 -7.42
1547415590 -7.47
1547415651 -7.44
1547415711 -7.47
1547415772 -7.50
1547415833 -7.47
1547415893 -7.49
1547415954 -7.42
1547416014 -7.37
1547416075 -7.49
1547416135 -7.39
1547416196 -7.50
1547416256 -7.44
1547416317 -7.42
1547416377 -7.41
1547416438 -7.43
1547416499 -7.39
1547416559 -7.28
1547416620 -7.40
1547416680 -7.30
1547416741 -7.37
1547416802 -7.37
1547416862 -7.39
1547416922 -7.44
1547416983 -7.24
1547417043 -7.32
1547417104 -7.37
1547417165 -7.38
1547417225 -7.47
1547417286 -7.35
1547417346 -7.34
1547417407 -7.33
1547417467 -7.33
1547417528 -7.31
1547417588 -7.39
1547417649 -7.42
1547417710 -7.34
1547417770 -7.33
1547417830 -7.36
1547417891 -7.32
1547417952 -7.26
1547418012 -7.27
1547418073 -7.30
1547418133 -7.28
1547418194 -7.32
1547418255 -7.33
1547418315 -7.38
1547418376 -7.30
1547418436 -7.26
1547418497 -7.31
1547418557 -7.26
1547418618 -7.25
1547418679 -7.36
1547418739 -7.29
1547418799 -7.37
1547418860 -7.39
1547418920 -7.35
1547418981 -7.38
1547419041 -7.26
1547419101 -7.21
1547419162 -7.24
1547419222 -7.27
1547419283 -7.32
1547419344 -7.32
1547419404 -7.29
1547419465 -7.32
1547419526 -7.25
1547419586 -7.33
1547419647 -7.28
1547419708 -7.26
1547419768 -7.27
1547419829 -7.26
1547419889 -7.24
1547419950 -7.29
1547420011 -7.31
1547420071 -7.30
1547420131 -7.19
1547420192 -7.33
1547420252 -7.35
1547420313 -7.21
1547420374 -7.26
1547420434 -7.27
1547420495 -7.26
1547420555 -7.19
1547420616 -7.35
1547420676 -7.31
1547420737 -7.31
1547420798 -7.19
1547420858 -7.21
1547420919 -7.25
1547420979 -7.24
1547421040 -7.25
1547421101 -7.22
1547421161 -7.28
1547421222 -7.19
1547421283 -7.34
1547421343 -7.14
1547421404 -7.31
1547421465 -7.22
1547421525 -7.28
1547421586 -7.13
1547421646 -7.26
1547421706 -7.19
1547421767 -7.23
1547421828 -7.21
1547421889 -7.27
1547421949 -7.19
1547422009 -7.15
1547422070 -7.24
1547422130 -7.24
1547422191 -7.21
1547422251 -7.20
1547422312 -7.30
1547422372 -7.24
1547422433 -7.22
1547422493 -7.17
1547422554 -7.25
1547422615 -7.15
1547422675 -7.24
1547422736 -7.23
1547422797 -7.16
1547422857 -7.16
1547422918 -7.19
1547422978 -7.22
1547423039 -7.14
1547423099 -7.21
1547423160 -7.23
1547423220 -7.14
1547423280 -7.18
1547423341 -7.29
1547423401 -7.21
1547423461 -7.21
1547423522 -7.19
1547423582 -7.24
1547423642 -7.06
1547423703 -7.19
1547423763 -7.24
1547423824 -7.26
1547423885 -7.11
1547423945 -7.24
1547424006 -7.18
1547424066 -7.25
1547424127 -7.15
1547424187 -7.19
1547424247 -7.19
1547424308 -7.15
1547424368 -7.11
1547424429 -7.22
1547424490 -7.15
1547424550 -7.20
1547424611 -7.26
1547424672 -7.11
1547424732 -7.13
1547424793 -7.13
1547424854 -7.21
1547424914 -7.20
1547424975 -7.16
1547425035 -7.17
1547425096 -7.11
1547425156 -7.10
1547425217 -7.22
1547425277 -7.20
1547425337 -7.24
1547425398 -7.14
1547425458 -7.14
1547425519 -7.22
1547425580 -7.12
1547425640 -7.18
1547425701 -7.16
1547425761 -7.17
1547425822 -7.24
1547425883 -7.16
1547425944 -6.98
1547426004 -7.06
1547426065 -7.17
1547426126 -7.18
1547426186 -7.29
1547426247 -7.12
1547426307 -7.14
1547426368 -7.17
1547426428 -7.17
1547426489 -7.15
1547426550 -7.28
1547426610 -7.24
1547426671 -7.11
1547426731 -7.21
1547426792 -7.07
1547426853 -7.19
1547426913 -7.18
1547426974 -7.15
1547427034 -7.17
1547427095 -7.17
1547427155 -7.18
1547427216 -7.19
1547427276 -7.17
1547427337 -7.10
1547427397 -7.10
1547427458 -7.17
1547427518 -7.13
1547427579 -7.21
1547427639 -7.13
1547427700 -7.21
1547427760 -7.07
1547427821 -7.12
1547427882 -7.08
1547427943 -7.19
1547428003 -7.18
1547428064 -7.16
1547428126 -7.14
1547428187 -7.08
1547428247 -7.16
1547428307 -7.13
1547428368 -7.12
1547428428 -7.09
1547428489 -7.03
1547428549 -7.15
1547428610 -7.08
1547428670 -7.09
1547428731 -7.19
1547428792 -7.07
1547428852 -7.06
1547428913 -7.20
1547428974 -7.12
1547429035 -7.08
1547429095 -7.16
1547429156 -7.05
1547429216 -7.13
1547429277 -7.13
1547429338 -7.13
1547429398 -7.09
1547429459 -7.13
1547429519 -7.17
1547429579 -7.09
1547429640 -7.12
1547429701 -7.17
1547429761 -7.14
1547429822 -7.17
1547429882 -7.09
1547429943 -7.10
1547430004 -7.19
1547430064 -7.10
1547430124 -7.14
1547430185 -7.19
1547430246 -7.16
1547430306 -7.16
1547430366 -7.17
1547430427 -7.17
1547430487 -7.20
1547430548 -7.14
1547430608 -7.14
1547430669 -7.12
1547430730 -7.12
1547430790 -7.18
1547430850 -7.11
1547430911 -7.14
1547430972 -7.20
1547431032 -7.16
1547431094 -7.10
1547431154 -7.11
1547431214 -7.20
1547431275 -7.12
1547431336 -7.12
1547431396 -7.14
1547431457 -7.15
1547431517 -7.16
1547431578 -7.19
1547431639 -7.07
1547431700 -7.12
1547431761 -7.14
1547431821 -7.11
1547431882 -7.12
1547431942 -7.12
1547432003 -7.16
1547432063 -7.13
1547432124 -7.13
1547432185 -7.13
1547432246 -7.11
1547432307 -7.16
1547432367 -7.18
1547432428 -7.17
1547432488 -7.19
1547432549 -7.15
1547432609 -7.14
1547432670 -7.14
1547432730 -7.07
1547432791 -7.19
1547432852 -7.16
1547432912 -7.20
1547432973 -7.18
1547433033 -7.14
1547433093 -7.12
1547433154 -7.17
1547433215 -7.16
1547433275 -7.19
1547433336 -7.17
1547433396 -7.04
1547433457 -7.15
1547433517 -7.10
1547433578 -7.12
1547433638 -7.16
1547433699 -7.11
1547433760 -7.13
1547433820 -7.16
1547433881 -7.13
1547433941 -7.05
1547434002 -7.11
1547434062 -7.10
1547434123 -7.09
1547434184 -7.14
1547434245 -7.13
1547434306 -7.10
1547434366 -7.08
1547434427 -7.10
1547434487 -7.09
1547434547 -7.11
1547434608 -7.15
1547434668 -7.04
1547434729 -7.05
1547434789 -7.08
1547434850 -7.00
1547434910 -7.07
1547434971 -7.05
1547435031 -7.11
1547435092 -7.08
1547435152 -7.12
1547435213 -7.11
1547435274 -7.08
1547435334 -7.03
1547435394 -7.12
1547435455 -7.11
1547435515 -7.11
1547435576 -7.10
1547435636 -7.11
1547435697 -7.10
1547435757 -7.05
1547435818 -7.14
1547435878 -7.12
1547435939 -7.04
1547435999 -7.07
1547436060 -7.05
1547436121 -7.10
1547436183 -7.00
1547436244 -7.08
1547436305 -6.99
1547436365 -6.99
1547436425 -7.02
1547436486 -7.05
1547436546 -7.06
1547436607 -7.02
1547436667 -7.01
1547436728 -6.94
1547436789 -7.03
1547436850 -6.94
1547436911 -7.00
1547436972 -6.86
1547437032 -6.88
1547437093 -6.93
1547437154 -6.89
1547437214 -6.96
1547437274 -6.89
1547437334 -6.90
1547437395 -6.96
1547437455 -6.92
1547437516 -6.95
1547437577 -6.95
1547437637 -6.93
1547437698 -6.91
1547437758 -6.88
1547437820 -6.88
1547437881 -6.80
1547437942 -6.81
1547438002 -6.89
1547438063 -6.78
1547438123 -6.82
1547438184 -6.79
1547438246 -6.83
1547438307 -6.79
1547438368 -6.77
1547438428 -6.81
1547438489 -6.83
1547438549 -6.72
1547438610 -6.83
1547438670 -6.82
1547438731 -6.77
1547438792 -6.79
1547438852 -6.78
1547438913 -6.73
1547438973 -6.73
1547439034 -6.69
1547439094 -6.81
1547439155 -6.86
1547439216 -6.67
1547439277 -6.72
1547439337 -6.63
1547439398 -6.66
1547439458 -6.73
1547439519 -6.65
1547439579 -6.65
1547439640 -6.67
1547439701 -6.58
1547439761 -6.60
1547439822 -6.61
1547439883 -6.59
1547439943 -6.58
1547440004 -6.54
1547440064 -6.59
1547440125 -6.53
1547440185 -6.62
1547440245 -6.56
1547440306 -6.56
1547440367 -6.57
1547440427 -6.53
1547440487 -6.62
1547440548 -6.50
1547440608 -6.56
1547440669 -6.63
1547440729 -6.48
1547440789 -6.56
1547440850 -6.48
1547440911 -6.51
1547440971 -6.56
1547441031 -6.48
1547441092 -6.48
1547441153 -6.49
1547441214 -6.44
1547441274 -6.44
1547441335 -6.52
1547441396 -6.39
1547441456 -6.45
1547441516 -6.54
1547441577 -6.43
1547441638 -6.47
1547441698 -6.37
1547441759 -6.40
1547441819 -6.33
1547441879 -6.32
1547441940 -6.35
1547442000 -6.45
1547442061 -6.40
1547442122 -6.30
1547442182 -6.39
1547442243 -6.34
1547442303 -6.35
1547442364 -6.26
1547442424 -6.21
1547442485 -6.18
1547442545 -6.26
1547442606 -6.28
1547442666 -6.29
1547442727 -6.25
1547442788 -6.24
1547442849 -6.24
1547442909 -6.30
1547442970 -6.25
1547443031 -6.28
1547443091 -6.22
1547443152 -6.19
1547443213 -6.22
1547443273 -6.21
1547443334 -6.15
1547443395 -6.20
1547443455 -6.17
1547443516 -6.13
1547443577 -6.17
1547443638 -6.14
1547443699 -6.09
1547443759 -6.22
1547443820 -6.05
1547443880 -6.09
1547443941 -6.05
1547444002 -6.21
1547444063 -6.11
1547444124 -6.11
1547444184 -6.19
1547444245 -6.09
1547444306 -6.12
1547444366 -6.18
1547444428 -6.09
1547444488 -6.16
1547444548 -6.15
1547444609 -6.10
1547444669 -6.06
1547444730 -6.05
1547444790 -6.15
1547444851 -6.03
1547444911 -6.08
1547444972 -6.06
1547445032 -6.08
1547445093 -6.10
1547445153 -6.05
1547445213 -6.01
1547445274 -6.11
1547445334 -6.02
1547445395 -6.07
1547445455 -6.00
1547445516 -5.98
1547445576 -6.02
1547445637 -6.00
1547445697 -5.94
1547445758 -5.98
1547445818 -6.04
1547445879 -6.14
1547445940 -6.08
1547446000 -5.95
1547446061 -6.06
1547446122 -5.99
1547446182 -6.09
1547446243 -6.04
1547446304 -6.05
1547446364 -5.97
1547446425 -6.07
1547446485 -5.97
1547446546 -6.06
1547446606 -6.11
1547446666 -5.97
1547446727 -6.06
1547446787 -6.14
1547446847 -5.98
1547446908 -5.97
1547446969 -6.02
1547447030 -6.09
1547447090 -5.99
1547447151 -6.01
1547447211 -6.07
1547447272 -5.96
1547447333 -5.97
1547447393 -6.06
1547447454 -6.12
1547447515 -6.10
1547447575 -5.94
1547447636 -6.09
1547447696 -6.16
1547447757 -6.12
1547447817 -6.17
1547447877 -6.13
1547447938 -6.13
1547447999 -6.17
1547448060 -6.17
1547448121 -6.07
1547448181 -6.07
1547448243 -6.08
1547448303 -6.19
1547448363 -6.16
1547448424 -6.17
1547448484 -6.26
1547448545 -6.13
1547448606 -6.18
1547448666 -6.16
1547448727 -6.27
1547448788 -6.11
1547448848 -6.19
1547448908 -6.09
1547448969 -6.03
1547449030 -6.16
1547449091 -6.13
1547449151 -6.10
1547449211 -6.14
1547449271 -6.07
1547449332 -6.13
1547449392 -6.20
1547449453 -6.18
1547449515 -6.14
1547449576 -6.16
1547449637 -6.25
1547449697 -6.16
1547449758 -6.13
1547449818 -6.04
1547449879 -6.17
1547449939 -6.31
1547450000 -6.10
1547450061 -6.18
1547450121 -6.10
1547450182 -6.18
1547450242 -6.12
1547450302 -6.17
1547450363 -6.10
1547450423 -6.12
1547450484 -6.18
1547450544 -6.08
1547450605 -6.05
1547450666 -6.14
1547450727 -6.02
1547450787 -6.07
1547450848 -6.14
1547450908 -5.96
1547450970 -6.06
1547451031 -6.12
1547451091 -6.14
1547451152 -5.99
1547451212 -6.21
1547451273 -6.18
1547451333 -6.06
1547451394 -6.12
1547451454 -5.96
1547451515 -6.13
1547451575 -6.09
1547451636 -6.12
1547451696 -6.18
1547451757 -6.13
1547451817 -6.17
1547451877 -6.13
1547451938 -6.18
1547451998 -6.17
1547452060 -6.07
1547452121 -6.11
1547452182 -6.14
1547452242 -6.21
1547452303 -6.04
1547452364 -6.08
1547452424 -6.05
1547452485 -6.20
1547452545 -6.04
1547452606 -6.09
1547452667 -6.12
1547452727 -6.09
1547452788 -6.12
1547452848 -6.17
1547452909 -6.20
1547452969 -6.14
1547453030 -6.15
1547453090 -6.13
1547453151 -6.09
1547453211 -6.11
1547453272 -6.18
1547453332 -6.13
1547453393 -6.10
1547453453 -6.20
1547453514 -6.06
1547453575 -6.11
1547453635 -6.08
1547453696 -6.09
1547453756 -6.08
1547453817 -6.10
1547453878 -6.09
1547453938 -6.08
1547453999 -6.17
1547454060 -6.10
1547454122 -6.10
1547454182 -6.09
1547454243 -6.10
1547454304 -6.12
1547454364 -6.12
1547454424 -6.14
1547454485 -6.13
1547454546 -6.13
1547454607 -6.10
1547454667 -6.15
1547454727 -6.15
1547454788 -6.11
1547454849 -6.18
1547454909 -6.17
1547454970 -6.21
1547455030 -6.14
1547455091 -6.16
1547455152 -6.13
1547455212 -6.14
1547455273 -6.16
1547455334 -6.17
1547455394 -6.18
1547455455 -6.18
1547455515 -6.17
1547455575 -6.16
1547455636 -6.14
1547455697 -6.15
1547455758 -6.09
1547455818 -6.15
1547455879 -6.11
1547455939 -6.14
1547456000 -6.14
1547456061 -6.15
1547456122 -6.25
1547456182 -6.17
1547456243 -6.18
1547456304 -6.16
1547456365 -6.16
1547456425 -6.12
1547456486 -6.18
1547456546 -6.09
1547456607 -6.17
1547456668 -6.13
1547456728 -6.18
1547456788 -6.19
1547456849 -6.15
1547456909 -6.16
1547456970 -6.18
1547457031 -6.22
1547457091 -6.12
1547457152 -6.19
1547457212 -6.16
1547457273 -6.21
1547457334 -6.17
1547457395 -6.10
1547457455 -6.08
1547457515 -6.19
1547457576 -6.20
1547457637 -6.23
1547457697 -6.10
1547457758 -6.15
1547457819 -6.11
1547457879 -6.09
1547457939 -6.15
1547458000 -6.22
1547458061 -6.14
1547458121 -6.18
1547458182 -6.13
1547458243 -6.22
1547458303 -6.27
1547458364 -6.26
1547458425 -6.27
1547458485 -6.17
1547458546 -6.13
1547458606 -6.21
1547458666 -6.24
1547458727 -6.15
1547458787 -6.15
1547458848 -6.23
1547458908 -6.27
1547458968 -6.16
1547459029 -6.20
1547459090 -6.23
1547459150 -6.13
1547459211 -6.04
1547459271 -6.27
1547459332 -6.22
1547459393 -6.19
1547459454 -6.21
1547459514 -6.15
1547459574 -6.14
1547459635 -6.24
1547459695 -6.20
1547459756 -6.26
1547459816 -6.14
1547459877 -6.23
1547459937 -6.16
1547459998 -6.23
1547460058 -6.25
1547460119 -6.21
1547460179 -6.17
1547460240 -6.19
1547460300 -6.05
1547460361 -6.15
1547460422 -6.22
1547460482 -6.23
1547460543 -6.18
1547460604 -6.18
1547460666 -6.13
1547460726 -6.19
1547460787 -6.20
1547460847 -6.17
1547460908 -6.26
1547460968 -6.22
1547461029 -6.13
1547461090 -6.16
1547461150 -6.20
1547461211 -6.21
1547461271 -6.26
1547461332 -6.18
1547461393 -6.19
1547461454 -6.30
1547461514 -6.24
1547461575 -6.29
1547461635 -6.18
1547461696 -6.13
1547461756 -6.20
1547461817 -6.21
1547461877 -6.20
1547461938 -6.16
1547461999 -6.15
1547462059 -6.26
1547462120 -6.12
1547462181 -6.27
1547462241 -6.09
1547462302 -6.24
1547462363 -6.30
1547462424 -6.23
1547462484 -6.16
1547462545 -6.22
1547462606 -6.17
1547462666 -6.24
1547462727 -6.32
1547462787 -6.22
1547462847 -6.15
1547462908 -6.26
1547462968 -6.34
1547463029 -6.17
1547463089 -6.17
1547463149 -6.22
1547463210 -6.25
1547463271 -6.18
1547463332 -6.17
1547463392 -6.20
1547463453 -6.31
1547463513 -6.22
1547463574 -6.28
1547463635 -6.20
1547463695 -6.29
1547463756 -6.32
1547463816 -6.19
1547463877 -6.15
1547463937 -6.23
1547463998 -6.26
1547464058 -6.24
1547464119 -6.29
1547464179 -6.19
1547464240 -6.22
1547464300 -6.21
1547464361 -6.18
1547464421 -6.18
1547464482 -6.29
1547464542 -6.16
1547464603 -6.18
1547464663 -6.27
1547464724 -6.23
1547464785 -6.13
1547464845 -6.26
1547464906 -6.31
1547464967 -6.25
1547465027 -6.17
1547465088 -6.21
1547465148 -6.23
1547465209 -6.14
1547465269 -6.16
1547465330 -6.20
1547465390 -6.27
1547465450 -6.26
1547465510 -6.31
1547465571 -6.25
1547465632 -6.16
1547465693 -6.18
1547465753 -6.19
1547465814 -6.27
1547465875 -6.33
1547465936 -6.27
1547465996 -6.20
1547466057 -6.16
1547466117 -6.31
1547466178 -6.29
1547466238 -6.23
1547466299 -6.25
1547466359 -6.22
1547466420 -6.27
1547466480 -6.24
1547466541 -6.34
1547466602 -6.24
1547466663 -6.25
1547466723 -6.27
1547466784 -6.23
1547466845 -6.25
1547466905 -6.23
1547466966 -6.21
1547467027 -6.32
1547467087 -6.18
1547467147 -6.13
1547467208 -6.26
1547467269 -6.22
1547467329 -6.12
1547467390 -6.21
1547467450 -6.23
1547467511 -6.27
1547467571 -6.23
1547467632 -6.25
1547467692 -6.22
1547467753 -6.13
1547467813 -6.11
1547467874 -6.26
1547467934 -6.23
1547467995 -6.14
1547468055 -6.22
1547468116 -6.12
1547468177 -6.26
1547468237 -6.18
1547468298 -6.14
1547468358 -6.17
1547468420 -6.28
1547468481 -6.16
1547468541 -6.17
1547468602 -6.21
1547468662 -6.13
1547468723 -6.17
1547468783 -6.23
1547468844 -6.10
1547468905 -6.18
1547468966 -6.18
1547469026 -6.19
1547469087 -6.14
1547469148 -6.30
1547469208 -6.02
1547469269 -6.20
1547469329 -6.17
1547469390 -6.20
1547469450 -6.20
1547469511 -6.12
1547469572 -6.17
1547469632 -6.21
1547469693 -6.24
1547469753 -6.23
1547469814 -6.16
1547469875 -6.09
1547469935 -6.10
1547469996 -6.15
1547470057 -6.07
1547470117 -6.22
1547470178 -6.16
1547470238 -6.15
1547470299 -6.13
1547470359 -6.20
1547470420 -6.22
1547470481 -6.10
1547470542 -6.15
1547470603 -6.12
1547470664 -6.15
1547470724 -6.11
1547470784 -6.11
1547470844 -6.03
1547470905 -6.10
1547470965 -6.12
1547471026 -6.07
1547471086 -6.18
1547471146 -6.13
1547471207 -6.02
1547471267 -6.16
1547471328 -6.13
1547471389 -6.07
1547471449 -6.07
1547471509 -6.02
1547471570 -6.17
1547471630 -6.00
1547471691 -6.09
1547471751 -6.06
1547471812 -6.21
1547471873 -6.22
1547471933 -6.15
1547471995 -6.03
1547472055 -6.08
1547472116 -6.14
1547472177 -6.09
1547472237 -6.02
1547472298 -6.08
1547472358 -6.10
1547472418 -6.04
1547472479 -6.18
1547472540 -6.13
1547472600 -6.06
1547472661 -6.18
1547472721 -6.01
1547472782 -6.16
1547472843 -6.11
1547472904 -6.10
1547472964 -6.01
1547473025 -6.07
1547473085 -6.02
1547473146 -6.09
1547473207 -6.10
1547473267 -6.07
1547473328 -6.16
1547473389 -6.04
1547473449 -6.08
1547473510 -6.05
1547473571 -6.14
1547473632 -5.96
1547473692 -6.06
1547473753 -6.06
1547473814 -6.10
1547473874 -6.10
1547473935 -5.91
1547473995 -6.10
1547474056 -6.12
1547474117 -5.99
1547474177 -6.07
1547474237 -6.04
1547474298 -5.96
1547474359 -6.13
1547474420 -6.00
1547474480 -6.15
1547474541 -5.95
1547474601 -6.11
1547474661 -6.01
1547474722 -6.06
1547474782 -6.04
1547474843 -5.99
1547474903 -6.01
1547474963 -6.10
1547475024 -5.90
1547475085 -6.13
1547475146 -5.87
1547475207 -6.01
1547475267 -6.06
1547475327 -6.07
1547475388 -6.06
1547475448 -6.06
1547475509 -5.98
1547475570 -6.00
1547475630 -5.95
1547475690 -6.05
1547475751 -6.08
1547475811 -6.00
1547475871 -6.09
1547475931 -6.01
1547475992 -6.07
1547476052 -5.99
1547476113 -6.00
1547476173 -5.96
1547476233 -5.99
1547476293 -6.03
1547476354 -5.88
1547476414 -6.01
1547476475 -6.02
1547476536 -6.08
1547476596 -6.03
1547476657 -6.03
1547476717 -6.04
1547476778 -6.00
1547476838 -5.94
1547476899 -6.08
1547476960 -5.90
1547477021 -6.01
1547477081 -5.99
1547477141 -5.98
1547477202 -6.03
1547477263 -6.08
1547477323 -5.95
1547477383 -6.06
1547477444 -5.94
1547477504 -5.96
1547477565 -5.99
1547477626 -6.03
1547477686 -6.03
1547477747 -5.98
1547477807 -5.95
1547477868 -6.04
1547477928 -5.88
1547477989 -6.01
1547478050 -6.08
1547478110 -6.00
1547478171 -5.97
1547478231 -6.02
1547478291 -5.93
1547478352 -5.93
1547478413 -6.02
1547478473 -6.01
1547478533 -5.98
1547478594 -5.98
1547478654 -6.01
1547478714 -6.02
1547478775 -5.84
1547478835 -5.89
1547478896 -5.96
1547478956 -6.07
1547479017 -5.97
1547479078 -5.98
1547479138 -5.96
1547479199 -6.05
1547479259 -6.08
1547479320 -6.02
1547479381 -5.95
1547479441 -6.07
1547479502 -5.94
1547479563 -6.02
1547479623 -5.94
1547479684 -6.02
1547479744 -5.89
1547479805 -6.01
1547479866 -5.97
1547479926 -5.91
1547479987 -5.97
1547480047 -5.90
1547480108 -5.98
1547480168 -6.01
1547480229 -5.97
1547480289 -6.00
1547480350 -5.96
1547480411 -6.01
1547480471 -5.87
1547480531 -5.94
1547480592 -5.94
1547480652 -5.98
1547480713 -5.97
1547480773 -5.91
1547480834 -5.93
1547480894 -5.95
1547480955 -6.00
1547481016 -6.02
1547481076 -6.04
1547481137 -5.86
1547481197 -5.96
1547481258 -5.93
1547481318 -6.01
1547481379 -6.01
1547481439 -6.00
1547481499 -6.00
1547481560 -5.94
1547481620 -5.88
1547481681 -5.98
1547481741 -5.98
1547481802 -5.97
1547481862 -6.00
1547481922 -5.94
1547481982 -5.96
1547482043 -5.93
1547482104 -5.83
1547482164 -5.84
1547482225 -5.91
1547482285 -5.94
1547482346 -5.90
1547482406 -5.92
1547482467 -5.92
1547482527 -5.99
1547482588 -5.87
1547482648 -5.95
1547482709 -5.95
1547482769 -5.97
1547482830 -5.98
1547482890 -5.92
1547482951 -5.96
1547483011 -5.98
1547483072 -5.91
1547483133 -5.96
1547483193 -5.92
1547483254 -5.98
1547483314 -5.98
1547483374 -5.88
1547483434 -5.92
1547483495 -5.88
1547483555 -5.90
1547483616 -5.94
1547483676 -5.90
1547483736 -5.95
1547483797 -6.00
1547483857 -5.98
1547483918 -5.85
1547483979 -5.89
1547484039 -5.82
1547484099 -5.97
1547484160 -5.85
1547484221 -5.96
1547484281 -5.85
1547484341 -6.03
1547484402 -5.94
1547484463 -6.04
1547484524 -5.98
1547484585 -5.98
1547484645 -5.90
1547484705 -5.84
1547484766 -5.82
1547484826 -5.83
1547484886 -5.88
1547484947 -5.82
1547485008 -6.00
1547485069 -5.85
1547485129 -5.82
1547485190 -5.98
1547485250 -5.93
1547485311 -5.90
1547485371 -5.98
1547485432 -6.01
1547485493 -5.95
1547485553 -5.90
1547485614 -5.94
1547485674 -5.91
1547485734 -5.90
1547485795 -6.03
1547485856 -5.80
1547485916 -5.92
1547485977 -5.94
1547486037 -5.93
1547486098 -5.92
1547486158 -5.94
1547486219 -5.84
1547486280 -5.94
1547486340 -5.97
1547486401 -5.82
1547486462 -6.02
1547486522 -5.94
1547486582 -5.92
1547486643 -5.81
1547486703 -5.93
1547486764 -5.79
1547486825 -5.88
1547486885 -5.98
1547486946 -5.93
1547487007 -5.93
1547487068 -5.94
1547487128 -5.95
1547487189 -5.82
1547487249 -6.03
1547487310 -5.77
1547487371 -5.87
1547487431 -6.02
1547487492 -5.83
1547487552 -5.85
1547487613 -5.91
1547487674 -5.88
1547487734 -6.01
1547487795 -5.93
1547487855 -5.90
1547487916 -5.83
1547487977 -5.85
1547488037 -6.01
1547488098 -5.92
1547488159 -5.94
1547488220 -5.90
1547488280 -5.92
1547488341 -5.92
1547488401 -5.96
1547488462 -5.90
1547488522 -5.87
1547488582 -5.88
1547488642 -5.96
1547488703 -5.86
1547488763 -6.00
1547488824 -5.83
1547488884 -5.86
1547488945 -5.98
1547489005 -5.99
1547489065 -5.91
1547489125 -5.82
1547489186 -5.84
1547489246 -5.98
1547489307 -5.93
1547489367 -5.86
1547489427 -5.94
1547489488 -5.94
1547489548 -5.84
1547489608 -5.93
1547489669 -5.89
1547489730 -5.93
1547489790 -5.94
1547489851 -5.88
1547489912 -5.90
1547489972 -5.87
1547490033 -5.86
1547490094 -5.88
1547490155 -5.98
1547490216 -5.86
1547490276 -5.91
1547490336 -5.81
1547490397 -5.96
1547490457 -5.98
1547490518 -6.00
1547490579 -5.90
1547490639 -5.95
1547490699 -5.94
1547490761 -5.91
1547490822 -6.04
1547490882 -5.89
1547490943 -5.96
1547491004 -5.91
1547491064 -5.95
1547491124 -5.87
1547491184 -5.97
1547491245 -5.85
1547491305 -5.84
1547491366 -5.88
1547491426 -5.88
1547491487 -5.85
1547491547 -5.98
1547491608 -5.78
1547491668 -5.93
1547491729 -5.88
1547491789 -5.94
1547491849 -5.88
1547491909 -5.97
1547491970 -5.92
1547492031 -5.91
1547492091 -5.85
1547492152 -5.90
1547492212 -5.87
1547492273 -6.01
1547492334 -5.97
1547492394 -5.89
1547492455 -5.90
1547492515 -5.88
1547492576 -5.86
1547492637 -5.96
1547492697 -5.88
1547492758 -5.77
1547492818 -5.96
1547492878 -5.87
1547492938 -5.87
1547492999 -5.83
1547493059 -5.81
1547493120 -5.89
1547493181 -5.94
1547493241 -5.92
1547493302 -5.83
1547493363 -6.02
1547493423 -5.94
1547493483 -5.83
1547493544 -5.89
1547493605 -5.78
1547493665 -6.02
1547493726 -5.89
1547493787 -5.87
1547493847 -5.84
1547493908 -5.91
1547493969 -5.86
1547494029 -5.95
1547494089 -5.83
1547494150 -5.94
1547494211 -5.87
1547494271 -5.91
1547494332 -5.91
1547494392 -5.91
1547494453 -5.95
1547494513 -5.99
1547494574 -5.85
1547494634 -5.91
1547494695 -5.92
1547494755 -5.89
1547494816 -5.94
1547494877 -5.89
1547494937 -5.89
1547494998 -5.93
1547495059 -5.83
1547495119 -5.99
1547495179 -6.03
1547495240 -5.92
1547495301 -5.83
1547495362 -5.99
1547495422 -5.86
1547495482 -5.92
1547495543 -5.93
1547495603 -5.99
1547495663 -5.93
1547495724 -5.86
1547495784 -6.02
1547495845 -6.04
1547495905 -5.94
1547495966 -6.00
1547496026 -5.93
1547496089 -5.94
1547496150 -6.03
1547496210 -5.94
1547496271 -5.95
1547496331 -5.89
1547496392 -5.86
1547496452 -5.96
1547496513 -5.99
1547496573 -6.05
1547496634 -5.90
1547496694 -5.90
1547496755 -5.93
1547496816 -6.00
1547496877 -5.94
1547496937 -5.91
1547496998 -6.00
1547497058 -5.85
1547497119 -5.82
1547497180 -5.98
1547497240 -5.98
1547497301 -5.92
1547497361 -5.78
1547497422 -5.86
1547497483 -5.98
1547497543 -5.95
1547497604 -5.90
1547497664 -5.94
1547497725 -5.93
1547497785 -5.92
1547497846 -5.85
1547497906 -5.92
1547497967 -5.98
1547498027 -5.99
1547498088 -5.93
1547498148 -5.91
1547498209 -5.90
1547498269 -5.93
1547498330 -5.84
1547498390 -5.97
1547498451 -5.83
1547498512 -5.91
1547498572 -5.90
1547498633 -5.85
1547498694 -5.93
1547498754 -5.84
1547498814 -5.97
1547498875 -5.91
1547498936 -5.89
1547498996 -5.97
1547499057 -5.89
1547499117 -6.04
1547499178 -5.98
1547499239 -5.92
1547499299 -5.89
1547499360 -5.98
1547499420 -5.92
1547499481 -6.03
1547499541 -6.00
1547499602 -6.03
