1547240343 -9.67
1547240405 -9.68
1547240468 -9.67
1547240530 -9.69
1547240593 -9.64
1547240655 -9.66
1547240718 -9.65
1547240781 -9.63
1547240843 -9.66
1547240907 -9.64
1547240969 -9.61
1547241032 -9.71
1547241095 -9.64
1547241157 -9.62
1547241220 -9.61
1547241282 -9.66
1547241345 -9.67
1547241407 -9.69
1547241470 -9.67
1547241533 -9.63
1547241595 -9.63
1547241658 -9.63
1547241720 -9.61
1547241783 -9.63
1547241846 -9.58
1547241908 -9.60
1547241971 -9.63
1547242033 -9.58
1547242096 -9.61
1547242159 -9.60
1547242221 -9.60
1547242284 -9.51
1547242347 -9.63
1547242409 -9.66
1547242472 -9.62
1547242533 -9.58
1547242595 -9.63
1547242658 -9.62
1547242721 -9.59
1547242783 -9.63
1547242846 -9.62
1547242909 -9.60
1547242971 -9.65
1547243034 -9.60
1547243096 -9.65
1547243159 -9.70
1547243222 -9.69
1547243285 -9.69
1547243347 -9.70
1547243410 -9.65
1547243472 -9.64
1547243535 -9.69
1547243598 -9.69
1547243661 -9.70
1547243724 -9.67
1547243787 -9.68
1547243849 -9.62
1547243911 -9.69
1547243974 -9.67
1547244037 -9.67
1547244099 -9.63
1547244162 -9.68
1547244224 -9.68
1547244287 -9.66
1547244350 -9.64
1547244412 -9.67
1547244475 -9.64
1547244537 -9.69
1547244600 -9.61
1547244662 -9.62
1547244724 -9.66
1547244787 -9.70
1547244850 -9.71
1547244912 -9.67
1547244975 -9.70
1547245038 -9.67
1547245100 -9.67
1547245163 -9.71
1547245225 -9.70
1547245288 -9.73
1547245351 -9.70
1547245414 -9.68
1547245477 -9.65
1547245540 -9.65
1547245602 -9.71
1547245665 -9.70
1547245727 -9.66
1547245790 -9.67
1547245852 -9.63
1547245915 -9.69
1547245977 -9.65
1547246040 -9.72
1547246102 -9.72
1547246165 -9.74
1547246227 -9.68
1547246290 -9.71
1547246352 -9.66
1547246415 -9.71
1547246477 -9.70
1547246540 -9.67
1547246603 -9.73
1547246666 -9.73
1547246728 -9.75
1547246791 -9.69
1547246853 -9.72
1547246916 -9.74
1547246979 -9.73
1547247042 -9.77
1547247104 -9.80
1547247167 -9.75
1547247230 -9.75
1547247292 -9.74
1547247355 -9.75
1547247418 -9.71
1547247480 -9.70
1547247543 -9.68
1547247606 -9.74
1547247669 -9.71
1547247731 -9.75
1547247794 -9.71
1547247856 -9.75
1547247919 -9.72
1547247982 -9.80
1547248045 -9.78
1547248108 -9.82
1547248171 -9.80
1547248233 -9.79
1547248296 -9.84
1547248358 -9.81
1547248420 -9.81
1547248483 -9.83
1547248546 -9.78
1547248606 -9.80
1547248669 -9.81
1547248731 -9.84
1547248794 -9.81
1547248857 -9.80
1547248920 -9.84
1547248982 -9.82
1547249045 -9.79
1547249108 -9.82
1547249170 -9.85
1547249233 -9.82
1547249296 -9.82
1547249358 -9.79
1547249421 -9.77
1547249483 -9.83
1547249546 -9.84
1547249609 -9.82
1547249671 -9.80
1547249734 -9.81
1547249796 -9.84
1547249858 -9.84
1547249921 -9.82
1547249984 -9.83
1547250047 -9.85
1547250110 -9.85
1547250172 -9.82
1547250235 -9.83
1547250297 -9.86
1547250360 -9.86
1547250422 -9.84
1547250485 -9.81
1547250548 -9.82
1547250610 -9.84
1547250673 -9.86
1547250735 -9.86
1547250798 -9.84
1547250861 -9.80
1547250923 -9.86
1547250986 -9.87
1547251048 -9.84
1547251110 -9.85
1547251173 -9.83
1547251236 -9.89
1547251299 -9.87
1547251361 -9.87
1547251424 -9.84
1547251487 -9.84
1547251549 -9.87
1547251612 -9.80
1547251675 -9.88
1547251738 -9.83
1547251800 -9.86
1547251863 -9.84
1547251926 -9.84
1547251989 -9.82
1547252050 -9.89
1547252113 -9.79
1547252173 -9.82
1547252236 -9.84
1547252298 -9.83
1547252361 -9.88
1547252423 -9.81
1547252486 -9.82
1547252549 -9.82
1547252611 -9.76
1547252674 -9.81
1547252737 -9.74
1547252800 -9.79
1547252862 -9.77
1547252925 -9.78
1547252987 -9.73
1547253050 -9.76
1547253113 -9.75
1547253176 -9.75
1547253238 -9.68
1547253300 -9.78
1547253363 -9.72
1547253425 -9.74
1547253488 -9.68
1547253551 -9.71
1547253613 -9.70
1547253676 -9.68
1547253738 -9.70
1547253801 -9.75
1547253863 -9.72
1547253926 -9.68
1547253988 -9.67
1547254051 -9.64
1547254113 -9.64
1547254176 -9.68
1547254239 -9.69
1547254301 -9.70
1547254364 -9.68
1547254427 -9.68
1547254490 -9.66
1547254553 -9.68
1547254615 -9.66
1547254678 -9.66
1547254740 -9.68
1547254803 -9.63
1547254866 -9.68
1547254928 -9.68
1547254991 -9.63
1547255054 -9.66
1547255116 -9.66
1547255178 -9.65
1547255241 -9.67
1547255304 -9.68
1547255366 -9.69
1547255429 -9.65
1547255491 -9.66
1547255554 -9.65
1547255617 -9.67
1547255679 -9.66
1547255742 -9.69
1547255804 -9.66
1547255867 -9.63
1547255930 -9.63
1547255992 -9.70
1547256055 -9.64
1547256118 -9.65
1547256180 -9.66
1547256243 -9.68
1547256306 -9.69
1547256368 -9.71
1547256431 -9.69
1547256493 -9.70
1547256556 -9.69
1547256619 -9.63
1547256680 -9.68
1547256742 -9.65
1547256805 -9.64
1547256868 -9.62
1547256930 -9.62
1547256993 -9.66
1547257055 -9.69
1547257118 -9.67
1547257180 -9.61
1547257243 -9.65
1547257305 -9.62
1547257368 -9.66
1547257431 -9.64
1547257493 -9.64
1547257556 -9.65
1547257619 -9.66
1547257681 -9.70
1547257744 -9.66
1547257807 -9.62
1547257869 -9.69
1547257932 -9.67
1547257995 -9.64
1547258057 -9.63
1547258120 -9.65
1547258182 -9.69
1547258245 -9.70
1547258308 -9.69
1547258371 -9.71
1547258433 -9.71
1547258496 -9.68
1547258559 -9.69
1547258621 -9.68
1547258684 -9.70
1547258746 -9.66
1547258809 -9.70
1547258872 -9.70
1547258934 -9.67
1547258997 -9.67
1547259059 -9.67
1547259122 -9.67
1547259185 -9.70
1547259247 -9.70
1547259310 -9.70
1547259372 -9.68
1547259435 -9.68
1547259498 -9.68
1547259560 -9.67
1547259623 -9.67
1547259686 -9.64
1547259748 -9.68
1547259811 -9.69
1547259873 -9.69
1547259936 -9.72
1547259998 -9.75
1547260060 -9.71
1547260123 -9.74
1547260186 -9.73
1547260247 -9.71
1547260310 -9.74
1547260373 -9.73
1547260435 -9.74
1547260498 -9.73
1547260560 -9.74
1547260623 -9.76
1547260685 -9.69
1547260748 -9.75
1547260811 -9.72
1547260873 -9.74
1547260936 -9.72
1547260999 -9.69
1547261062 -9.69
1547261125 -9.69
1547261187 -9.70
1547261250 -9.73
1547261313 -9.72
1547261376 -9.71
1547261438 -9.69
1547261501 -9.73
1547261564 -9.75
1547261627 -9.75
1547261689 -9.68
1547261752 -9.73
1547261814 -9.72
1547261877 -9.70
1547261939 -9.72
1547262002 -9.75
1547262065 -9.73
1547262128 -9.75
1547262190 -9.79
1547262253 -9.75
1547262315 -9.76
1547262378 -9.76
1547262440 -9.76
1547262502 -9.80
1547262565 -9.77
1547262627 -9.75
1547262690 -9.75
1547262752 -9.77
1547262816 -9.76
1547262878 -9.76
1547262941 -9.79
1547263003 -9.79
1547263065 -9.81
1547263128 -9.73
1547263191 -9.76
1547263254 -9.81
1547263317 -9.79
1547263379 -9.80
1547263442 -9.77
1547263503 -9.79
1547263565 -9.78
1547263628 -9.79
1547263690 -9.78
1547263753 -9.81
1547263816 -9.80
1547263879 -9.84
1547263941 -9.83
1547264004 -9.83
1547264066 -9.83
1547264129 -9.82
1547264192 -9.81
1547264254 -9.81
1547264317 -9.82
1547264380 -9.83
1547264443 -9.82
1547264505 -9.83
1547264568 -9.82
1547264630 -9.85
1547264693 -9.84
1547264756 -9.83
1547264819 -9.85
1547264881 -9.85
1547264944 -9.86
1547265007 -9.85
1547265069 -9.82
1547265132 -9.83
1547265194 -9.86
1547265257 -9.84
1547265319 -9.82
1547265382 -9.83
1547265444 -9.80
1547265507 -9.86
1547265570 -9.86
1547265633 -9.85
1547265695 -9.84
1547265758 -9.83
1547265820 -9.83
1547265883 -9.83
1547265946 -9.76
1547266008 -9.81
1547266071 -9.76
1547266134 -9.81
1547266197 -9.83
1547266259 -9.86
1547266322 -9.78
1547266384 -9.84
1547266447 -9.81
1547266509 -9.81
1547266572 -9.83
1547266635 -9.84
1547266697 -9.81
1547266760 -9.84
1547266822 -9.81
1547266885 -9.81
1547266947 -9.73
1547267010 -9.82
1547267073 -9.78
1547267135 -9.84
1547267198 -9.85
1547267261 -9.78
1547267323 -9.87
1547267386 -9.80
1547267448 -9.81
1547267511 -9.80
1547267573 -9.79
1547267636 -9.77
1547267699 -9.75
1547267761 -9.72
1547267824 -9.74
1547267887 -9.80
1547267949 -9.79
1547268012 -9.77
1547268075 -9.78
1547268137 -9.76
1547268200 -9.82
1547268262 -9.77
1547268325 -9.81
1547268388 -9.77
1547268450 -9.75
1547268513 -9.79
1547268576 -9.76
1547268638 -9.75
1547268701 -9.73
1547268763 -9.75
1547268826 -9.76
1547268888 -9.72
1547268951 -9.72
1547269013 -9.66
1547269076 -9.74
1547269139 -9.73
1547269201 -9.69
1547269264 -9.69
1547269327 -9.68
1547269389 -9.70
1547269451 -9.67
1547269515 -9.70
1547269577 -9.67
1547269640 -9.67
1547269703 -9.67
1547269765 -9.62
1547269828 -9.68
1547269890 -9.65
1547269952 -9.70
1547270015 -9.71
1547270079 -9.67
1547270139 -9.72
1547270202 -9.71
1547270264 -9.69
1547270327 -9.70
1547270389 -9.70
1547270452 -9.69
1547270515 -9.75
1547270578 -9.69
1547270640 -9.76
1547270703 -9.73
1547270765 -9.70
1547270828 -9.73
1547270890 -9.73
1547270952 -9.74
1547271015 -9.73
1547271078 -9.73
1547271140 -9.73
1547271203 -9.75
1547271266 -9.74
1547271328 -9.73
1547271391 -9.77
1547271453 -9.75
1547271515 -9.78
1547271578 -9.80
1547271641 -9.78
1547271704 -9.76
1547271767 -9.71
1547271829 -9.77
1547271892 -9.76
1547271955 -9.77
1547272017 -9.74
1547272080 -9.76
1547272142 -9.80
1547272205 -9.74
1547272268 -9.77
1547272330 -9.75
1547272393 -9.72
1547272456 -9.77
1547272518 -9.72
1547272581 -9.75
1547272644 -9.76
1547272706 -9.79
1547272769 -9.75
1547272832 -9.81
1547272894 -9.87
1547272957 -9.85
1547273020 -9.82
1547273082 -9.84
1547273145 -9.84
1547273207 -9.87
1547273270 -9.84
1547273332 -9.86
1547273395 -9.84
1547273457 -9.82
1547273520 -9.90
1547273582 -9.87
1547273644 -9.84
1547273707 -9.87
1547273770 -9.85
1547273833 -9.86
1547273895 -9.89
1547273958 -9.86
1547274021 -9.86
1547274084 -9.85
1547274146 -9.89
1547274209 -9.88
1547274272 -9.87
1547274335 -9.90
1547274397 -9.93
1547274460 -9.88
1547274523 -9.84
1547274585 -9.84
1547274647 -9.88
1547274710 -9.87
1547274773 -9.88
1547274835 -9.95
1547274898 -9.91
1547274961 -9.86
1547275024 -9.91
1547275086 -9.91
1547275149 -9.90
1547275211 -9.88
1547275274 -9.88
1547275337 -9.87
1547275399 -9.87
1547275462 -9.88
1547275524 -9.88
1547275587 -9.88
1547275649 -9.90
1547275712 -9.91
1547275775 -9.91
1547275838 -9.87
1547275900 -9.89
1547275963 -9.93
1547276025 -9.92
1547276088 -9.93
1547276150 -9.94
1547276213 -9.90
1547276276 -9.97
1547276339 -9.95
1547276401 -9.95
1547276464 -9.92
1547276527 -9.98
1547276589 -9.93
1547276652 -10.00
1547276712 -9.98
1547276772 -9.98
1547276833 -10.01
1547276893 -9.97
1547276954 -10.01
1547277014 -10.02
1547277075 -9.99
1547277136 -10.04
1547277196 -10.04
1547277257 -10.06
1547277318 -10.09
1547277378 -10.06
1547277439 -10.04
1547277499 -10.06
1547277560 -10.09
1547277620 -10.08
1547277681 -10.06
1547277742 -10.09
1547277802 -10.06
1547277863 -10.11
1547277924 -10.11
1547277984 -10.07
1547278045 -10.07
1547278106 -10.09
1547278166 -10.07
1547278227 -10.12
1547278287 -10.10
1547278348 -10.11
1547278408 -10.12
1547278469 -10.11
1547278530 -10.13
1547278591 -10.09
1547278651 -10.08
1547278712 -10.09
1547278772 -10.12
1547278833 -10.11
1547278894 -10.08
1547278954 -10.06
1547279015 -10.08
1547279076 -10.05
1547279136 -10.05
1547279197 -10.10
1547279258 -10.11
1547279319 -10.09
1547279380 -10.12
1547279440 -10.12
1547279501 -10.15
1547279561 -10.18
1547279622 -10.14
1547279683 -10.13
1547279743 -10.08
1547279804 -10.08
1547279865 -10.14
1547279925 -10.07
1547279986 -10.08
1547280046 -10.09
1547280107 -10.13
1547280168 -10.14
1547280228 -10.13
1547280289 -10.16
1547280350 -10.09
1547280410 -10.10
1547280471 -10.11
1547280531 -10.07
1547280592 -10.09
1547280653 -10.10
1547280713 -10.11
1547280774 -10.09
1547280835 -10.12
1547280895 -10.12
1547280955 -10.13
1547281016 -10.12
1547281077 -10.15
1547281137 -10.13
1547281198 -10.17
1547281259 -10.14
1547281319 -10.19
1547281380 -10.16
1547281441 -10.18
1547281501 -10.17
1547281562 -10.20
1547281622 -10.21
1547281683 -10.18
1547281744 -10.20
1547281804 -10.23
1547281865 -10.20
1547281925 -10.20
1547281986 -10.21
1547282047 -10.21
1547282108 -10.16
1547282168 -10.23
1547282229 -10.23
1547282290 -10.24
1547282351 -10.24
1547282411 -10.21
1547282472 -10.20
1547282532 -10.24
1547282593 -10.23
1547282654 -10.24
1547282715 -10.25
1547282775 -10.24
1547282835 -10.26
1547282895 -10.28
1547282957 -10.28
1547283017 -10.25
1547283078 -10.28
1547283138 -10.26
1547283199 -10.29
1547283259 -10.25
1547283320 -10.27
1547283380 -10.27
1547283440 -10.25
1547283501 -10.25
1547283562 -10.24
1547283623 -10.25
1547283683 -10.21
1547283744 -10.18
1547283804 -10.17
1547283865 -10.18
1547283925 -10.16
1547283986 -10.19
1547284047 -10.11
1547284107 -10.17
1547284168 -10.15
1547284228 -10.15
1547284289 -10.17
1547284350 -10.17
1547284411 -10.17
1547284471 -10.13
1547284531 -10.19
1547284592 -10.16
1547284653 -10.16
1547284713 -10.11
1547284774 -10.18
1547284835 -10.20
1547284895 -10.19
1547284956 -10.21
1547285016 -10.21
1547285077 -10.14
1547285137 -10.16
1547285198 -10.14
1547285258 -10.18
1547285319 -10.17
1547285379 -10.17
1547285440 -10.18
1547285501 -10.15
1547285562 -10.12
1547285622 -10.13
1547285683 -10.11
1547285744 -10.16
1547285804 -10.12
1547285865 -10.15
1547285925 -10.13
1547285986 -10.12
1547286047 -10.12
1547286107 -10.14
1547286167 -10.17
1547286228 -10.14
1547286289 -10.10
1547286349 -10.09
1547286410 -10.09
1547286470 -10.10
1547286531 -10.08
1547286591 -10.10
1547286652 -10.06
1547286713 -10.06
1547286773 -10.07
1547286833 -10.10
1547286894 -10.08
1547286954 -10.02
1547287015 -10.07
1547287075 -10.14
1547287136 -10.12
1547287196 -10.13
1547287257 -10.13
1547287318 -10.17
1547287379 -10.14
1547287440 -10.15
1547287500 -10.15
1547287561 -10.20
1547287622 -10.19
1547287682 -10.14
1547287742 -10.18
1547287803 -10.14
1547287863 -10.14
1547287924 -10.17
1547287985 -10.18
1547288045 -10.19
1547288106 -10.18
1547288166 -10.17
1547288227 -10.23
1547288287 -10.22
1547288349 -10.19
1547288410 -10.20
1547288471 -10.18
1547288531 -10.22
1547288592 -10.19
1547288652 -10.22
1547288713 -10.21
1547288774 -10.20
1547288834 -10.24
1547288895 -10.20
1547288956 -10.16
1547289016 -10.19
1547289077 -10.20
1547289137 -10.18
1547289198 -10.19
1547289259 -10.18
1547289319 -10.20
1547289380 -10.18
1547289440 -10.19
1547289501 -10.18
1547289562 -10.17
1547289622 -10.15
1547289683 -10.12
1547289743 -10.13
1547289803 -10.15
1547289864 -10.10
1547289924 -10.14
1547289985 -10.09
1547290045 -10.10
1547290106 -10.06
1547290167 -10.10
1547290227 -10.09
1547290288 -10.11
1547290349 -10.10
1547290410 -10.09
1547290470 -10.11
1547290531 -10.11
1547290592 -10.04
1547290652 -10.07
1547290713 -10.02
1547290773 -10.03
1547290834 -10.04
1547290895 -10.07
1547290955 -10.05
1547291016 -10.05
1547291077 -10.06
1547291137 -10.02
1547291198 -10.05
1547291258 -10.03
1547291319 -10.00
1547291379 -10.00
1547291440 -10.00
1547291501 -10.03
1547291561 -10.04
1547291622 -10.00
1547291683 -9.99
1547291743 -10.00
1547291803 -10.01
1547291864 -9.98
1547291925 -9.94
1547291985 -9.96
1547292046 -9.95
1547292106 -9.95
1547292167 -10.00
1547292228 -9.96
1547292288 -9.97
1547292349 -9.97
1547292409 -9.89
1547292470 -9.95
1547292530 -9.89
1547292591 -9.89
1547292651 -9.93
1547292712 -9.91
1547292772 -9.91
1547292833 -9.91
1547292893 -9.89
1547292954 -9.85
1547293014 -9.87
1547293075 -9.84
1547293135 -9.85
1547293196 -9.84
1547293256 -9.87
1547293316 -9.85
1547293377 -9.83
1547293437 -9.83
1547293498 -9.84
1547293559 -9.76
1547293619 -9.81
1547293680 -9.77
1547293741 -9.80
1547293802 -9.74
1547293863 -9.79
1547293923 -9.76
1547293984 -9.78
1547294044 -9.71
1547294105 -9.75
1547294166 -9.72
1547294226 -9.68
1547294287 -9.70
1547294348 -9.64
1547294408 -9.61
1547294469 -9.65
1547294529 -9.70
1547294590 -9.73
1547294651 -9.63
1547294711 -9.69
1547294773 -9.70
1547294834 -9.70
1547294895 -9.71
1547294955 -9.69
1547295016 -9.72
1547295076 -9.67
1547295137 -9.68
1547295197 -9.69
1547295258 -9.71
1547295318 -9.71
1547295378 -9.68
1547295439 -9.66
1547295500 -9.68
1547295560 -9.66
1547295620 -9.70
1547295681 -9.67
1547295741 -9.69
1547295802 -9.73
1547295863 -9.68
1547295923 -9.74
1547295984 -9.69
1547296045 -9.73
1547296105 -9.74
1547296165 -9.78
1547296225 -9.76
1547296288 -9.74
1547296348 -9.68
1547296409 -9.72
1547296469 -9.71
1547296530 -9.78
1547296591 -9.73
1547296651 -9.76
1547296712 -9.73
1547296773 -9.72
1547296833 -9.70
1547296893 -9.68
1547296954 -9.68
1547297014 -9.76
1547297075 -9.71
1547297135 -9.76
1547297196 -9.76
1547297256 -9.75
1547297317 -9.77
1547297378 -9.79
1547297438 -9.78
1547297499 -9.78
1547297559 -9.86
1547297620 -9.84
1547297680 -9.85
1547297740 -9.86
1547297801 -9.84
1547297862 -9.85
1547297923 -9.84
1547297983 -9.87
1547298044 -9.89
1547298105 -9.87
1547298166 -9.88
1547298226 -9.88
1547298287 -9.90
1547298348 -9.87
1547298409 -9.94
1547298469 -9.91
1547298530 -9.92
1547298590 -9.95
1547298651 -9.92
1547298712 -9.99
1547298772 -10.05
1547298833 -9.98
1547298894 -9.98
1547298954 -9.95
1547299015 -9.99
1547299076 -10.01
1547299136 -9.99
1547299197 -10.00
1547299258 -9.97
1547299318 -9.96
1547299379 -9.90
1547299439 -9.90
1547299500 -9.92
1547299561 -9.89
1547299621 -9.90
1547299682 -9.92
1547299742 -9.87
1547299803 -9.83
1547299863 -9.86
1547299924 -9.84
1547299984 -9.86
1547300045 -9.83
1547300105 -9.83
1547300166 -9.78
1547300227 -9.82
1547300287 -9.76
1547300348 -9.77
1547300409 -9.77
1547300469 -9.73
1547300530 -9.72
1547300590 -9.75
1547300650 -9.73
1547300711 -9.74
1547300771 -9.74
1547300832 -9.73
1547300893 -9.72
1547300953 -9.73
1547301014 -9.72
1547301074 -9.68
1547301135 -9.67
1547301195 -9.69
1547301255 -9.70
1547301316 -9.70
1547301377 -9.74
1547301437 -9.67
1547301498 -9.67
1547301559 -9.67
1547301619 -9.67
1547301680 -9.69
1547301740 -9.65
1547301801 -9.67
1547301861 -9.61
1547301922 -9.61
1547301983 -9.62
1547302043 -9.63
1547302104 -9.58
1547302164 -9.57
1547302225 -9.62
1547302285 -9.57
1547302345 -9.61
1547302406 -9.57
1547302466 -9.58
1547302527 -9.60
1547302587 -9.59
1547302649 -9.59
1547302709 -9.61
1547302770 -9.65
1547302831 -9.62
1547302891 -9.66
1547302952 -9.61
1547303013 -9.57
1547303074 -9.61
1547303134 -9.60
1547303195 -9.59
1547303255 -9.58
1547303316 -9.53
1547303377 -9.56
1547303437 -9.53
1547303498 -9.54
1547303558 -9.53
1547303619 -9.56
1547303680 -9.58
1547303740 -9.60
1547303801 -9.61
1547303861 -9.56
1547303922 -9.63
1547303982 -9.60
1547304043 -9.64
1547304103 -9.62
1547304164 -9.66
1547304224 -9.69
1547304285 -9.74
1547304345 -9.75
1547304406 -9.80
1547304467 -9.82
1547304527 -9.82
1547304588 -9.85
1547304648 -9.86
1547304709 -9.90
1547304771 -9.88
1547304831 -9.85
1547304892 -9.86
1547304952 -9.84
1547305013 -9.92
1547305073 -9.89
1547305133 -9.92
1547305194 -9.93
1547305255 -9.93
1547305315 -9.96
1547305377 -9.94
1547305437 -9.97
1547305498 -9.95
1547305558 -10.02
1547305619 -10.00
1547305680 -9.97
1547305740 -10.02
1547305801 -9.98
1547305861 -10.05
1547305922 -10.00
1547305982 -10.07
1547306043 -10.04
1547306103 -10.02
1547306164 -10.09
1547306224 -10.06
1547306284 -10.07
1547306345 -10.03
1547306406 -10.04
1547306466 -10.04
1547306527 -10.11
1547306587 -10.07
1547306647 -10.03
1547306708 -10.08
1547306769 -10.04
1547306829 -10.08
1547306890 -10.08
1547306951 -10.07
1547307011 -10.04
1547307071 -10.06
1547307132 -10.12
1547307192 -10.13
1547307253 -10.09
1547307314 -10.09
1547307374 -10.11
1547307435 -10.15
1547307496 -10.13
1547307557 -10.18
1547307617 -10.10
1547307677 -10.13
1547307737 -10.10
1547307798 -10.12
1547307858 -10.09
1547307919 -10.13
1547307979 -10.12
1547308040 -10.11
1547308100 -10.12
1547308160 -10.14
1547308221 -10.12
1547308282 -10.09
1547308342 -10.07
1547308403 -10.06
1547308463 -10.03
1547308524 -10.03
1547308584 -10.00
1547308645 -9.99
1547308706 -9.96
1547308766 -9.96
1547308826 -9.94
1547308887 -9.89
1547308948 -9.93
1547309008 -9.93
1547309068 -9.97
1547309129 -9.92
1547309190 -9.94
1547309250 -9.93
1547309311 -9.95
1547309372 -9.92
1547309432 -9.96
1547309493 -9.93
1547309553 -9.95
1547309614 -9.99
1547309675 -9.99
1547309735 -9.98
1547309796 -9.98
1547309857 -9.99
1547309917 -10.03
1547309978 -9.98
1547310038 -9.98
1547310099 -10.00
1547310159 -9.97
1547310220 -10.00
1547310280 -10.00
1547310341 -10.02
1547310401 -10.05
1547310462 -10.04
1547310522 -10.06
1547310583 -10.04
1547310644 -10.03
1547310704 -10.10
1547310765 -10.05
1547310825 -10.02
1547310886 -10.03
1547310947 -10.04
1547311007 -10.06
1547311068 -10.07
1547311129 -10.05
1547311189 -10.10
1547311250 -10.09
1547311311 -10.08
1547311372 -10.09
1547311432 -10.09
1547311493 -10.07
1547311553 -10.13
1547311614 -10.03
1547311675 -10.12
1547311735 -10.08
1547311796 -10.06
1547311857 -10.07
1547311917 -10.03
1547311978 -10.06
1547312038 -10.07
1547312099 -10.10
1547312159 -10.11
1547312220 -10.10
1547312281 -10.11
1547312341 -10.07
1547312402 -10.07
1547312462 -10.09
1547312523 -10.08
1547312583 -10.03
1547312644 -10.03
1547312705 -10.07
1547312765 -10.08
1547312826 -10.12
1547312886 -10.09
1547312947 -10.12
1547313007 -10.14
1547313068 -10.12
1547313129 -10.05
1547313190 -10.05
1547313250 -10.03
1547313311 -10.01
1547313371 -9.99
1547313432 -9.97
1547313492 -9.95
1547313553 -9.96
1547313613 -9.98
1547313673 -9.92
1547313734 -9.98
1547313795 -9.99
1547313855 -10.02
1547313916 -10.06
1547313976 -10.04
1547314037 -10.05
1547314098 -10.02
1547314158 -10.02
1547314219 -10.00
1547314280 -9.99
1547314340 -9.98
1547314401 -9.95
1547314461 -9.98
1547314522 -9.99
1547314582 -10.01
1547314642 -10.04
1547314703 -10.04
1547314764 -10.03
1547314825 -10.03
1547314885 -10.02
1547314946 -10.07
1547315006 -10.05
1547315067 -10.06
1547315128 -10.05
1547315188 -10.07
1547315249 -10.08
1547315310 -10.11
1547315370 -10.01
1547315431 -10.06
1547315492 -10.03
1547315553 -9.98
1547315614 -10.02
1547315674 -9.95
1547315734 -9.95
1547315795 -9.97
1547315855 -9.94
1547315916 -9.89
1547315976 -9.92
1547316036 -9.95
1547316097 -9.87
1547316157 -9.84
1547316218 -9.84
1547316278 -9.74
1547316339 -9.76
1547316399 -9.77
1547316460 -9.83
1547316521 -9.77
1547316581 -9.77
1547316642 -9.77
1547316703 -9.78
1547316763 -9.77
1547316824 -9.77
1547316885 -9.75
1547316946 -9.80
1547317006 -9.85
1547317067 -9.85
1547317127 -9.89
1547317187 -9.86
1547317248 -9.82
1547317309 -9.82
1547317369 -9.85
1547317430 -9.83
1547317490 -9.87
1547317551 -9.89
1547317611 -9.88
1547317672 -9.86
1547317732 -9.81
1547317793 -9.79
1547317853 -9.83
1547317914 -9.84
1547317974 -9.84
1547318035 -9.84
1547318095 -9.90
1547318156 -9.92
1547318216 -9.93
1547318277 -9.88
1547318338 -9.86
1547318398 -9.88
1547318458 -9.87
1547318519 -9.85
1547318579 -9.85
1547318640 -9.84
1547318700 -9.87
1547318761 -9.82
1547318821 -9.84
1547318881 -9.88
1547318942 -9.86
1547319002 -9.84
1547319062 -9.82
1547319123 -9.79
1547319184 -9.80
1547319244 -9.78
1547319305 -9.82
1547319365 -9.80
1547319426 -9.81
1547319487 -9.84
1547319547 -9.83
1547319608 -9.82
1547319668 -9.82
1547319728 -9.81
1547319789 -9.79
1547319850 -9.78
1547319911 -9.82
1547319971 -9.80
1547320032 -9.78
1547320092 -9.81
1547320153 -9.76
1547320213 -9.75
1547320273 -9.75
1547320334 -9.76
1547320394 -9.77
1547320455 -9.74
1547320515 -9.78
1547320576 -9.74
1547320637 -9.71
1547320697 -9.72
1547320758 -9.73
1547320819 -9.73
1547320880 -9.73
1547320940 -9.74
1547321000 -9.71
1547321061 -9.68
1547321121 -9.72
1547321182 -9.69
1547321242 -9.70
1547321302 -9.67
1547321363 -9.70
1547321423 -9.71
1547321484 -9.70
1547321545 -9.68
1547321605 -9.71
1547321665 -9.65
1547321726 -9.66
1547321786 -9.67
1547321846 -9.72
1547321907 -9.72
1547321967 -9.64
1547322028 -9.66
1547322088 -9.63
1547322148 -9.67
1547322209 -9.70
1547322269 -9.66
1547322330 -9.68
1547322391 -9.69
1547322452 -9.72
1547322512 -9.67
1547322572 -9.73
1547322633 -9.69
1547322693 -9.70
1547322754 -9.71
1547322814 -9.73
1547322875 -9.73
1547322935 -9.75
1547322996 -9.72
1547323056 -9.69
1547323117 -9.65
1547323177 -9.63
1547323238 -9.62
1547323299 -9.69
1547323359 -9.71
1547323419 -9.73
1547323480 -9.76
1547323540 -9.78
1547323601 -9.72
1547323662 -9.75
1547323722 -9.70
1547323783 -9.71
1547323843 -9.70
1547323905 -9.68
1547323966 -9.68
1547324026 -9.65
1547324087 -9.66
1547324148 -9.64
1547324208 -9.63
1547324269 -9.63
1547324329 -9.60
1547324390 -9.62
1547324450 -9.64
1547324511 -9.63
1547324571 -9.64
1547324632 -9.64
1547324693 -9.64
1547324753 -9.63
1547324814 -9.61
1547324875 -9.68
1547324935 -9.67
1547324996 -9.69
1547325056 -9.72
1547325117 -9.72
1547325177 -9.69
1547325238 -9.71
1547325298 -9.70
1547325359 -9.69
1547325419 -9.69
1547325480 -9.69
1547325540 -9.70
1547325600 -9.71
1547325661 -9.66
1547325721 -9.66
1547325782 -9.63
1547325843 -9.62
1547325903 -9.67
1547325964 -9.64
1547326024 -9.64
1547326085 -9.68
1547326146 -9.67
1547326207 -9.67
1547326268 -9.66
1547326328 -9.67
1547326389 -9.64
1547326449 -9.67
1547326510 -9.68
1547326570 -9.57
1547326631 -9.62
1547326692 -9.63
1547326752 -9.59
1547326812 -9.63
1547326873 -9.59
1547326933 -9.62
1547326994 -9.61
1547327054 -9.62
1547327114 -9.66
1547327174 -9.65
1547327235 -9.60
1547327295 -9.59
1547327356 -9.58
1547327416 -9.59
1547327477 -9.56
1547327538 -9.59
1547327599 -9.55
1547327659 -9.52
1547327720 -9.56
1547327781 -9.46
1547327841 -9.49
1547327902 -9.50
1547327962 -9.45
1547328022 -9.43
1547328083 -9.40
1547328143 -9.47
1547328203 -9.44
1547328264 -9.42
1547328324 -9.45
1547328385 -9.42
1547328445 -9.41
1547328506 -9.37
1547328566 -9.43
1547328627 -9.44
1547328688 -9.47
1547328748 -9.45
1547328809 -9.47
1547328870 -9.42
1547328930 -9.41
1547328991 -9.39
1547329051 -9.38
1547329112 -9.40
1547329172 -9.40
1547329232 -9.40
1547329292 -9.43
1547329353 -9.44
1547329413 -9.42
1547329473 -9.43
1547329534 -9.43
1547329594 -9.39
1547329655 -9.39
1547329716 -9.41
1547329776 -9.39
1547329837 -9.40
1547329897 -9.39
1547329958 -9.38
1547330018 -9.39
1547330078 -9.33
1547330139 -9.33
1547330199 -9.37
1547330260 -9.36
1547330321 -9.40
1547330381 -9.42
1547330442 -9.42
1547330502 -9.45
1547330562 -9.39
1547330623 -9.41
1547330684 -9.41
1547330744 -9.39
1547330805 -9.42
1547330865 -9.43
1547330926 -9.45
1547330986 -9.48
1547331047 -9.53
1547331107 -9.47
1547331168 -9.53
1547331228 -9.51
1547331288 -9.48
1547331349 -9.47
1547331409 -9.48
1547331470 -9.45
1547331530 -9.47
1547331591 -9.45
1547331651 -9.44
1547331711 -9.45
1547331772 -9.48
1547331832 -9.48
1547331893 -9.51
1547331954 -9.55
1547332014 -9.49
1547332075 -9.50
1547332136 -9.51
1547332196 -9.52
1547332257 -9.47
1547332317 -9.46
1547332377 -9.48
1547332438 -9.50
1547332498 -9.51
1547332559 -9.48
1547332620 -9.51
1547332681 -9.51
1547332741 -9.47
1547332802 -9.46
1547332862 -9.51
1547332923 -9.51
1547332983 -9.51
1547333044 -9.53
1547333104 -9.54
1547333164 -9.58
1547333225 -9.54
1547333285 -9.58
1547333345 -9.58
1547333405 -9.50
1547333466 -9.52
1547333527 -9.54
1547333588 -9.55
1547333648 -9.56
1547333709 -9.51
1547333769 -9.53
1547333829 -9.54
1547333889 -9.52
1547333950 -9.58
1547334010 -9.53
1547334071 -9.50
1547334131 -9.49
1547334191 -9.53
1547334252 -9.58
1547334312 -9.57
1547334373 -9.56
1547334433 -9.57
1547334494 -9.54
1547334554 -9.47
1547334616 -9.44
1547334676 -9.48
1547334737 -9.51
1547334798 -9.51
1547334858 -9.46
1547334919 -9.49
1547334979 -9.48
1547335039 -9.45
1547335100 -9.45
1547335162 -9.44
1547335222 -9.49
1547335283 -9.43
1547335344 -9.47
1547335404 -9.48
1547335464 -9.49
1547335525 -9.60
1547335585 -9.48
1547335646 -9.53
1547335707 -9.58
1547335767 -9.52
1547335828 -9.53
1547335888 -9.54
1547335949 -9.58
1547336010 -9.55
1547336070 -9.53
1547336130 -9.58
1547336191 -9.64
1547336252 -9.59
1547336312 -9.55
1547336373 -9.57
1547336433 -9.56
1547336493 -9.56
1547336554 -9.57
1547336614 -9.58
1547336675 -9.56
1547336735 -9.60
1547336796 -9.54
1547336856 -9.58
1547336916 -9.50
1547336977 -9.53
1547337038 -9.54
1547337098 -9.54
1547337159 -9.53
1547337220 -9.55
1547337280 -9.55
1547337341 -9.57
1547337401 -9.60
1547337462 -9.60
1547337522 -9.60
1547337582 -9.60
1547337643 -9.60
1547337703 -9.60
1547337764 -9.63
1547337824 -9.58
1547337885 -9.63
1547337945 -9.61
1547338005 -9.59
1547338066 -9.62
1547338126 -9.58
1547338187 -9.55
1547338247 -9.55
1547338308 -9.53
1547338368 -9.46
1547338428 -9.52
1547338489 -9.50
1547338549 -9.54
1547338610 -9.53
1547338670 -9.54
1547338731 -9.52
1547338791 -9.56
1547338851 -9.55
1547338912 -9.54
1547338972 -9.56
1547339032 -9.58
1547339093 -9.60
1547339154 -9.55
1547339214 -9.57
1547339275 -9.56
1547339336 -9.51
1547339396 -9.53
1547339457 -9.55
1547339517 -9.54
1547339578 -9.53
1547339639 -9.53
1547339699 -9.59
1547339760 -9.54
1547339820 -9.60
1547339881 -9.56
1547339941 -9.56
1547340002 -9.60
1547340062 -9.55
1547340123 -9.53
1547340183 -9.54
1547340244 -9.57
1547340304 -9.61
1547340365 -9.56
1547340426 -9.56
1547340486 -9.49
1547340547 -9.56
1547340607 -9.50
1547340668 -9.54
1547340729 -9.55
1547340790 -9.54
1547340850 -9.53
1547340912 -9.53
1547340973 -9.53
1547341033 -9.54
1547341093 -9.54
1547341153 -9.59
1547341214 -9.57
1547341274 -9.59
1547341334 -9.62
1547341395 -9.55
1547341455 -9.61
1547341516 -9.56
1547341576 -9.59
1547341637 -9.56
1547341697 -9.61
1547341757 -9.60
1547341818 -9.58
1547341879 -9.57
1547341939 -9.57
1547341999 -9.57
1547342060 -9.53
1547342120 -9.54
1547342180 -9.52
1547342241 -9.54
1547342301 -9.60
1547342361 -9.56
1547342422 -9.58
1547342482 -9.56
1547342543 -9.53
1547342603 -9.56
1547342664 -9.57
1547342724 -9.60
1547342785 -9.58
1547342845 -9.58
1547342906 -9.56
1547342966 -9.55
1547343027 -9.53
1547343089 -9.53
1547343149 -9.52
1547343210 -9.50
1547343271 -9.57
1547343331 -9.55
1547343391 -9.56
1547343452 -9.53
1547343512 -9.54
1547343573 -9.52
1547343633 -9.54
1547343694 -9.49
1547343754 -9.49
1547343815 -9.54
1547343875 -9.54
1547343936 -9.52
1547343997 -9.54
1547344058 -9.48
1547344118 -9.51
1547344178 -9.50
1547344239 -9.49
1547344299 -9.46
1547344360 -9.47
1547344421 -9.51
1547344481 -9.47
1547344542 -9.42
1547344603 -9.45
1547344664 -9.45
1547344725 -9.46
1547344785 -9.47
1547344845 -9.48
1547344906 -9.44
1547344967 -9.45
1547345027 -9.46
1547345088 -9.43
1547345148 -9.45
1547345209 -9.46
1547345269 -9.40
1547345330 -9.43
1547345390 -9.50
1547345451 -9.48
1547345511 -9.40
1547345572 -9.47
1547345632 -9.45
1547345693 -9.43
1547345753 -9.44
1547345814 -9.37
1547345875 -9.35
1547345935 -9.36
1547345996 -9.37
1547346056 -9.38
1547346117 -9.39
1547346178 -9.40
1547346238 -9.40
1547346298 -9.37
1547346359 -9.39
1547346419 -9.42
1547346480 -9.42
1547346540 -9.39
1547346601 -9.44
1547346661 -9.40
1547346722 -9.40
1547346782 -9.40
1547346842 -9.41
1547346903 -9.40
1547346963 -9.34
1547347024 -9.37
1547347084 -9.33
1547347145 -9.36
1547347205 -9.34
1547347266 -9.32
1547347326 -9.36
1547347386 -9.34
1547347446 -9.40
1547347507 -9.36
1547347567 -9.30
1547347627 -9.37
1547347688 -9.33
1547347748 -9.33
1547347809 -9.36
1547347869 -9.34
1547347930 -9.34
1547347990 -9.31
1547348051 -9.26
1547348111 -9.33
1547348172 -9.29
1547348232 -9.33
1547348293 -9.27
1547348354 -9.29
1547348414 -9.31
1547348475 -9.30
1547348535 -9.32
1547348596 -9.32
1547348656 -9.33
1547348717 -9.28
1547348778 -9.36
1547348838 -9.28
1547348899 -9.28
1547348959 -9.26
1547349020 -9.29
1547349080 -9.27
1547349142 -9.24
1547349203 -9.25
1547349263 -9.23
1547349323 -9.26
1547349384 -9.29
1547349444 -9.29
1547349504 -9.24
1547349565 -9.23
1547349625 -9.25
1547349686 -9.19
1547349746 -9.24
1547349806 -9.20
1547349867 -9.20
1547349927 -9.19
1547349988 -9.16
1547350048 -9.16
1547350109 -9.20
1547350169 -9.19
1547350229 -9.18
1547350290 -9.22
1547350350 -9.18
1547350411 -9.23
1547350471 -9.23
1547350531 -9.23
1547350592 -9.22
1547350652 -9.18
1547350713 -9.20
1547350774 -9.22
1547350835 -9.21
1547350895 -9.22
1547350955 -9.19
1547351016 -9.20
1547351076 -9.21
1547351137 -9.20
1547351197 -9.17
1547351258 -9.23
1547351319 -9.24
1547351379 -9.23
1547351439 -9.19
1547351500 -9.23
1547351560 -9.22
1547351621 -9.17
1547351681 -9.14
1547351742 -9.14
1547351802 -9.13
1547351863 -9.13
1547351923 -9.14
1547351984 -9.13
1547352045 -9.17
1547352106 -9.17
1547352166 -9.12
1547352227 -9.10
1547352287 -9.06
1547352347 -9.04
1547352407 -9.06
1547352468 -9.04
1547352528 -9.06
1547352589 -9.03
1547352649 -9.06
1547352710 -9.05
1547352770 -9.01
1547352830 -9.05
1547352891 -9.04
1547352952 -9.05
1547353012 -9.03
1547353072 -9.07
1547353133 -9.06
1547353194 -9.10
1547353254 -9.09
1547353315 -9.08
1547353375 -9.06
1547353435 -9.03
1547353496 -9.01
1547353556 -9.03
1547353617 -9.01
1547353677 -9.02
1547353738 -9.05
1547353798 -9.06
1547353858 -9.03
1547353919 -9.00
1547353980 -9.00
1547354040 -9.05
1547354101 -9.07
1547354161 -9.06
1547354222 -9.04
1547354283 -9.02
1547354343 -9.01
1547354404 -9.05
1547354464 -9.02
1547354525 -9.03
1547354586 -9.02
1547354646 -9.01
1547354707 -8.94
1547354767 -8.97
1547354828 -9.00
1547354888 -8.96
1547354949 -8.97
1547355009 -8.98
1547355069 -8.96
1547355130 -8.97
1547355191 -8.97
1547355252 -8.92
1547355312 -8.91
1547355373 -8.94
1547355433 -8.92
1547355494 -8.86
1547355554 -8.91
1547355615 -8.89
1547355675 -8.87
1547355735 -8.88
1547355796 -8.85
1547355856 -8.86
1547355917 -8.89
1547355978 -8.92
1547356038 -8.88
1547356099 -8.90
1547356159 -8.89
1547356220 -8.88
1547356281 -8.93
1547356341 -8.89
1547356402 -8.91
1547356462 -8.93
1547356523 -8.93
1547356583 -8.92
1547356643 -8.93
1547356704 -8.90
1547356764 -8.88
1547356825 -8.88
1547356885 -8.98
1547356946 -8.93
1547357006 -8.93
1547357067 -8.91
1547357127 -8.93
1547357188 -8.89
1547357248 -8.86
1547357309 -8.86
1547357370 -8.89
1547357430 -8.85
1547357491 -8.90
1547357553 -8.85
1547357613 -8.83
1547357674 -8.83
1547357735 -8.81
1547357795 -8.81
1547357856 -8.79
1547357917 -8.78
1547357977 -8.80
1547358038 -8.77
1547358098 -8.79
1547358159 -8.82
1547358220 -8.77
1547358280 -8.80
1547358341 -8.79
1547358401 -8.76
1547358462 -8.78
1547358522 -8.78
1547358582 -8.76
1547358643 -8.78
1547358703 -8.76
1547358764 -8.76
1547358824 -8.75
1547358885 -8.75
1547358945 -8.74
1547359006 -8.71
1547359066 -8.72
1547359127 -8.75
1547359187 -8.73
1547359247 -8.71
1547359307 -8.77
1547359368 -8.68
1547359428 -8.69
1547359489 -8.66
1547359549 -8.70
1547359610 -8.69
1547359670 -8.65
1547359730 -8.61
1547359792 -8.66
1547359853 -8.61
1547359913 -8.64
1547359973 -8.64
1547360033 -8.64
1547360094 -8.60
1547360154 -8.61
1547360214 -8.61
1547360275 -8.61
1547360336 -8.60
1547360398 -8.60
1547360458 -8.60
1547360518 -8.60
1547360579 -8.56
1547360639 -8.60
1547360699 -8.55
1547360760 -8.58
1547360820 -8.60
1547360881 -8.54
1547360942 -8.52
1547361002 -8.53
1547361063 -8.54
1547361123 -8.53
1547361184 -8.50
1547361245 -8.50
1547361305 -8.54
1547361365 -8.52
1547361425 -8.51
1547361486 -8.53
1547361546 -8.49
1547361607 -8.49
1547361667 -8.49
1547361727 -8.50
1547361788 -8.45
1547361849 -8.42
1547361909 -8.46
1547361970 -8.49
1547362030 -8.47
1547362091 -8.47
1547362151 -8.49
1547362212 -8.48
1547362272 -8.46
1547362333 -8.48
1547362393 -8.48
1547362453 -8.47
1547362514 -8.44
1547362576 -8.46
1547362636 -8.46
1547362697 -8.47
1547362758 -8.47
1547362818 -8.47
1547362879 -8.48
1547362939 -8.50
1547363000 -8.43
1547363060 -8.44
1547363120 -8.46
1547363181 -8.46
1547363241 -8.45
1547363302 -8.44
1547363362 -8.41
1547363423 -8.39
1547363483 -8.40
1547363544 -8.39
1547363605 -8.36
1547363665 -8.40
1547363725 -8.33
1547363786 -8.35
1547363847 -8.31
1547363908 -8.32
1547363968 -8.32
1547364028 -8.29
1547364089 -8.31
1547364149 -8.26
1547364209 -8.24
1547364270 -8.31
1547364330 -8.26
1547364390 -8.22
1547364451 -8.27
1547364511 -8.28
1547364572 -8.24
1547364632 -8.24
1547364693 -8.23
1547364754 -8.22
1547364814 -8.24
1547364875 -8.26
1547364935 -8.21
1547364996 -8.25
1547365056 -8.27
1547365117 -8.22
1547365177 -8.25
1547365237 -8.23
1547365298 -8.22
1547365358 -8.24
1547365418 -8.22
1547365479 -8.26
1547365539 -8.25
1547365600 -8.26
1547365661 -8.23
1547365721 -8.22
1547365781 -8.23
1547365842 -8.23
1547365903 -8.22
1547365963 -8.25
1547366023 -8.23
1547366084 -8.21
1547366144 -8.20
1547366204 -8.20
1547366265 -8.19
1547366325 -8.24
1547366385 -8.25
1547366446 -8.21
1547366506 -8.19
1547366567 -8.21
1547366627 -8.21
1547366687 -8.20
1547366747 -8.18
1547366808 -8.18
1547366868 -8.18
1547366929 -8.17
1547366989 -8.16
1547367050 -8.20
1547367110 -8.20
1547367171 -8.22
1547367231 -8.19
1547367292 -8.18
1547367352 -8.15
1547367413 -8.16
1547367473 -8.18
1547367534 -8.15
1547367595 -8.15
1547367655 -8.20
1547367716 -8.18
1547367776 -8.15
1547367837 -8.15
1547367897 -8.16
1547367957 -8.16
1547368018 -8.17
1547368078 -8.13
1547368139 -8.13
1547368199 -8.16
1547368260 -8.13
1547368320 -8.14
1547368381 -8.12
1547368442 -8.13
1547368502 -8.11
1547368563 -8.10
1547368623 -8.10
1547368684 -8.09
1547368744 -8.08
1547368804 -8.06
1547368865 -8.07
1547368925 -8.12
1547368986 -8.09
1547369047 -8.09
1547369107 -8.10
1547369167 -8.05
1547369228 -8.07
1547369288 -8.07
1547369349 -8.06
1547369409 -8.11
1547369470 -8.05
1547369530 -8.05
1547369590 -8.06
1547369651 -8.05
1547369712 -8.07
1547369772 -8.03
1547369833 -8.08
1547369893 -8.06
1547369953 -8.01
1547370014 -7.98
1547370074 -8.01
1547370135 -7.98
1547370195 -8.00
1547370255 -7.97
1547370316 -7.96
1547370376 -7.95
1547370436 -7.94
1547370497 -7.93
1547370558 -7.93
1547370618 -7.90
1547370678 -7.88
1547370738 -7.90
1547370799 -7.90
1547370859 -7.93
1547370920 -7.92
1547370980 -7.87
1547371041 -7.90
1547371101 -7.89
1547371162 -7.91
1547371222 -7.90
1547371283 -7.89
1547371343 -7.92
1547371404 -7.83
1547371465 -7.85
1547371525 -7.85
1547371586 -7.87
1547371646 -7.85
1547371706 -7.84
1547371767 -7.85
1547371827 -7.81
1547371888 -7.81
1547371949 -7.82
1547372009 -7.82
1547372069 -7.81
1547372130 -7.82
1547372190 -7.82
1547372251 -7.83
1547372312 -7.83
1547372372 -7.79
1547372433 -7.78
1547372493 -7.80
1547372554 -7.78
1547372614 -7.75
1547372675 -7.76
1547372735 -7.76
1547372796 -7.74
1547372856 -7.74
1547372917 -7.73
1547372977 -7.73
1547373038 -7.68
1547373098 -7.69
1547373159 -7.65
1547373220 -7.66
1547373280 -7.68
1547373341 -7.66
1547373401 -7.64
1547373462 -7.72
1547373522 -7.66
1547373583 -7.64
1547373643 -7.66
1547373704 -7.65
1547373764 -7.66
1547373825 -7.67
1547373885 -7.66
1547373945 -7.65
1547374006 -7.66
1547374067 -7.63
1547374127 -7.67
1547374188 -7.63
1547374248 -7.64
1547374309 -7.65
1547374369 -7.63
1547374430 -7.63
1547374491 -7.64
1547374551 -7.62
1547374612 -7.64
1547374672 -7.65
1547374733 -7.58
1547374793 -7.59
1547374854 -7.57
1547374914 -7.59
1547374975 -7.54
1547375035 -7.57
1547375096 -7.54
1547375156 -7.54
1547375217 -7.53
1547375278 -7.51
1547375338 -7.50
1547375399 -7.51
1547375459 -7.49
1547375519 -7.50
1547375580 -7.48
1547375640 -7.50
1547375701 -7.50
1547375761 -7.49
1547375821 -7.48
1547375882 -7.49
1547375942 -7.48
1547376003 -7.49
1547376064 -7.45
1547376124 -7.45
1547376185 -7.43
1547376246 -7.43
1547376306 -7.44
1547376366 -7.43
1547376426 -7.40
1547376487 -7.41
1547376547 -7.44
1547376608 -7.44
1547376669 -7.44
1547376729 -7.45
1547376790 -7.49
1547376850 -7.49
1547376911 -7.50
1547376972 -7.49
1547377033 -7.46
1547377093 -7.47
1547377154 -7.45
1547377214 -7.48
1547377274 -7.47
1547377335 -7.47
1547377395 -7.46
1547377456 -7.46
1547377516 -7.45
1547377577 -7.44
1547377637 -7.44
1547377698 -7.38
1547377758 -7.42
1547377819 -7.40
1547377879 -7.41
1547377939 -7.41
1547378000 -7.37
1547378060 -7.37
1547378121 -7.39
1547378181 -7.38
1547378242 -7.38
1547378303 -7.42
1547378363 -7.40
1547378424 -7.39
1547378484 -7.41
1547378545 -7.41
1547378605 -7.38
1547378666 -7.38
1547378727 -7.41
1547378788 -7.37
1547378848 -7.38
1547378908 -7.39
1547378969 -7.39
1547379029 -7.42
1547379090 -7.39
1547379151 -7.37
1547379211 -7.38
1547379272 -7.37
1547379333 -7.35
1547379394 -7.34
1547379454 -7.34
1547379515 -7.31
1547379576 -7.32
1547379637 -7.31
1547379697 -7.34
1547379758 -7.34
1547379818 -7.34
1547379878 -7.30
1547379939 -7.37
1547380000 -7.34
1547380061 -7.36
1547380121 -7.34
1547380182 -7.36
1547380243 -7.36
1547380303 -7.36
1547380363 -7.36
1547380424 -7.38
1547380484 -7.34
1547380545 -7.34
1547380605 -7.40
1547380666 -7.36
1547380726 -7.39
1547380787 -7.38
1547380847 -7.41
1547380907 -7.35
1547380968 -7.38
1547381028 -7.38
1547381090 -7.38
1547381151 -7.37
1547381211 -7.40
1547381272 -7.37
1547381333 -7.39
1547381393 -7.37
1547381454 -7.36
1547381515 -7.39
1547381575 -7.35
1547381635 -7.34
1547381696 -7.36
1547381756 -7.37
1547381817 -7.35
1547381877 -7.37
1547381937 -7.38
1547381997 -7.38
1547382058 -7.37
1547382119 -7.38
1547382179 -7.36
1547382240 -7.39
1547382300 -7.38
1547382360 -7.37
1547382421 -7.39
1547382481 -7.39
1547382542 -7.38
1547382602 -7.34
1547382663 -7.32
1547382723 -7.33
1547382784 -7.37
1547382844 -7.38
1547382904 -7.39
1547382965 -7.36
1547383025 -7.37
1547383086 -7.39
1547383146 -7.40
1547383207 -7.39
1547383268 -7.39
1547383328 -7.39
1547383388 -7.36
1547383450 -7.41
1547383510 -7.38
1547383571 -7.37
1547383631 -7.39
1547383692 -7.36
1547383752 -7.41
1547383813 -7.39
1547383873 -7.38
1547383934 -7.35
1547383994 -7.38
1547384055 -7.38
1547384115 -7.38
1547384176 -7.37
1547384237 -7.37
1547384297 -7.39
1547384358 -7.39
1547384419 -7.41
1547384479 -7.39
1547384540 -7.42
1547384600 -7.41
1547384660 -7.37
1547384721 -7.42
1547384782 -7.40
1547384844 -7.40
1547384904 -7.41
1547384965 -7.37
1547385026 -7.36
1547385086 -7.34
1547385146 -7.36
1547385207 -7.36
1547385268 -7.39
1547385329 -7.36
1547385389 -7.35
1547385450 -7.35
1547385510 -7.36
1547385572 -7.37
1547385633 -7.41
1547385693 -7.36
1547385754 -7.34
1547385815 -7.37
1547385876 -7.35
1547385936 -7.31
1547385997 -7.31
1547386057 -7.28
1547386118 -7.32
1547386178 -7.28
1547386239 -7.29
1547386300 -7.31
1547386360 -7.30
1547386421 -7.34
1547386482 -7.33
1547386542 -7.33
1547386603 -7.32
1547386663 -7.34
1547386724 -7.33
1547386785 -7.33
1547386845 -7.37
1547386906 -7.36
1547386966 -7.35
1547387027 -7.32
1547387087 -7.33
1547387148 -7.30
1547387208 -7.32
1547387269 -7.31
1547387330 -7.31
1547387390 -7.30
1547387450 -7.28
1547387511 -7.25
1547387572 -7.24
1547387632 -7.21
1547387693 -7.19
1547387754 -7.12
1547387814 -7.12
1547387875 -7.08
1547387935 -7.05
1547387996 -6.99
1547388056 -6.98
1547388117 -6.94
1547388177 -6.87
1547388237 -6.83
1547388298 -6.81
1547388358 -6.81
1547388418 -6.77
1547388479 -6.71
1547388540 -6.74
1547388600 -6.73
1547388660 -6.71
1547388721 -6.69
1547388781 -6.71
1547388841 -6.66
1547388902 -6.63
1547388963 -6.61
1547389023 -6.61
1547389083 -6.62
1547389144 -6.56
1547389204 -6.53
1547389265 -6.53
1547389326 -6.53
1547389386 -6.56
1547389446 -6.47
1547389507 -6.47
1547389567 -6.43
1547389628 -6.40
1547389689 -6.41
1547389749 -6.39
1547389810 -6.43
1547389870 -6.44
1547389931 -6.41
1547389991 -6.43
1547390052 -6.45
1547390113 -6.42
1547390174 -6.47
1547390234 -6.42
1547390294 -6.44
1547390354 -6.46
1547390415 -6.46
1547390475 -6.44
1547390536 -6.43
1547390596 -6.45
1547390657 -6.47
1547390717 -6.45
1547390777 -6.47
1547390838 -6.42
1547390898 -6.41
1547390958 -6.44
1547391019 -6.39
1547391079 -6.39
1547391140 -6.37
1547391200 -6.37
1547391261 -6.42
1547391322 -6.42
1547391382 -6.41
1547391442 -6.42
1547391503 -6.40
1547391564 -6.42
1547391624 -6.43
1547391685 -6.46
1547391746 -6.46
1547391806 -6.42
1547391867 -6.41
1547391928 -6.44
1547391988 -6.42
1547392049 -6.43
1547392109 -6.45
1547392170 -6.46
1547392230 -6.48
1547392291 -6.45
1547392351 -6.49
1547392412 -6.47
1547392472 -6.48
1547392533 -6.51
1547392593 -6.52
1547392654 -6.51
1547392715 -6.53
1547392776 -6.52
1547392836 -6.52
1547392897 -6.52
1547392958 -6.55
1547393018 -6.52
1547393078 -6.55
1547393139 -6.57
1547393199 -6.58
1547393260 -6.61
1547393321 -6.59
1547393381 -6.58
1547393442 -6.55
1547393502 -6.55
1547393563 -6.59
1547393623 -6.59
1547393684 -6.56
1547393744 -6.59
1547393805 -6.59
1547393865 -6.63
1547393925 -6.59
1547393986 -6.58
1547394046 -6.60
1547394107 -6.61
1547394168 -6.57
1547394228 -6.58
1547394288 -6.65
1547394349 -6.65
1547394409 -6.62
1547394470 -6.62
1547394530 -6.64
1547394591 -6.63
1547394651 -6.64
1547394711 -6.63
1547394772 -6.59
1547394833 -6.63
1547394893 -6.62
1547394954 -6.63
1547395015 -6.62
1547395075 -6.65
1547395136 -6.60
1547395197 -6.60
1547395258 -6.59
1547395319 -6.62
1547395379 -6.64
1547395440 -6.56
1547395501 -6.60
1547395562 -6.64
1547395622 -6.60
1547395683 -6.62
1547395743 -6.64
1547395804 -6.59
1547395865 -6.59
1547395925 -6.62
1547395986 -6.63
1547396047 -6.64
1547396107 -6.61
1547396167 -6.65
1547396228 -6.62
1547396289 -6.63
1547396349 -6.62
1547396410 -6.63
1547396470 -6.63
1547396531 -6.61
1547396591 -6.58
1547396652 -6.61
1547396713 -6.62
1547396773 -6.67
1547396833 -6.67
1547396894 -6.64
1547396954 -6.65
1547397015 -6.63
1547397075 -6.64
1547397136 -6.63
1547397197 -6.62
1547397257 -6.62
1547397318 -6.62
1547397378 -6.64
1547397439 -6.60
1547397499 -6.61
1547397560 -6.61
1547397621 -6.64
1547397681 -6.64
1547397742 -6.63
1547397802 -6.64
1547397862 -6.59
1547397923 -6.60
1547397983 -6.63
1547398044 -6.65
1547398104 -6.63
1547398165 -6.64
1547398225 -6.61
1547398285 -6.59
1547398346 -6.62
1547398406 -6.64
1547398467 -6.64
1547398527 -6.65
1547398588 -6.64
1547398649 -6.63
1547398709 -6.65
1547398770 -6.64
1547398830 -6.66
1547398892 -6.63
1547398952 -6.62
1547399013 -6.61
1547399073 -6.67
1547399134 -6.63
1547399194 -6.65
1547399255 -6.64
1547399316 -6.70
1547399377 -6.65
1547399437 -6.65
1547399498 -6.68
1547399558 -6.66
1547399619 -6.62
1547399680 -6.62
1547399741 -6.64
1547399801 -6.66
1547399862 -6.64
1547399922 -6.61
1547399983 -6.64
1547400043 -6.61
1547400104 -6.63
1547400164 -6.61
1547400225 -6.56
1547400285 -6.59
1547400346 -6.57
1547400406 -6.62
1547400466 -6.55
1547400527 -6.55
1547400587 -6.58
1547400648 -6.62
1547400708 -6.60
1547400768 -6.58
1547400829 -6.58
1547400889 -6.56
1547400950 -6.54
1547401010 -6.57
1547401071 -6.52
1547401132 -6.58
1547401193 -6.56
1547401253 -6.57
1547401314 -6.56
1547401374 -6.55
1547401434 -6.57
1547401495 -6.55
1547401556 -6.54
1547401616 -6.51
1547401677 -6.51
1547401737 -6.55
1547401798 -6.57
1547401859 -6.54
1547401919 -6.55
1547401980 -6.57
1547402040 -6.55
1547402100 -6.55
1547402161 -6.55
1547402221 -6.55
1547402282 -6.55
1547402342 -6.55
1547402402 -6.53
1547402464 -6.51
1547402524 -6.51
1547402585 -6.47
1547402645 -6.48
1547402706 -6.47
1547402766 -6.52
1547402827 -6.49
1547402887 -6.51
1547402948 -6.52
1547403008 -6.51
1547403069 -6.53
1547403129 -6.55
1547403190 -6.48
1547403250 -6.51
1547403311 -6.48
1547403371 -6.47
1547403431 -6.47
1547403492 -6.51
1547403553 -6.47
1547403614 -6.50
1547403675 -6.49
1547403736 -6.46
1547403796 -6.49
1547403857 -6.46
1547403918 -6.50
1547403978 -6.49
1547404039 -6.44
1547404099 -6.43
1547404160 -6.47
1547404221 -6.43
1547404281 -6.45
1547404341 -6.46
1547404402 -6.42
1547404463 -6.46
1547404523 -6.44
1547404584 -6.45
1547404645 -6.45
1547404705 -6.43
1547404766 -6.44
1547404826 -6.43
1547404887 -6.41
1547404948 -6.45
1547405008 -6.43
1547405069 -6.43
1547405129 -6.46
1547405190 -6.41
1547405251 -6.45
1547405311 -6.48
1547405372 -6.46
1547405432 -6.48
1547405492 -6.46
1547405553 -6.46
1547405614 -6.46
1547405674 -6.47
1547405735 -6.46
1547405796 -6.50
1547405856 -6.47
1547405917 -6.49
1547405977 -6.48
1547406038 -6.45
1547406098 -6.46
1547406159 -6.45
1547406219 -6.42
1547406279 -6.39
1547406340 -6.45
1547406400 -6.44
1547406461 -6.44
1547406521 -6.41
1547406582 -6.45
1547406642 -6.44
1547406703 -6.36
1547406765 -6.44
1547406826 -6.40
1547406886 -6.45
1547406947 -6.40
1547407008 -6.40
1547407068 -6.42
1547407129 -6.44
1547407189 -6.42
1547407250 -6.47
1547407310 -6.44
1547407370 -6.43
1547407431 -6.45
1547407492 -6.44
1547407552 -6.44
1547407613 -6.42
1547407673 -6.44
1547407733 -6.44
1547407794 -6.42
1547407854 -6.44
1547407915 -6.38
1547407975 -6.42
1547408036 -6.41
1547408097 -6.42
1547408157 -6.40
1547408218 -6.39
1547408278 -6.40
1547408338 -6.40
1547408399 -6.42
1547408460 -6.40
1547408520 -6.42
1547408581 -6.38
1547408641 -6.38
1547408702 -6.39
1547408762 -6.38
1547408823 -6.37
1547409973 -6.35
1547410034 -6.35
1547410095 -6.36
1547410155 -6.31
1547410216 -6.36
1547410277 -6.32
1547410337 -6.32
1547410398 -6.30
1547410458 -6.29
1547410519 -6.27
1547410581 -6.35
1547410641 -6.31
1547410702 -6.30
1547410762 -6.30
1547410823 -6.30
1547410884 -6.29
1547410945 -6.30
1547411005 -6.26
1547411066 -6.25
1547411127 -6.27
1547411187 -6.31
1547411247 -6.23
1547411308 -6.22
1547411369 -6.22
1547411429 -6.25
1547411490 -6.25
1547411550 -6.26
1547411611 -6.22
1547411671 -6.24
1547411732 -6.21
1547411792 -6.22
1547411853 -6.24
1547411913 -6.19
1547411974 -6.21
1547412035 -6.23
1547412096 -6.18
1547412156 -6.24
1547412217 -6.21
1547412277 -6.21
1547412338 -6.21
1547412398 -6.19
1547412459 -6.16
1547412519 -6.19
1547412580 -6.18
1547412641 -6.18
1547412702 -6.15
1547412762 -6.19
1547412822 -6.15
1547412883 -6.21
1547412943 -6.16
1547413004 -6.17
1547413064 -6.19
1547413125 -6.15
1547413185 -6.15
1547413246 -6.17
1547413307 -6.16
1547413368 -6.18
1547413429 -6.16
1547413492 -6.16
1547413552 -6.19
1547413613 -6.14
1547413673 -6.16
1547413734 -6.16
1547413794 -6.11
1547413854 -6.16
1547413915 -6.15
1547413976 -6.09
1547414036 -6.17
1547414097 -6.14
1547414157 -6.14
1547414218 -6.13
1547414279 -6.13
1547414339 -6.15
1547414399 -6.12
1547414460 -6.14
1547414521 -6.15
1547414581 -6.16
1547414642 -6.16
1547414703 -6.16
1547414763 -6.13
1547414824 -6.12
1547414885 -6.13
1547414945 -6.11
1547415005 -6.14
1547415066 -6.12
1547415127 -6.10
1547415187 -6.08
1547415248 -6.05
1547415310 -6.09
1547415371 -6.11
1547415432 -6.09
1547415492 -6.14
1547415553 -6.12
1547415613 -6.14
1547415674 -6.09
1547415734 -6.08
1547415795 -6.08
1547415856 -6.06
1547415917 -6.05
1547415977 -6.08
1547416038 -6.08
1547416098 -6.11
1547416159 -6.06
1547416219 -6.06
1547416280 -6.01
1547416340 -6.09
1547416401 -6.07
1547416462 -6.07
1547416522 -6.08
1547416583 -6.09
1547416643 -6.06
1547416704 -6.09
1547416764 -6.05
1547416825 -6.06
1547416885 -6.02
1547416946 -6.04
1547417006 -6.02
1547417067 -6.03
1547417127 -6.09
1547417188 -6.06
1547417249 -6.04
1547417309 -6.04
1547417369 -6.01
1547417430 -6.06
1547417491 -6.06
1547417551 -6.03
1547417612 -6.01
1547417673 -6.02
1547417733 -6.03
1547417793 -6.06
1547417854 -6.01
1547417915 -5.99
1547417975 -5.97
1547418036 -6.01
1547418096 -6.03
1547418157 -5.96
1547418218 -5.95
1547418278 -6.02
1547418339 -6.00
1547418399 -5.98
1547418460 -6.00
1547418520 -5.96
1547418581 -5.97
1547418641 -5.91
1547418702 -5.90
1547418762 -5.90
1547418823 -5.89
1547418883 -5.88
1547418944 -5.93
1547419004 -5.91
1547419065 -5.92
1547419125 -5.88
1547419185 -5.90
1547419246 -5.83
1547419307 -5.87
1547419367 -5.83
1547419428 -5.78
1547419488 -5.82
1547419549 -5.77
1547419610 -5.81
1547419671 -5.87
1547419731 -5.81
1547419792 -5.83
1547419852 -5.84
1547419913 -5.82
1547419973 -5.82
1547420034 -5.81
1547420094 -5.84
1547420155 -5.81
1547420215 -5.81
1547420276 -5.82
1547420337 -5.79
1547420397 -5.78
1547420458 -5.80
1547420518 -5.76
1547420579 -5.78
1547420639 -5.78
1547420700 -5.80
1547420760 -5.77
1547420821 -5.81
1547420882 -5.76
1547420942 -5.79
1547421003 -5.83
1547421063 -5.76
1547421124 -5.79
1547421185 -5.81
1547421245 -5.80
1547421306 -5.83
1547421367 -5.86
1547421427 -5.80
1547421488 -5.86
1547421549 -5.82
1547421609 -5.82
1547421669 -5.75
1547421730 -5.80
1547421791 -5.85
1547421851 -5.81
1547421912 -5.81
1547421973 -5.81
1547422033 -5.84
1547422093 -5.79
1547422154 -5.85
1547422214 -5.82
1547422275 -5.79
1547422335 -5.75
1547422395 -5.79
1547422456 -5.78
1547422517 -5.76
1547422578 -5.77
1547422638 -5.76
1547422699 -5.85
1547422760 -5.80
1547422820 -5.80
1547422881 -5.85
1547422941 -5.79
1547423002 -5.77
1547423062 -5.72
1547423123 -5.82
1547423183 -5.74
1547423244 -5.77
1547423304 -5.80
1547423364 -5.73
1547423425 -5.79
1547423485 -5.81
1547423545 -5.75
1547423605 -5.79
1547423666 -5.74
1547423726 -5.79
1547423787 -5.82
1547423848 -5.74
1547423908 -5.75
1547423969 -5.75
1547424029 -5.75
1547424090 -5.78
1547424150 -5.72
1547424210 -5.77
1547424271 -5.76
1547424331 -5.78
1547424392 -5.77
1547424453 -5.75
1547424513 -5.74
1547424574 -5.72
1547424634 -5.71
1547424695 -5.72
1547424756 -5.73
1547424817 -5.76
1547424877 -5.76
1547424938 -5.76
1547424998 -5.71
1547425059 -5.74
1547425119 -5.79
1547425179 -5.78
1547425240 -5.71
1547425300 -5.78
1547425361 -5.70
1547425421 -5.75
1547425482 -5.75
1547425543 -5.76
1547425603 -5.76
1547425664 -5.79
1547425724 -5.75
1547425785 -5.75
1547425846 -5.76
1547425906 -5.75
1547425967 -5.79
1547426028 -5.82
1547426089 -5.73
1547426149 -5.74
1547426210 -5.75
1547426270 -5.77
1547426331 -5.72
1547426391 -5.78
1547426452 -5.75
1547426513 -5.77
1547426573 -5.72
1547426634 -5.77
1547426694 -5.83
1547426755 -5.78
1547426815 -5.81
1547426876 -5.75
1547426937 -5.81
1547426997 -5.80
1547427058 -5.85
1547427118 -5.84
1547427178 -5.77
1547427239 -5.81
1547427300 -5.80
1547427360 -5.80
1547427421 -5.78
1547427482 -5.79
1547427542 -5.74
1547427602 -5.82
1547427663 -5.80
1547427723 -5.81
1547427784 -5.86
1547427844 -5.82
1547427905 -5.79
1547427966 -5.86
1547428027 -5.81
1547428087 -5.86
1547428147 -5.93
1547428208 -5.85
1547428268 -5.87
1547428329 -5.88
1547428389 -5.87
1547428450 -5.87
1547428510 -5.87
1547428571 -5.87
1547428631 -5.83
1547428692 -5.89
1547428753 -5.86
1547428813 -5.84
1547428874 -5.87
1547428935 -5.86
1547428996 -5.85
1547429056 -5.84
1547429117 -5.89
1547429178 -5.89
1547429238 -5.85
1547429298 -5.84
1547429359 -5.90
1547429420 -5.83
1547429480 -5.85
1547429540 -5.83
1547429601 -5.86
1547429662 -5.87
1547429722 -5.84
1547429783 -5.87
1547429843 -5.86
1547429904 -5.86
1547429965 -5.83
1547430025 -5.83
1547430085 -5.82
1547430146 -5.84
1547430207 -5.86
1547430267 -5.84
1547430327 -5.85
1547430388 -5.87
1547430448 -5.84
1547430509 -5.86
1547430569 -5.90
1547430630 -5.85
1547430690 -5.85
1547430751 -5.84
1547430812 -5.85
1547430872 -5.86
1547430933 -5.87
1547430993 -5.93
1547431054 -5.84
1547431115 -5.93
1547431175 -5.86
1547431236 -5.91
1547431297 -5.87
1547431357 -5.88
1547431418 -5.88
1547431478 -5.85
1547431539 -5.87
1547431600 -5.87
1547431661 -5.85
1547431721 -5.92
1547431782 -5.88
1547431843 -5.88
1547431904 -5.85
1547431964 -5.82
1547432024 -5.86
1547432085 -5.87
1547432145 -5.85
1547432206 -5.84
1547432267 -5.85
1547432328 -5.80
1547432388 -5.85
1547432449 -5.86
1547432510 -5.91
1547432570 -5.86
1547432631 -5.87
1547432691 -5.88
1547432752 -5.84
1547432813 -5.91
1547432873 -5.83
1547432934 -5.86
1547432994 -5.87
1547433054 -5.83
1547433115 -5.83
1547433176 -5.81
1547433236 -5.86
1547433297 -5.84
1547433357 -5.85
1547433418 -5.85
1547433478 -5.81
1547433539 -5.84
1547433599 -5.86
1547433660 -5.85
1547433721 -5.86
1547433781 -5.83
1547433842 -5.86
1547433902 -5.85
1547433963 -5.79
1547434023 -5.85
1547434084 -5.83
1547434145 -5.83
1547434206 -5.84
1547434267 -5.83
1547434327 -5.84
1547434387 -5.90
1547434448 -5.93
1547434508 -5.83
1547434569 -5.85
1547434630 -5.88
1547434690 -5.82
1547434750 -5.84
1547434810 -5.85
1547434871 -5.81
1547434932 -5.90
1547434992 -5.84
1547435053 -5.83
1547435113 -5.82
1547435174 -5.82
1547435235 -5.80
1547435295 -5.83
1547435355 -5.82
1547435416 -5.86
1547435476 -5.84
1547435537 -5.79
1547435597 -5.82
1547435658 -5.83
1547435718 -5.84
1547435779 -5.84
1547435839 -5.84
1547435900 -5.84
1547435961 -5.82
1547436021 -5.83
1547436082 -5.82
1547436142 -5.84
1547436203 -5.77
1547436264 -5.84
1547436324 -5.82
1547436384 -5.82
1547436445 -5.82
1547436505 -5.80
1547436566 -5.82
1547436628 -5.80
1547436689 -5.83
1547436750 -5.78
1547436810 -5.80
1547436872 -5.81
1547436933 -5.84
1547436993 -5.82
1547437054 -5.79
1547437115 -5.83
1547437175 -5.77
1547437235 -5.79
1547437295 -5.78
1547437356 -5.74
1547437416 -5.72
1547437477 -5.78
1547437538 -5.73
1547437598 -5.75
1547437659 -5.76
1547437719 -5.76
1547437779 -5.75
1547437840 -5.77
1547437903 -5.75
1547437963 -5.70
1547438023 -5.76
1547438084 -5.70
1547438145 -5.72
1547438205 -5.73
1547438266 -5.71
1547438327 -5.75
1547438387 -5.74
1547438448 -5.69
1547438508 -5.72
1547438571 -5.72
1547438631 -5.75
1547438692 -5.70
1547438753 -5.68
1547438813 -5.71
1547438873 -5.69
1547438934 -5.66
1547438995 -5.69
1547439056 -5.70
1547439116 -5.69
1547439177 -5.69
1547439237 -5.66
1547439298 -5.73
1547439359 -5.68
1547439419 -5.71
1547439480 -5.69
1547439540 -5.66
1547439601 -5.66
1547439661 -5.63
1547439722 -5.68
1547439783 -5.66
1547439844 -5.64
1547439904 -5.65
1547439965 -5.70
1547440025 -5.65
1547440086 -5.63
1547440146 -5.64
1547440206 -5.64
1547440266 -5.63
1547440327 -5.60
1547440388 -5.63
1547440448 -5.55
1547440508 -5.65
1547440569 -5.63
1547440629 -5.63
1547440690 -5.59
1547440750 -5.60
1547440811 -5.62
1547440872 -5.62
1547440932 -5.59
1547440992 -5.63
1547441053 -5.64
1547441114 -5.62
1547441174 -5.61
1547441235 -5.60
1547441296 -5.61
1547441356 -5.61
1547441417 -5.57
1547441477 -5.57
1547441538 -5.57
1547441599 -5.59
1547441659 -5.57
1547441719 -5.61
1547441780 -5.58
1547441841 -5.56
1547441903 -5.56
1547441963 -5.53
1547442024 -5.52
1547442084 -5.52
1547442145 -5.53
1547442206 -5.47
1547442266 -5.48
1547442327 -5.50
1547442387 -5.50
1547442448 -5.48
1547442508 -5.50
1547442569 -5.49
1547442629 -5.47
1547442690 -5.46
1547442751 -5.46
1547442812 -5.46
1547442873 -5.42
1547442933 -5.45
1547442993 -5.42
1547443054 -5.39
1547443115 -5.41
1547443176 -5.37
1547443236 -5.36
1547443297 -5.39
1547443358 -5.38
1547443418 -5.36
1547443479 -5.37
1547443540 -5.40
1547443601 -5.38
1547443661 -5.36
1547443722 -5.39
1547443783 -5.35
1547443843 -5.36
1547443904 -5.34
1547443965 -5.32
1547444026 -5.33
1547444087 -5.32
1547444147 -5.28
1547444208 -5.31
1547444269 -5.37
1547444329 -5.33
1547444390 -5.31
1547444451 -5.33
1547444511 -5.27
1547444572 -5.31
1547444632 -5.31
1547444693 -5.29
1547444753 -5.33
1547444814 -5.30
1547444874 -5.28
1547444935 -5.29
1547444995 -5.34
1547445056 -5.27
1547445116 -5.29
1547445176 -5.30
1547445237 -5.25
1547445297 -5.27
1547445358 -5.25
1547445418 -5.28
1547445479 -5.29
1547445539 -5.29
1547445600 -5.30
1547445660 -5.30
1547445721 -5.29
1547445781 -5.28
1547445842 -5.28
1547445903 -5.29
1547445963 -5.31
1547446024 -5.29
1547446085 -5.30
1547446145 -5.25
1547446206 -5.32
1547446267 -5.29
1547446327 -5.34
1547446387 -5.23
1547446448 -5.25
1547446509 -5.23
1547446569 -5.23
1547446630 -5.23
1547446690 -5.24
1547446750 -5.25
1547446810 -5.24
1547446871 -5.24
1547446931 -5.24
1547446992 -5.23
1547447053 -5.28
1547447114 -5.24
1547447174 -5.24
1547447235 -5.24
1547447296 -5.21
1547447356 -5.21
1547447417 -5.25
1547447477 -5.23
1547447538 -5.24
1547447599 -5.20
1547447659 -5.17
1547447719 -5.21
1547447780 -5.16
1547447840 -5.21
1547447901 -5.17
1547447962 -5.16
1547448023 -5.15
1547448084 -5.15
1547448144 -5.11
1547448205 -5.12
1547448266 -5.11
1547448326 -5.21
1547448387 -5.09
1547448447 -5.10
1547448507 -5.08
1547448568 -5.07
1547448629 -5.08
1547448690 -5.09
1547448751 -5.08
1547448811 -5.11
1547448871 -5.07
1547448932 -5.14
1547448992 -5.11
1547449053 -5.09
1547449114 -5.10
1547449174 -5.12
1547449234 -5.12
1547449295 -5.12
1547449355 -5.10
1547449416 -5.13
1547449476 -5.19
1547449537 -5.09
1547449597 -5.08
1547449658 -5.08
1547449719 -5.12
1547449779 -5.07
1547449839 -5.11
1547449900 -5.03
1547449961 -5.06
1547450022 -5.05
1547450082 -5.04
1547450143 -5.05
1547450203 -5.09
1547450263 -5.13
1547450324 -5.10
1547450384 -5.14
1547450445 -5.15
1547450505 -5.12
1547450566 -5.18
1547450627 -5.14
1547450688 -5.18
1547450749 -5.18
1547450809 -5.21
1547450869 -5.22
1547450931 -5.21
1547450991 -5.25
1547451052 -5.23
1547451113 -5.21
1547451173 -5.23
1547451234 -5.26
1547451294 -5.19
1547451355 -5.23
1547451415 -5.21
1547451476 -5.22
1547451536 -5.22
1547451597 -5.18
1547451657 -5.23
1547451717 -5.23
1547451778 -5.19
1547451839 -5.23
1547451899 -5.22
1547451959 -5.20
1547452020 -5.20
1547452082 -5.27
1547452143 -5.21
1547452203 -5.24
1547452264 -5.24
1547452324 -5.22
1547452385 -5.21
1547452446 -5.25
1547452506 -5.21
1547452567 -5.22
1547452627 -5.23
1547452688 -5.22
1547452749 -5.19
1547452809 -5.22
1547452870 -5.21
1547452930 -5.26
1547452991 -5.26
1547453051 -5.22
1547453112 -5.23
1547453172 -5.24
1547453233 -5.28
1547453293 -5.19
1547453354 -5.23
1547453414 -5.27
1547453475 -5.22
1547453536 -5.24
1547453596 -5.26
1547453657 -5.27
1547453717 -5.26
1547453778 -5.27
1547453838 -5.22
1547453899 -5.27
1547453960 -5.25
1547454021 -5.29
1547454081 -5.22
1547454143 -5.25
1547454203 -5.25
1547454265 -5.22
1547454325 -5.23
1547454386 -5.26
1547454446 -5.26
1547454507 -5.30
1547454567 -5.27
1547454628 -5.29
1547454688 -5.26
1547454749 -5.29
1547454810 -5.29
1547454870 -5.24
1547454931 -5.27
1547454991 -5.28
1547455052 -5.29
1547455112 -5.33
1547455173 -5.24
1547455234 -5.23
1547455295 -5.30
1547455355 -5.30
1547455416 -5.30
1547455476 -5.26
1547455536 -5.27
1547455597 -5.30
1547455658 -5.27
1547455719 -5.28
1547455779 -5.31
1547455840 -5.31
1547455900 -5.31
1547455961 -5.29
1547456022 -5.31
1547456083 -5.29
1547456143 -5.36
1547456204 -5.34
1547456265 -5.29
1547456325 -5.31
1547456386 -5.32
1547456447 -5.32
1547456507 -5.32
1547456568 -5.30
1547456628 -5.32
1547456689 -5.32
1547456750 -5.31
1547456810 -5.29
1547456870 -5.32
1547456931 -5.30
1547456992 -5.32
1547457052 -5.28
1547457112 -5.34
1547457173 -5.30
1547457234 -5.33
1547457295 -5.35
1547457355 -5.32
1547457416 -5.36
1547457476 -5.39
1547457537 -5.37
1547457597 -5.33
1547457658 -5.29
1547457719 -5.33
1547457780 -5.32
1547457840 -5.33
1547457901 -5.32
1547457961 -5.34
1547458022 -5.33
1547458082 -5.32
1547458143 -5.36
1547458204 -5.35
1547458264 -5.35
1547458325 -5.33
1547458386 -5.33
1547458446 -5.33
1547458506 -5.32
1547458567 -5.35
1547458627 -5.35
1547458688 -5.36
1547458748 -5.32
1547458809 -5.35
1547458871 -5.30
1547458931 -5.34
1547458992 -5.31
1547459052 -5.38
1547459113 -5.34
1547459174 -5.33
1547459234 -5.35
1547459295 -5.36
1547459356 -5.36
1547459416 -5.36
1547459477 -5.33
1547459537 -5.41
1547459598 -5.38
1547459658 -5.41
1547459719 -5.40
1547459779 -5.42
1547459840 -5.42
1547459900 -5.39
1547459960 -5.38
1547460021 -5.36
1547460082 -5.40
1547460142 -5.41
1547460203 -5.44
1547460263 -5.44
1547460324 -5.45
1547460384 -5.39
1547460445 -5.43
1547460506 -5.45
1547460567 -5.45
1547460627 -5.42
1547460687 -5.40
1547460747 -5.43
1547460808 -5.42
1547460869 -5.40
1547460929 -5.43
1547460990 -5.44
1547461050 -5.45
1547461111 -5.47
1547461172 -5.46
1547461233 -5.46
1547461293 -5.42
1547461354 -5.45
1547461414 -5.41
1547461475 -5.40
1547461536 -5.43
1547461596 -5.44
1547461657 -5.41
1547461717 -5.42
1547461778 -5.46
1547461838 -5.45
1547461899 -5.39
1547461960 -5.44
1547462020 -5.46
1547462081 -5.43
1547462141 -5.42
1547462202 -5.40
1547462263 -5.38
1547462324 -5.41
1547462385 -5.40
1547462445 -5.40
1547462506 -5.44
1547462566 -5.41
1547462627 -5.41
1547462688 -5.39
1547462748 -5.45
1547462808 -5.41
1547462869 -5.42
1547462929 -5.40
1547462990 -5.38
1547463050 -5.38
1547463110 -5.43
1547463171 -5.35
1547463232 -5.38
1547463293 -5.39
1547463353 -5.43
1547463414 -5.39
1547463474 -5.40
1547463535 -5.42
1547463596 -5.39
1547463656 -5.44
1547463716 -5.42
1547463777 -5.40
1547463838 -5.39
1547463898 -5.44
1547463959 -5.41
1547464019 -5.42
1547464080 -5.43
1547464140 -5.41
1547464200 -5.42
1547464261 -5.44
1547464322 -5.43
1547464382 -5.40
1547464443 -5.41
1547464504 -5.43
1547464564 -5.42
1547464624 -5.38
1547464685 -5.40
1547464746 -5.44
1547464806 -5.43
1547464867 -5.43
1547464928 -5.43
1547464988 -5.43
1547465049 -5.41
1547465109 -5.42
1547465170 -5.41
1547465230 -5.42
1547465291 -5.35
1547465351 -5.41
1547465411 -5.38
1547465471 -5.41
1547465532 -5.44
1547465593 -5.41
1547465654 -5.41
1547465714 -5.45
1547465775 -5.40
1547465836 -5.37
1547465897 -5.44
1547465957 -5.39
1547466018 -5.42
1547466078 -5.39
1547466139 -5.38
1547466199 -5.39
1547466260 -5.38
1547466320 -5.42
1547466380 -5.43
1547466441 -5.43
1547466502 -5.35
1547466563 -5.41
1547466623 -5.38
1547466684 -5.34
1547466745 -5.35
1547466806 -5.34
1547466866 -5.34
1547466927 -5.38
1547466987 -5.30
1547467048 -5.32
1547467110 -5.35
1547467171 -5.37
1547467231 -5.36
1547467292 -5.31
1547467353 -5.32
1547467413 -5.35
1547467473 -5.34
1547467534 -5.37
1547467595 -5.36
1547467655 -5.30
1547467716 -5.31
1547467776 -5.29
1547467837 -5.25
1547467897 -5.31
1547467958 -5.28
1547468018 -5.33
1547468079 -5.27
1547468140 -5.31
1547468200 -5.31
1547468261 -5.28
1547468321 -5.28
1547468383 -5.29
1547468444 -5.24
1547468504 -5.23
1547468565 -5.28
1547468625 -5.26
1547468686 -5.23
1547468747 -5.24
1547468807 -5.25
1547468868 -5.22
1547468928 -5.20
1547468989 -5.25
1547469050 -5.16
1547469111 -5.24
1547469171 -5.24
1547469232 -5.24
1547469292 -5.24
1547469353 -5.24
1547469413 -5.18
1547469474 -5.22
1547469534 -5.20
1547469595 -5.21
1547469656 -5.20
1547469716 -5.22
1547469777 -5.19
1547469838 -5.20
1547469898 -5.16
1547469959 -5.19
1547470019 -5.16
1547470080 -5.17
1547470141 -5.17
1547470201 -5.16
1547470262 -5.16
1547470322 -5.19
1547470383 -5.15
1547470444 -5.15
1547470505 -5.15
1547470566 -5.15
1547470626 -5.13
1547470687 -5.17
1547470747 -5.12
1547470807 -5.12
1547470868 -5.11
1547470928 -5.15
1547470989 -5.09
1547471049 -5.08
1547471111 -5.11
1547471172 -5.09
1547471232 -5.10
1547471293 -5.08
1547471353 -5.05
1547471414 -5.12
1547471474 -5.07
1547471535 -5.09
1547471595 -5.08
1547471656 -5.08
1547471716 -5.09
1547471777 -5.12
1547471838 -5.03
1547471898 -5.03
1547471959 -5.01
1547472020 -5.10
1547472081 -5.07
1547472142 -4.99
1547472202 -5.06
1547472263 -5.04
1547472323 -5.04
1547472384 -5.07
1547472444 -5.04
1547472505 -5.03
1547472565 -5.04
1547472626 -5.01
1547472686 -5.04
1547472747 -5.00
1547472808 -5.01
1547472869 -5.02
1547472929 -5.07
1547472990 -5.07
1547473050 -5.03
1547473111 -5.01
1547473171 -5.02
1547473232 -5.06
1547473293 -5.12
1547473353 -5.10
1547473414 -5.04
1547473475 -5.01
1547473536 -4.98
1547473596 -5.00
1547473657 -5.04
1547473718 -4.95
1547473779 -4.97
1547473839 -5.01
1547473899 -5.01
1547473960 -4.97
1547474021 -4.96
1547474082 -5.02
1547474142 -4.98
1547474202 -5.07
1547474263 -5.03
1547474324 -4.99
1547474384 -5.01
1547474445 -5.03
1547474506 -4.99
1547474566 -4.97
1547474626 -4.96
1547474687 -5.04
1547474747 -5.00
1547474808 -4.99
1547474868 -5.07
1547474928 -5.01
1547474989 -5.04
1547475050 -5.04
1547475111 -5.05
1547475171 -5.00
1547475232 -5.05
1547475292 -5.05
1547475352 -5.03
1547475413 -5.07
1547475473 -5.02
1547475534 -4.96
1547475595 -4.99
1547475657 -4.98
1547475717 -5.01
1547475778 -4.99
1547475838 -5.02
1547475898 -4.99
1547475959 -5.01
1547476019 -4.99
1547476079 -5.01
1547476140 -4.98
1547476200 -5.01
1547476260 -4.98
1547476320 -5.09
1547476381 -5.05
1547476442 -5.04
1547476502 -5.03
1547476563 -4.96
1547476623 -4.97
1547476684 -4.97
1547476744 -4.97
1547476805 -4.94
1547476866 -4.97
1547476926 -5.05
1547476987 -5.00
1547477048 -4.98
1547477108 -4.96
1547477169 -5.00
1547477230 -4.98
1547477290 -5.00
1547477352 -4.94
1547477412 -5.03
1547477473 -5.03
1547477534 -4.99
1547477595 -5.04
1547477655 -5.03
1547477716 -4.97
1547477776 -4.97
1547477837 -5.00
1547477897 -4.94
1547477958 -4.95
1547478018 -4.95
1547478079 -5.01
1547478139 -4.95
1547478200 -4.95
1547478260 -4.99
1547478321 -5.04
1547478381 -4.99
1547478442 -4.96
1547478502 -5.00
1547478563 -4.97
1547478623 -5.03
1547478683 -5.03
1547478744 -5.01
1547478804 -5.04
1547478865 -4.99
1547478925 -4.95
1547478986 -4.98
1547479046 -5.02
1547479107 -5.07
1547479168 -5.02
1547479228 -5.01
1547479288 -5.10
1547479349 -5.09
1547479410 -5.02
1547479470 -4.99
1547479531 -5.02
1547479592 -5.03
1547479652 -5.07
1547479713 -5.06
1547479773 -5.03
1547479834 -5.03
1547479895 -5.00
1547479955 -5.04
1547480016 -5.01
1547480076 -5.03
1547480137 -5.02
1547480198 -5.06
1547480258 -5.00
1547480319 -5.01
1547480379 -5.05
1547480440 -5.06
1547480500 -5.01
1547480561 -5.03
1547480621 -5.04
1547480681 -4.96
1547480742 -5.04
1547480802 -5.00
1547480863 -4.97
1547480923 -4.99
1547480985 -5.02
1547481045 -5.06
1547481106 -5.03
1547481166 -5.04
1547481226 -5.03
1547481287 -5.07
1547481347 -5.03
1547481408 -5.03
1547481468 -5.05
1547481529 -5.01
1547481589 -5.07
1547481650 -5.03
1547481710 -5.01
1547481770 -4.97
1547481831 -5.02
1547481891 -5.00
1547481951 -5.02
1547482011 -5.01
1547482072 -4.98
1547482133 -5.04
1547482193 -4.98
1547482254 -5.02
1547482314 -4.99
1547482375 -5.01
1547482436 -4.98
1547482496 -4.96
1547482557 -5.02
1547482617 -5.02
1547482677 -4.97
1547482738 -5.00
1547482798 -5.05
1547482859 -5.02
1547482920 -5.08
1547482980 -5.00
1547483041 -5.04
1547483101 -5.00
1547483162 -5.02
1547483222 -5.01
1547483283 -5.02
1547483343 -4.99
1547483403 -5.01
1547483464 -5.02
1547483524 -5.06
1547483585 -5.04
1547483645 -5.02
1547483705 -5.00
1547483766 -5.03
1547483826 -5.03
1547483887 -4.98
1547483947 -4.97
1547484008 -4.98
1547484068 -4.98
1547484129 -5.00
1547484190 -5.01
1547484250 -5.02
1547484310 -4.98
1547484371 -4.96
1547484431 -5.03
1547484492 -5.01
1547484553 -4.95
1547484614 -5.05
1547484674 -5.00
1547484735 -5.01
1547484795 -4.97
1547484855 -5.06
1547484918 -4.96
1547484978 -4.95
1547485039 -4.95
1547485100 -4.99
1547485160 -5.01
1547485221 -4.96
1547485282 -5.03
1547485342 -5.02
1547485403 -5.03
1547485463 -5.03
1547485524 -5.07
1547485584 -5.09
1547485645 -5.12
1547485705 -5.13
1547485766 -5.11
1547485826 -5.11
1547485887 -5.06
1547485948 -5.07
1547486008 -5.07
1547486068 -5.08
1547486129 -5.10
1547486190 -5.06
1547486251 -5.14
1547486311 -5.08
1547486372 -5.17
1547486432 -5.08
1547486493 -5.08
1547486553 -5.17
1547486613 -5.17
1547486674 -5.15
1547486735 -5.10
1547486796 -5.09
1547486856 -5.08
1547486917 -5.11
1547486978 -5.06
1547487038 -5.17
1547487099 -5.10
1547487159 -5.12
1547487220 -5.12
1547487281 -5.16
1547487341 -5.11
1547487402 -5.12
1547487462 -5.10
1547487523 -5.08
1547487584 -5.10
1547487644 -5.15
1547487705 -5.04
1547487766 -5.11
1547487826 -5.09
1547487887 -5.08
1547487948 -5.10
1547488008 -5.12
1547488069 -5.13
1547488130 -5.13
1547488190 -5.19
1547488251 -5.11
1547488311 -5.19
1547488372 -5.18
1547488432 -5.11
1547488493 -5.11
1547488553 -5.16
1547488613 -5.12
1547488674 -5.11
1547488734 -5.16
1547488795 -5.15
1547488855 -5.16
1547488916 -5.08
1547488976 -5.11
1547489036 -5.12
1547489098 -5.11
1547489159 -5.12
1547489219 -5.20
1547489280 -5.17
1547489340 -5.14
1547489400 -5.14
1547489461 -5.10
1547489521 -5.11
1547489581 -5.13
1547489642 -5.17
1547489702 -5.12
1547489763 -5.18
1547489824 -5.14
1547489884 -5.10
1547489945 -5.12
1547490006 -5.10
1547490067 -5.19
1547490128 -5.14
1547490188 -5.07
1547490249 -5.13
1547490309 -5.12
1547490369 -5.09
1547490430 -5.19
1547490490 -5.12
1547490551 -5.17
1547490612 -5.18
1547490672 -5.18
1547490732 -5.15
1547490792 -5.17
1547490853 -5.21
1547490914 -5.19
1547490974 -5.17
1547491035 -5.19
1547491097 -5.12
1547491159 -5.12
1547491220 -5.12
1547491280 -5.16
1547491341 -5.11
1547491401 -5.09
1547491461 -5.06
1547491522 -5.01
1547491582 -5.05
1547491643 -5.05
1547491703 -5.09
1547491764 -5.14
1547491824 -5.06
1547491884 -5.11
1547491945 -5.08
1547492005 -5.09
1547492066 -5.07
1547492126 -5.08
1547492187 -5.07
1547492248 -5.10
1547492308 -5.08
1547492369 -5.10
1547492430 -5.14
1547492492 -5.10
1547492552 -5.17
1547492613 -5.10
1547492673 -5.16
1547492734 -5.11
1547492795 -5.13
1547492855 -5.14
1547492915 -5.13
1547492977 -5.15
1547493038 -5.05
1547493099 -5.11
1547493159 -5.03
1547493220 -5.05
1547493281 -5.06
1547493341 -5.08
1547493402 -5.08
1547493462 -5.13
1547493523 -5.10
1547493583 -5.10
1547493644 -5.11
1547493705 -5.06
1547493765 -5.11
1547493826 -5.09
1547493886 -5.09
1547493947 -5.12
1547494008 -5.12
1547494068 -5.16
1547494129 -5.16
1547494189 -5.19
1547494250 -5.19
1547494310 -5.11
1547494371 -5.09
1547494432 -5.06
1547494492 -5.10
1547494552 -5.11
1547494613 -5.05
1547494673 -5.10
1547494734 -5.11
1547494795 -5.13
1547494855 -5.14
1547494916 -5.07
1547494977 -5.09
1547495037 -5.09
1547495098 -5.11
1547495158 -5.18
1547495219 -5.12
1547495279 -5.10
1547495340 -5.13
1547495401 -5.10
1547495461 -5.13
1547495522 -5.07
1547495582 -5.09
1547495642 -5.12
1547495704 -5.12
1547495765 -5.07
1547495826 -5.10
1547495886 -5.15
1547495947 -5.10
1547496007 -5.14
1547496068 -5.21
1547496128 -5.21
1547496189 -5.29
1547496250 -5.29
1547496310 -5.24
1547496371 -5.29
1547496431 -5.23
1547496491 -5.23
1547496552 -5.19
1547496613 -5.21
1547496673 -5.22
1547496734 -5.19
1547496794 -5.22
1547496855 -5.20
1547496916 -5.16
1547496976 -5.17
1547497037 -5.20
1547497098 -5.20
1547497158 -5.26
1547497219 -5.21
1547497280 -5.13
1547497340 -5.18
1547497401 -5.21
1547497461 -5.15
1547497522 -5.21
1547497582 -5.21
1547497643 -5.18
1547497704 -5.17
1547497764 -5.23
1547497824 -5.25
1547497885 -5.19
1547497945 -5.18
1547498006 -5.19
1547498067 -5.15
1547498127 -5.14
1547498187 -5.13
1547498248 -5.14
1547498309 -5.12
1547498369 -5.21
1547498430 -5.24
1547498491 -5.22
1547498551 -5.15
1547498612 -5.18
1547498672 -5.16
1547498733 -5.14
1547498793 -5.12
1547498854 -5.12
1547498915 -5.15
1547498975 -5.16
1547499035 -5.15
1547499096 -5.19
1547499157 -5.17
1547499217 -5.19
1547499278 -5.18
1547499339 -5.13
1547499399 -5.20
1547499460 -5.25
1547499520 -5.24
1547499581 -5.23
1547499641 -5.19
