1547240342 21.60
1547240405 21.63
1547240467 21.66
1547240530 21.79
1547240592 21.69
1547240655 21.61
1547240717 21.65
1547240780 21.59
1547240843 21.60
1547240906 21.78
1547240969 21.63
1547241032 21.62
1547241094 21.73
1547241157 21.65
1547241219 21.73
1547241282 21.69
1547241345 21.70
1547241407 21.59
1547241470 21.83
1547241532 21.69
1547241595 21.61
1547241658 21.79
1547241720 21.66
1547241783 21.83
1547241845 21.74
1547241908 21.68
1547241971 21.79
1547242033 21.85
1547242096 21.71
1547242158 21.89
1547242221 21.59
1547242284 21.64
1547242346 21.87
1547242409 21.83
1547242472 21.65
1547242532 21.64
1547242595 21.65
1547242657 21.52
1547242720 21.79
1547242783 21.59
1547242846 21.62
1547242908 21.58
1547242971 21.73
1547243034 21.67
1547243096 21.62
1547243159 21.54
1547243222 21.51
1547243284 21.60
1547243347 21.66
1547243409 21.68
1547243472 21.68
1547243535 21.63
1547243598 21.70
1547243660 21.65
1547243723 21.66
1547243786 21.73
1547243849 21.48
1547243911 21.78
1547243974 21.56
1547244037 21.60
1547244099 21.90
1547244162 21.63
1547244224 21.86
1547244287 21.59
1547244349 21.74
1547244412 21.83
1547244474 21.83
1547244537 21.65
1547244599 21.79
1547244662 21.53
1547244724 21.51
1547244787 21.70
1547244850 21.63
1547244912 21.55
1547244975 21.75
1547245037 21.67
1547245100 21.73
1547245162 21.55
1547245225 21.52
1547245288 21.51
1547245351 21.64
1547245414 21.78
1547245476 21.67
1547245539 21.66
1547245602 21.74
1547245664 21.73
1547245727 21.64
1547245789 21.71
1547245852 21.65
1547245914 21.85
1547245977 21.69
1547246039 21.66
1547246102 21.55
1547246165 21.75
1547246227 21.48
1547246290 21.61
1547246352 21.57
1547246415 21.66
1547246477 21.53
1547246540 21.65
1547246603 21.77
1547246665 21.79
1547246728 21.74
1547246791 21.58
1547246853 21.51
1547246916 21.58
1547246979 21.62
1547247042 21.71
1547247104 21.66
1547247166 21.51
1547247229 21.77
1547247292 21.46
1547247355 21.52
1547247417 21.51
1547247480 21.61
1547247543 21.68
1547247606 21.67
1547247668 21.68
1547247731 21.79
1547247793 21.53
1547247856 21.70
1547247919 21.53
1547247982 21.63
1547248045 21.67
1547248108 21.66
1547248170 21.69
1547248233 21.71
1547248295 21.68
1547248358 21.80
1547248420 21.52
1547248483 21.59
1547248546 21.61
1547248606 21.50
1547248669 21.70
1547248731 21.71
1547248794 21.70
1547248856 21.60
1547248919 21.68
1547248982 21.59
1547249045 21.51
1547249107 21.69
1547249170 21.57
1547249233 21.70
1547249295 21.60
1547249358 21.62
1547249420 21.74
1547249483 21.74
1547249545 21.70
1547249608 21.62
1547249671 21.70
1547249733 21.65
1547249796 21.55
1547249858 21.50
1547249921 21.66
1547249984 21.55
1547250047 21.74
1547250109 21.58
1547250172 21.59
1547250235 21.53
1547250297 21.55
1547250360 21.58
1547250422 21.75
1547250485 21.69
1547250548 21.60
1547250610 21.51
1547250673 21.55
1547250735 21.58
1547250797 21.50
1547250860 21.58
1547250923 21.81
1547250986 21.74
1547251048 21.61
1547251110 21.52
1547251173 21.52
1547251236 21.51
1547251298 21.54
1547251361 21.66
1547251424 21.71
1547251487 21.72
1547251549 21.53
1547251612 21.51
1547251675 21.51
1547251737 21.69
1547251800 21.76
1547251863 21.81
1547251925 21.63
1547251988 21.56
1547252050 21.53
1547252112 21.70
1547252173 21.58
1547252235 21.66
1547252298 21.49
1547252360 21.66
1547252423 21.52
1547252486 21.68
1547252548 21.74
1547252611 21.64
1547252674 21.58
1547252737 21.70
1547252800 21.62
1547252862 21.57
1547252925 21.60
1547252987 21.50
1547253050 21.67
1547253113 21.63
1547253176 21.52
1547253238 21.41
1547253300 21.60
1547253362 21.60
1547253425 21.58
1547253488 21.52
1547253551 21.69
1547253613 21.49
1547253675 21.41
1547253738 21.54
1547253800 21.52
1547253863 21.49
1547253925 21.60
1547253988 21.69
1547254050 21.58
1547254113 21.67
1547254175 21.62
1547254238 21.50
1547254301 21.56
1547254364 21.61
1547254427 21.69
1547254490 21.54
1547254552 21.51
1547254615 21.71
1547254678 21.53
1547254740 21.57
1547254803 21.56
1547254866 21.64
1547254928 21.53
1547254991 21.58
1547255053 21.53
1547255115 21.57
1547255178 21.68
1547255241 21.52
1547255303 21.73
1547255366 21.57
1547255429 21.86
1547255491 21.54
1547255554 21.79
1547255616 21.71
1547255679 21.63
1547255741 21.54
1547255804 21.70
1547255867 21.80
1547255929 21.60
1547255992 21.52
1547256055 21.69
1547256117 21.69
1547256180 21.59
1547256243 21.61
1547256305 21.59
1547256368 21.77
1547256430 21.69
1547256493 21.52
1547256556 21.66
1547256619 21.63
1547256679 21.84
1547256742 21.73
1547256805 21.71
1547256867 21.76
1547256930 21.67
1547256993 21.70
1547257055 21.61
1547257118 21.63
1547257180 21.77
1547257242 21.71
1547257305 21.64
1547257368 21.69
1547257431 21.68
1547257493 21.61
1547257556 21.71
1547257619 21.60
1547257681 21.71
1547257744 21.65
1547257806 21.60
1547257869 21.79
1547257932 21.75
1547257994 21.59
1547258057 21.77
1547258119 21.65
1547258182 21.72
1547258245 21.53
1547258308 21.55
1547258370 21.53
1547258433 21.57
1547258496 21.47
1547258558 21.52
1547258621 21.66
1547258683 21.74
1547258746 21.59
1547258809 21.76
1547258871 21.70
1547258934 21.61
1547258997 21.75
1547259059 21.69
1547259122 21.70
1547259184 21.72
1547259247 21.52
1547259309 21.66
1547259372 21.73
1547259435 21.72
1547259497 21.71
1547259560 21.53
1547259623 21.68
1547259685 21.64
1547259748 21.71
1547259811 21.83
1547259873 21.82
1547259935 21.68
1547259998 21.71
1547260060 21.62
1547260123 21.59
1547260186 21.80
1547260247 21.72
1547260309 21.59
1547260372 21.63
1547260435 21.66
1547260497 21.63
1547260560 21.70
1547260622 21.70
1547260685 21.71
1547260747 21.74
1547260810 21.69
1547260873 21.68
1547260936 21.67
1547260998 21.61
1547261061 21.67
1547261124 21.72
1547261187 21.56
1547261250 21.79
1547261313 21.71
1547261375 21.60
1547261438 21.71
1547261501 21.71
1547261563 21.73
1547261626 21.69
1547261689 21.60
1547261751 21.72
1547261814 21.54
1547261877 21.87
1547261939 21.56
1547262002 21.60
1547262065 21.58
1547262127 21.82
1547262190 21.71
1547262252 21.53
1547262315 21.73
1547262377 21.69
1547262440 21.56
1547262502 21.54
1547262565 21.55
1547262627 21.72
1547262690 21.63
1547262752 21.76
1547262815 21.70
1547262878 21.63
1547262940 21.52
1547263003 21.67
1547263065 21.73
1547263128 21.58
1547263191 21.74
1547263253 21.66
1547263316 21.71
1547263379 21.50
1547263442 21.59
1547263502 21.51
1547263565 21.63
1547263628 21.63
1547263690 21.70
1547263753 21.56
1547263816 21.57
1547263878 21.76
1547263941 21.51
1547264004 21.65
1547264066 21.62
1547264129 21.60
1547264192 21.58
1547264254 21.73
1547264317 21.56
1547264380 21.67
1547264442 21.64
1547264505 21.59
1547264568 21.50
1547264630 21.70
1547264693 21.69
1547264755 21.65
1547264818 21.70
1547264881 21.55
1547264944 21.52
1547265006 21.67
1547265069 21.52
1547265131 21.61
1547265194 21.68
1547265256 21.70
1547265319 21.55
1547265382 21.67
1547265444 21.51
1547265507 21.60
1547265569 21.68
1547265632 21.73
1547265695 21.52
1547265757 21.70
1547265820 21.60
1547265883 21.71
1547265945 21.58
1547266008 21.69
1547266071 21.69
1547266134 21.81
1547266196 21.79
1547266259 21.56
1547266321 21.66
1547266384 21.49
1547266447 21.67
1547266509 21.54
1547266572 21.58
1547266634 21.59
1547266697 21.55
1547266760 21.71
1547266822 21.66
1547266885 21.58
1547266947 21.66
1547267010 21.66
1547267072 21.51
1547267135 21.47
1547267198 21.39
1547267260 21.59
1547267323 21.51
1547267386 21.59
1547267448 21.53
1547267510 21.63
1547267573 21.45
1547267636 21.51
1547267698 21.69
1547267761 21.52
1547267824 21.53
1547267887 21.52
1547267949 21.51
1547268012 21.48
1547268074 21.52
1547268137 21.47
1547268200 21.47
1547268262 21.58
1547268325 21.49
1547268387 21.51
1547268450 21.53
1547268512 21.45
1547268575 21.54
1547268638 21.48
1547268700 21.74
1547268763 21.53
1547268826 21.67
1547268888 21.50
1547268951 21.52
1547269013 21.48
1547269076 21.57
1547269138 21.52
1547269201 21.51
1547269264 21.69
1547269326 21.58
1547269389 21.45
1547269451 21.46
1547269514 21.49
1547269577 21.60
1547269640 21.49
1547269702 21.49
1547269765 21.77
1547269827 21.52
1547269890 21.52
1547269952 21.55
1547270015 21.58
1547270078 21.54
1547270139 21.51
1547270202 21.54
1547270264 21.62
1547270327 21.51
1547270389 21.50
1547270452 21.48
1547270515 21.46
1547270577 21.51
1547270640 21.52
1547270702 21.48
1547270765 21.52
1547270828 21.65
1547270890 21.51
1547270952 21.49
1547271015 21.66
1547271078 21.58
1547271140 21.49
1547271203 21.65
1547271265 21.68
1547271328 21.58
1547271391 21.69
1547271453 21.63
1547271515 21.56
1547271578 21.59
1547271641 21.56
1547271704 21.75
1547271767 21.55
1547271829 21.51
1547271892 21.64
1547271955 21.58
1547272017 21.57
1547272080 21.54
1547272142 21.72
1547272205 21.55
1547272267 21.73
1547272330 21.55
1547272392 21.68
1547272455 21.49
1547272518 21.53
1547272581 21.63
1547272644 21.65
1547272706 21.76
1547272769 21.73
1547272832 21.69
1547272894 21.74
1547272957 21.54
1547273020 21.63
1547273082 21.65
1547273145 21.77
1547273207 21.70
1547273270 21.76
1547273332 21.54
1547273395 21.56
1547273457 21.59
1547273520 21.53
1547273582 21.52
1547273644 21.56
1547273707 21.61
1547273770 21.61
1547273833 21.46
1547273895 21.61
1547273958 21.73
1547274021 21.57
1547274084 21.52
1547274146 21.78
1547274209 21.60
1547274272 21.54
1547274334 21.83
1547274397 21.64
1547274460 21.53
1547274522 21.62
1547274585 21.58
1547274647 21.69
1547274710 21.66
1547274773 21.52
1547274835 21.72
1547274898 21.67
1547274961 21.60
1547275023 21.58
1547275086 21.66
1547275148 21.60
1547275211 21.51
1547275274 21.59
1547275336 21.45
1547275399 21.69
1547275461 21.52
1547275524 21.62
1547275587 21.61
1547275649 21.57
1547275712 21.56
1547275775 21.62
1547275838 21.61
1547275900 21.84
1547275962 21.74
1547276025 21.89
1547276088 21.91
1547276150 21.83
1547276213 21.81
1547276276 21.69
1547276339 21.70
1547276401 21.70
1547276464 21.63
1547276527 21.63
1547276589 21.46
1547276652 21.56
1547276715 21.61
1547276778 21.48
1547276840 21.65
1547276903 21.74
1547276965 21.67
1547277028 21.58
1547277090 21.61
1547277153 21.62
1547277216 21.52
1547277278 21.71
1547277339 21.66
1547277400 21.58
1547277460 21.54
1547277521 21.71
1547277581 21.70
1547277642 21.67
1547277702 21.63
1547277763 21.75
1547277824 21.54
1547277885 21.70
1547277945 21.62
1547278006 21.69
1547278066 21.60
1547278127 21.50
1547278187 21.70
1547278250 21.52
1547278310 21.47
1547278371 21.50
1547278432 21.52
1547278493 21.65
1547278553 21.71
1547278614 21.74
1547278674 21.56
1547278735 21.64
1547278795 21.54
1547278856 21.65
1547278917 21.60
1547278978 21.61
1547279039 21.71
1547279099 21.52
1547279159 21.52
1547279221 21.67
1547279281 21.55
1547279342 21.52
1547279403 21.62
1547279463 21.70
1547279524 21.67
1547279585 21.57
1547279645 21.70
1547279706 21.54
1547279766 21.54
1547279828 21.52
1547279888 21.68
1547279948 21.59
1547280009 21.51
1547280070 21.70
1547280130 21.57
1547280191 21.52
1547280251 21.55
1547280312 21.58
1547280373 21.60
1547280433 21.62
1547280494 21.58
1547280555 21.71
1547280615 21.80
1547280676 21.72
1547280737 21.82
1547280797 21.63
1547280858 21.60
1547280918 21.67
1547280979 21.68
1547281039 21.76
1547281100 21.90
1547281160 21.65
1547281221 21.72
1547281282 21.72
1547281342 21.54
1547281403 21.47
1547281464 21.59
1547281524 21.61
1547281585 21.51
1547281645 21.59
1547281706 21.70
1547281767 21.54
1547281827 21.60
1547281888 21.52
1547281949 21.61
1547282009 21.53
1547282070 21.55
1547282131 21.47
1547282192 21.63
1547282252 21.53
1547282313 21.54
1547282374 21.57
1547282435 21.64
1547282495 21.63
1547282555 21.62
1547282616 21.54
1547282677 21.70
1547282738 21.50
1547282798 21.55
1547282858 21.54
1547282919 21.64
1547282980 21.65
1547283040 21.58
1547283101 21.52
1547283161 21.66
1547283222 21.56
1547283282 21.63
1547283343 21.71
1547283403 21.64
1547283463 21.54
1547283524 21.48
1547283585 21.62
1547283646 21.60
1547283706 21.68
1547283767 21.65
1547283827 21.73
1547283888 21.63
1547283949 21.47
1547284010 21.58
1547284070 21.66
1547284130 21.64
1547284191 21.75
1547284251 21.57
1547284312 21.69
1547284373 21.72
1547284434 21.67
1547284494 21.61
1547284555 21.58
1547284615 21.62
1547284676 21.51
1547284736 21.53
1547284797 21.61
1547284858 21.52
1547284918 21.63
1547284979 21.50
1547285039 21.57
1547285100 21.54
1547285160 21.56
1547285221 21.49
1547285281 21.59
1547285342 21.58
1547285403 21.53
1547285463 21.56
1547285524 21.55
1547285585 21.51
1547285645 21.69
1547285706 21.56
1547285767 21.52
1547285827 21.47
1547285888 21.55
1547285949 21.59
1547286009 21.56
1547286069 21.55
1547286130 21.52
1547286191 21.42
1547286251 21.52
1547286312 21.57
1547286373 21.56
1547286433 21.50
1547286494 21.49
1547286554 21.49
1547286615 21.42
1547286675 21.52
1547286736 21.55
1547286796 21.91
1547286856 21.68
1547286917 21.73
1547286977 21.98
1547287038 21.84
1547287098 21.89
1547287159 22.01
1547287220 22.00
1547287281 21.92
1547287341 21.98
1547287402 22.01
1547287463 21.98
1547287523 22.02
1547287584 21.99
1547287645 21.99
1547287705 21.77
1547287765 22.01
1547287826 21.99
1547287886 21.92
1547287947 21.99
1547288008 21.93
1547288069 21.90
1547288129 22.02
1547288190 21.86
1547288250 21.98
1547288310 22.12
1547288370 21.80
1547288431 21.87
1547288492 22.01
1547288552 22.01
1547288613 22.05
1547288674 22.12
1547288734 21.99
1547288795 22.11
1547288856 21.98
1547288917 21.98
1547288977 22.06
1547289037 22.01
1547289098 22.19
1547289158 22.06
1547289219 21.99
1547289280 22.01
1547289340 22.05
1547289401 22.01
1547289461 22.03
1547289522 21.98
1547289583 22.02
1547289643 21.97
1547289704 22.02
1547289764 21.88
1547289825 22.14
1547289885 21.98
1547289945 22.10
1547290006 22.05
1547290067 21.99
1547290127 21.98
1547290188 21.99
1547290248 22.12
1547290309 22.10
1547290370 21.89
1547290430 22.16
1547290491 22.00
1547290552 21.92
1547290613 22.03
1547290675 22.04
1547290736 21.97
1547290797 21.81
1547290857 21.75
1547290918 21.78
1547290979 21.75
1547291039 21.63
1547291100 21.69
1547291160 21.68
1547291221 21.74
1547291281 21.65
1547291342 21.69
1547291402 21.55
1547291463 21.60
1547291524 21.62
1547291584 21.73
1547291645 21.60
1547291705 21.55
1547291766 21.57
1547291826 21.55
1547291887 21.72
1547291948 21.66
1547292008 21.67
1547292069 21.68
1547292129 21.51
1547292190 21.65
1547292251 21.70
1547292311 21.51
1547292372 21.51
1547292432 21.66
1547292493 21.64
1547292553 21.73
1547292614 21.67
1547292674 21.60
1547292735 21.60
1547292796 21.70
1547292856 21.52
1547292916 21.61
1547292977 21.72
1547293037 21.61
1547293098 21.57
1547293158 21.66
1547293219 21.54
1547293279 21.48
1547293339 21.57
1547293400 21.59
1547293460 21.56
1547293521 21.52
1547293582 21.60
1547293642 21.74
1547293703 21.52
1547293764 21.56
1547293825 21.60
1547293886 21.54
1547293946 21.53
1547294007 21.70
1547294067 21.60
1547294128 21.46
1547294189 21.65
1547294249 21.71
1547294310 21.38
1547294371 21.63
1547294432 21.55
1547294492 21.50
1547294552 21.63
1547294613 21.63
1547294674 21.52
1547294735 21.51
1547294796 21.62
1547294857 21.67
1547294918 21.58
1547294978 21.49
1547295039 21.56
1547295099 21.51
1547295160 21.52
1547295220 21.56
1547295281 21.49
1547295341 21.55
1547295402 21.49
1547295462 21.59
1547295523 21.54
1547295583 21.53
1547295643 21.64
1547295704 21.64
1547295765 21.49
1547295825 21.51
1547295886 21.50
1547295947 21.68
1547296007 21.58
1547296067 21.46
1547296130 21.62
1547296190 21.70
1547296250 21.52
1547296310 21.49
1547296371 21.49
1547296432 21.51
1547296492 21.48
1547296553 21.58
1547296614 21.57
1547296674 21.47
1547296735 21.40
1547296796 21.57
1547296856 21.46
1547296916 21.46
1547296977 21.57
1547297037 21.52
1547297098 21.58
1547297158 21.72
1547297219 21.66
1547297280 21.58
1547297340 21.52
1547297401 21.47
1547297461 21.52
1547297522 21.48
1547297582 21.48
1547297643 21.59
1547297703 21.58
1547297764 21.47
1547297824 21.72
1547297885 21.57
1547297946 21.56
1547298007 21.60
1547298067 21.74
1547298128 21.51
1547298189 21.52
1547298249 21.51
1547298310 21.51
1547298371 21.70
1547298432 21.50
1547298492 21.61
1547298553 21.52
1547298613 21.48
1547298674 21.54
1547298735 21.52
1547298796 21.50
1547298856 21.56
1547298917 21.52
1547298977 21.61
1547299038 21.57
1547299099 21.52
1547299159 21.42
1547299220 21.39
1547299281 21.48
1547299341 21.39
1547299402 21.55
1547299464 21.51
1547299525 21.49
1547299586 21.52
1547299646 21.51
1547299707 21.47
1547299767 21.49
1547299828 21.50
1547299889 21.51
1547299949 21.52
1547300010 21.62
1547300070 21.52
1547300130 21.45
1547300191 21.49
1547300252 21.54
1547300312 21.47
1547300373 21.42
1547300434 21.52
1547300494 21.47
1547300555 21.51
1547300615 21.54
1547300675 21.38
1547300736 21.51
1547300796 21.48
1547300857 21.45
1547300918 21.36
1547300978 21.46
1547301039 21.36
1547301100 21.50
1547301160 21.38
1547301220 21.45
1547301281 21.51
1547301341 21.49
1547301402 21.45
1547301462 21.46
1547301523 21.57
1547301584 21.46
1547301645 21.51
1547301705 21.36
1547301766 21.49
1547301826 21.51
1547301886 21.51
1547301947 21.50
1547302008 21.49
1547302068 21.55
1547302129 21.53
1547302189 21.46
1547302250 21.46
1547302310 21.34
1547302370 21.49
1547302431 21.50
1547302491 21.55
1547302552 21.48
1547302613 21.46
1547302674 21.58
1547302735 21.44
1547302795 21.41
1547302856 21.50
1547302916 21.63
1547302977 21.51
1547303038 21.43
1547303099 21.47
1547303159 21.59
1547303220 21.51
1547303281 21.34
1547303341 21.52
1547303402 21.54
1547303462 21.49
1547303523 21.47
1547303584 21.49
1547303644 21.72
1547303705 21.51
1547303765 21.66
1547303826 21.78
1547303886 21.69
1547303947 21.72
1547304007 21.53
1547304068 21.58
1547304128 21.64
1547304189 21.59
1547304249 21.60
1547304310 21.64
1547304370 21.48
1547304431 21.53
1547304492 21.55
1547304552 21.46
1547304613 21.48
1547304673 21.56
1547304734 21.51
1547304794 21.47
1547304854 21.35
1547304915 21.49
1547304975 21.52
1547305035 21.51
1547305096 21.46
1547305157 21.43
1547305217 21.34
1547305278 21.54
1547305339 21.41
1547305400 21.41
1547305460 21.54
1547305521 21.46
1547305581 21.48
1547305642 21.55
1547305703 21.54
1547305763 21.52
1547305824 21.55
1547305884 21.46
1547305945 21.35
1547306005 21.49
1547306066 21.52
1547306126 21.51
1547306187 21.56
1547306247 21.47
1547306307 21.54
1547306368 21.51
1547306429 21.47
1547306489 21.52
1547306550 21.48
1547306610 21.47
1547306671 21.47
1547306731 21.55
1547306792 21.69
1547306852 21.46
1547306913 21.56
1547306974 21.53
1547307034 21.37
1547307094 21.47
1547307155 21.48
1547307216 21.40
1547307276 21.65
1547307337 21.52
1547307397 21.47
1547307458 21.47
1547307519 21.70
1547307580 21.53
1547307640 21.46
1547307700 21.63
1547307761 21.66
1547307821 21.62
1547307881 21.54
1547307942 21.54
1547308002 21.67
1547308063 21.56
1547308123 21.65
1547308183 21.64
1547308244 21.73
1547308305 21.57
1547308366 21.52
1547308426 21.66
1547308486 21.70
1547308547 21.61
1547308607 21.74
1547308668 21.60
1547308729 21.62
1547308789 21.59
1547308851 21.63
1547308912 21.65
1547308972 21.55
1547309033 21.68
1547309093 21.68
1547309154 21.66
1547309215 21.72
1547309275 21.57
1547309336 21.60
1547309397 21.63
1547309457 21.58
1547309518 21.66
1547309578 21.54
1547309639 21.65
1547309700 21.73
1547309761 21.77
1547309821 21.73
1547309882 21.70
1547309942 21.71
1547310003 21.60
1547310063 21.53
1547310124 21.76
1547310184 21.83
1547310245 21.65
1547310306 21.65
1547310366 21.55
1547310426 21.52
1547310487 21.59
1547310548 21.63
1547310608 21.69
1547310669 21.52
1547310730 21.71
1547310790 21.52
1547310851 21.69
1547310911 21.70
1547310971 21.58
1547311032 21.52
1547311093 21.71
1547311154 21.71
1547311215 21.69
1547311275 21.73
1547311336 21.71
1547311397 21.86
1547311457 21.73
1547311518 21.75
1547311578 21.74
1547311639 21.79
1547311700 21.64
1547311761 21.72
1547311821 21.75
1547311882 21.67
1547311942 21.76
1547312003 21.83
1547312064 21.62
1547312124 21.83
1547312184 21.68
1547312245 21.72
1547312306 21.72
1547312366 21.63
1547312427 21.64
1547312487 21.71
1547312548 21.72
1547312608 21.78
1547312669 21.67
1547312730 21.76
1547312790 21.80
1547312851 21.63
1547312911 21.82
1547312972 21.71
1547313033 21.66
1547313093 21.56
1547313154 21.63
1547313215 21.68
1547313275 21.60
1547313336 21.57
1547313396 21.76
1547313457 21.73
1547313517 21.59
1547313578 21.59
1547313638 21.72
1547313698 21.59
1547313759 21.63
1547313820 21.78
1547313880 21.78
1547313941 21.74
1547314001 21.78
1547314062 21.73
1547314123 21.62
1547314184 21.72
1547314244 21.72
1547314305 21.65
1547314365 21.58
1547314426 21.77
1547314486 21.57
1547314546 21.50
1547314607 21.55
1547314668 21.74
1547314728 21.55
1547314789 21.68
1547314850 21.63
1547314910 21.60
1547314971 21.69
1547315031 21.66
1547315092 21.65
1547315153 21.70
1547315213 21.51
1547315274 21.52
1547315335 21.67
1547315396 21.54
1547315456 21.74
1547315517 21.52
1547315578 21.58
1547315639 21.57
1547315699 21.61
1547315760 21.56
1547315820 21.61
1547315880 21.72
1547315941 21.63
1547316001 21.61
1547316061 21.64
1547316122 21.69
1547316182 21.70
1547316243 21.56
1547316304 21.55
1547316364 21.66
1547316425 21.55
1547316485 21.67
1547316546 21.67
1547316607 21.66
1547316667 21.57
1547316728 21.51
1547316789 21.70
1547316850 21.71
1547316910 21.49
1547316970 21.63
1547317031 21.56
1547317092 21.65
1547317152 21.57
1547317212 21.54
1547317273 21.52
1547317334 21.76
1547317394 21.55
1547317454 21.70
1547317515 21.58
1547317576 21.66
1547317637 21.61
1547317697 21.74
1547317758 21.71
1547317818 21.66
1547317880 21.54
1547317941 21.60
1547318001 21.60
1547318062 21.62
1547318123 21.66
1547318183 21.52
1547318244 21.58
1547318304 21.60
1547318364 21.70
1547318425 21.57
1547318485 21.61
1547318546 21.73
1547318606 21.51
1547318667 21.41
1547318727 21.74
1547318788 21.62
1547318848 21.59
1547318908 21.74
1547318969 21.65
1547319029 21.54
1547319090 21.55
1547319150 21.58
1547319211 21.59
1547319271 21.55
1547319332 21.64
1547319392 21.66
1547319453 21.70
1547319514 21.77
1547319574 21.67
1547319635 21.65
1547319695 21.65
1547319755 21.70
1547319816 21.55
1547319877 21.66
1547319938 21.55
1547319998 21.56
1547320059 21.51
1547320119 21.64
1547320179 21.49
1547320240 21.66
1547320300 21.48
1547320361 21.48
1547320421 21.69
1547320482 21.82
1547320542 21.60
1547320603 21.56
1547320664 21.73
1547320725 21.64
1547320785 21.63
1547320846 21.58
1547320907 21.64
1547320967 21.51
1547321027 21.73
1547321088 21.52
1547321148 21.72
1547321208 21.54
1547321269 21.74
1547321329 21.61
1547321390 21.58
1547321451 21.62
1547321511 21.59
1547321571 21.54
1547321632 21.61
1547321692 21.72
1547321752 21.61
1547321815 21.65
1547321875 21.68
1547321936 21.53
1547321997 21.51
1547322059 21.60
1547322119 21.51
1547322179 21.64
1547322240 21.52
1547322300 21.50
1547322361 21.66
1547322422 21.54
1547322482 21.63
1547322543 21.53
1547322604 21.56
1547322664 21.51
1547322724 21.59
1547322785 21.55
1547322845 21.52
1547322906 21.55
1547322966 21.97
1547323027 21.86
1547323088 21.94
1547323148 22.04
1547323209 21.89
1547323269 21.70
1547323330 21.72
1547323390 21.70
1547323450 21.71
1547323511 21.67
1547323571 21.63
1547323632 21.66
1547323693 21.74
1547323753 21.65
1547323814 21.52
1547323874 21.68
1547323934 21.50
1547323995 21.52
1547324056 21.63
1547324116 21.58
1547324177 21.58
1547324237 21.64
1547324298 21.41
1547324358 21.70
1547324419 21.63
1547324479 21.57
1547324540 21.58
1547324601 21.55
1547324661 21.57
1547324722 21.67
1547324782 21.70
1547324843 21.66
1547324904 21.61
1547324965 21.59
1547325025 21.55
1547325085 21.63
1547325146 21.76
1547325206 21.70
1547325267 21.69
1547325327 21.72
1547325388 21.54
1547325448 21.59
1547325509 21.63
1547325569 21.51
1547325629 21.64
1547325690 21.72
1547325751 21.59
1547325811 21.70
1547325871 21.52
1547325932 21.58
1547325993 21.71
1547326053 21.75
1547326114 21.74
1547326175 21.78
1547326236 21.72
1547326297 21.58
1547326357 21.69
1547326418 21.66
1547326478 21.67
1547326539 21.66
1547326600 21.58
1547326660 21.60
1547326721 21.58
1547326781 21.66
1547326842 21.59
1547326902 21.70
1547326962 21.63
1547327023 21.72
1547327083 21.70
1547327143 21.71
1547327203 21.65
1547327264 21.65
1547327324 21.72
1547327385 21.74
1547327446 21.61
1547327506 21.71
1547327567 21.70
1547327628 21.53
1547327689 21.77
1547327749 21.74
1547327810 21.76
1547327870 21.54
1547327931 21.56
1547327991 21.73
1547328051 21.74
1547328112 21.60
1547328172 21.56
1547328232 21.70
1547328293 21.58
1547328353 21.55
1547328414 21.72
1547328474 21.74
1547328535 21.71
1547328596 21.63
1547328656 21.55
1547328717 21.74
1547328777 21.59
1547328838 21.73
1547328899 21.60
1547328959 21.68
1547329020 21.55
1547329080 21.73
1547329141 21.72
1547329201 21.59
1547329263 21.74
1547329323 21.75
1547329383 21.63
1547329444 21.69
1547329504 21.58
1547329565 21.79
1547329625 21.69
1547329686 21.72
1547329747 21.65
1547329807 21.77
1547329868 21.59
1547329928 21.77
1547329989 21.76
1547330049 21.75
1547330109 21.71
1547330170 21.59
1547330230 21.69
1547330291 21.74
1547330352 21.76
1547330412 21.75
1547330473 21.60
1547330533 21.71
1547330593 21.83
1547330654 21.73
1547330715 21.75
1547330775 21.73
1547330836 21.69
1547330896 21.71
1547330957 21.76
1547331017 21.78
1547331078 21.74
1547331139 21.86
1547331199 21.68
1547331259 21.73
1547331320 21.71
1547331380 21.62
1547331440 21.58
1547331501 21.81
1547331561 21.73
1547331622 21.78
1547331682 21.67
1547331742 21.79
1547331803 21.78
1547331864 21.78
1547331925 21.88
1547331985 21.90
1547332045 21.83
1547332106 21.77
1547332167 21.78
1547332227 21.81
1547332288 21.86
1547332348 21.74
1547332408 21.84
1547332469 21.72
1547332530 21.85
1547332590 21.78
1547332651 21.56
1547332712 21.64
1547332772 21.77
1547332833 21.68
1547332893 21.77
1547332954 21.73
1547333014 21.81
1547333075 21.69
1547333135 21.69
1547333196 21.55
1547333256 21.74
1547333316 21.74
1547333378 21.53
1547333439 21.79
1547333499 21.52
1547333560 21.69
1547333621 21.86
1547333681 21.64
1547333742 21.88
1547333802 21.78
1547333864 21.57
1547333924 21.70
1547333985 21.60
1547334045 21.72
1547334106 21.71
1547334166 21.68
1547334227 21.83
1547334287 21.72
1547334348 21.75
1547334408 21.78
1547334468 21.76
1547334529 21.69
1547334589 21.79
1547334649 21.83
1547334710 21.65
1547334770 21.62
1547334831 21.81
1547334891 21.72
1547334952 21.69
1547335012 21.63
1547335073 21.78
1547335133 21.70
1547335193 21.63
1547335253 21.82
1547335314 21.79
1547335375 21.59
1547335435 21.65
1547335495 21.71
1547335556 21.59
1547335616 21.59
1547335677 21.72
1547335738 21.78
1547335798 21.68
1547335859 21.67
1547335919 21.68
1547335980 21.68
1547336041 21.75
1547336101 21.73
1547336161 21.54
1547336222 21.70
1547336283 21.74
1547336343 21.65
1547336404 21.75
1547336464 21.67
1547336524 21.70
1547336585 21.83
1547336645 21.65
1547336706 21.80
1547336766 21.78
1547336827 21.65
1547336887 21.55
1547336948 21.65
1547337008 21.78
1547337069 21.72
1547337129 21.70
1547337190 21.73
1547337251 21.64
1547337311 21.81
1547337372 21.74
1547337432 21.70
1547337492 21.66
1547337553 21.57
1547337613 21.79
1547337674 21.77
1547337735 21.79
1547337795 21.71
1547337855 21.77
1547337916 21.83
1547337976 21.85
1547338037 21.65
1547338097 21.67
1547338157 21.59
1547338218 21.76
1547338279 21.73
1547338339 21.69
1547338399 21.57
1547338459 21.73
1547338520 21.77
1547338580 21.70
1547338641 21.72
1547338701 21.74
1547338762 21.77
1547338822 21.76
1547338883 21.77
1547338943 21.66
1547339003 21.71
1547339064 21.85
1547339124 21.76
1547339185 21.73
1547339246 21.80
1547339306 21.79
1547339367 21.83
1547339427 21.75
1547339488 21.68
1547339549 21.67
1547339609 21.86
1547339670 21.76
1547339730 21.85
1547339791 21.91
1547339851 21.77
1547339912 21.71
1547339972 21.71
1547340033 21.69
1547340093 21.69
1547340154 21.67
1547340214 21.69
1547340275 21.71
1547340336 21.80
1547340396 21.73
1547340457 21.89
1547340517 21.73
1547340578 21.75
1547340639 21.65
1547340700 21.79
1547340760 21.67
1547340821 21.70
1547340881 21.67
1547340941 21.61
1547341001 21.73
1547341062 21.90
1547341122 21.68
1547341183 21.66
1547341243 21.72
1547341303 21.83
1547341364 21.85
1547341424 21.71
1547341484 21.63
1547341545 21.63
1547341605 21.81
1547341666 21.70
1547341726 21.67
1547341787 21.76
1547341847 21.73
1547341908 21.78
1547341968 21.74
1547342028 21.60
1547342089 21.71
1547342149 21.71
1547342209 21.83
1547342270 21.59
1547342330 21.77
1547342391 21.84
1547342451 21.72
1547342512 21.70
1547342572 21.82
1547342633 21.68
1547342693 21.86
1547342754 21.74
1547342814 21.77
1547342874 21.78
1547342935 21.77
1547342995 21.82
1547343055 21.83
1547343118 21.79
1547343179 21.70
1547343239 21.78
1547343300 21.77
1547343360 21.78
1547343420 21.89
1547343481 21.78
1547343541 21.83
1547343602 21.58
1547343662 21.86
1547343723 21.78
1547343783 21.88
1547343844 21.70
1547343905 21.74
1547343965 21.66
1547344026 21.51
1547344086 21.73
1547344147 21.78
1547344207 21.71
1547344268 21.74
1547344329 21.57
1547344389 21.85
1547344450 21.82
1547344510 21.83
1547344572 21.87
1547344632 21.85
1547344693 21.91
1547344754 21.67
1547344814 21.78
1547344874 21.78
1547344935 21.92
1547344996 21.72
1547345056 21.70
1547345117 21.82
1547345178 21.75
1547345238 21.85
1547345298 21.86
1547345359 21.79
1547345419 21.91
1547345480 21.73
1547345540 21.86
1547345601 21.92
1547345661 21.78
1547345722 21.55
1547345782 21.85
1547345843 21.92
1547345903 21.76
1547345964 21.74
1547346025 21.73
1547346085 21.70
1547346146 21.71
1547346207 21.90
1547346267 21.67
1547346328 21.88
1547346388 21.71
1547346448 21.91
1547346511 21.77
1547346571 21.79
1547346632 21.65
1547346692 21.78
1547346753 21.85
1547346813 21.82
1547346873 21.83
1547346934 21.74
1547346994 21.83
1547347055 21.72
1547347115 21.74
1547347176 21.79
1547347236 21.80
1547347297 21.84
1547347357 21.74
1547347417 21.80
1547347477 21.87
1547347538 21.75
1547347598 21.92
1547347658 21.74
1547347719 21.70
1547347779 21.77
1547347840 21.73
1547347900 21.91
1547347961 21.83
1547348021 21.79
1547348082 21.69
1547348142 21.76
1547348203 21.72
1547348264 21.79
1547348324 21.70
1547348385 21.71
1547348445 21.84
1547348506 21.75
1547348567 21.80
1547348627 21.78
1547348687 21.93
1547348748 21.68
1547348809 21.70
1547348869 21.73
1547348930 21.74
1547348990 21.61
1547349051 21.75
1547349111 21.77
1547349171 21.81
1547349232 21.93
1547349292 21.79
1547349353 21.78
1547349413 21.71
1547349473 21.79
1547349533 21.75
1547349594 21.72
1547349654 21.74
1547349714 21.78
1547349775 21.70
1547349835 21.66
1547349896 21.73
1547349956 21.70
1547350017 21.68
1547350077 21.74
1547350138 21.66
1547350198 21.71
1547350259 21.77
1547350319 21.81
1547350379 21.73
1547350440 21.77
1547350500 21.73
1547350560 21.78
1547350621 21.72
1547350682 21.64
1547350743 21.74
1547350803 21.61
1547350865 21.55
1547350926 21.85
1547350986 21.59
1547351047 21.72
1547351107 21.65
1547351168 21.71
1547351229 21.76
1547351289 21.66
1547351349 21.73
1547351410 21.69
1547351470 21.72
1547351531 21.63
1547351591 21.65
1547351652 21.54
1547351712 21.77
1547351773 21.71
1547351833 21.62
1547351894 21.70
1547351954 21.79
1547352015 21.70
1547352076 21.64
1547352137 21.67
1547352197 21.66
1547352258 21.72
1547352318 21.74
1547352378 21.79
1547352438 21.71
1547352499 21.67
1547352559 21.87
1547352620 21.61
1547352681 21.87
1547352741 21.70
1547352801 21.61
1547352861 21.75
1547352922 21.77
1547352983 21.78
1547353043 21.60
1547353104 21.63
1547353164 21.55
1547353225 21.72
1547353285 21.68
1547353346 21.68
1547353406 21.71
1547353467 21.61
1547353527 21.71
1547353588 21.70
1547353648 21.78
1547353708 21.52
1547353769 21.66
1547353829 21.65
1547353889 21.66
1547353950 21.69
1547354011 21.73
1547354071 21.63
1547354132 21.58
1547354192 21.64
1547354253 21.57
1547354314 21.83
1547354374 21.66
1547354435 21.69
1547354496 21.61
1547354556 21.70
1547354617 21.77
1547354677 21.50
1547354738 21.69
1547354799 21.52
1547354859 21.71
1547354919 21.81
1547354980 21.73
1547355040 21.62
1547355101 21.67
1547355161 21.78
1547355222 21.61
1547355283 21.91
1547355343 21.89
1547355404 21.87
1547355464 21.90
1547355525 21.99
1547355585 21.91
1547355646 22.01
1547355706 21.87
1547355767 21.97
1547355827 21.95
1547355887 21.98
1547355948 21.98
1547356009 21.92
1547356069 21.88
1547356130 21.91
1547356190 21.98
1547356251 21.79
1547356312 21.93
1547356372 22.05
1547356433 22.03
1547356493 22.00
1547356554 21.98
1547356614 21.91
1547356674 21.86
1547356735 21.82
1547356795 21.96
1547356856 21.84
1547356916 21.94
1547356977 21.90
1547357037 21.80
1547357098 21.68
1547357159 21.76
1547357219 21.78
1547357279 21.65
1547357340 21.79
1547357401 21.92
1547357461 21.82
1547357522 21.85
1547357582 21.96
1547357643 21.90
1547357703 22.01
1547357764 21.78
1547357824 21.77
1547357885 21.88
1547357946 21.78
1547358006 21.94
1547358067 21.74
1547358128 21.58
1547358188 21.78
1547358249 21.83
1547358309 21.81
1547358370 21.90
1547358430 21.78
1547358491 21.85
1547358551 21.97
1547358611 21.91
1547358672 21.83
1547358732 21.84
1547358793 21.86
1547358853 21.71
1547358914 21.91
1547358974 21.79
1547359035 21.81
1547359095 21.76
1547359155 21.80
1547359216 21.74
1547359276 21.89
1547359336 21.73
1547359397 21.75
1547359457 21.75
1547359518 21.77
1547359578 21.70
1547359639 21.93
1547359699 21.80
1547359761 21.88
1547359821 21.69
1547359881 21.97
1547359942 21.87
1547360002 21.82
1547360062 21.74
1547360123 21.90
1547360183 21.77
1547360244 21.86
1547360304 21.88
1547360364 21.74
1547360425 21.70
1547360485 21.74
1547360546 21.72
1547360606 21.81
1547360666 21.62
1547360727 21.69
1547360787 21.76
1547360848 21.64
1547360908 21.57
1547360969 21.73
1547361029 21.74
1547361090 21.69
1547361151 21.48
1547361211 21.60
1547361271 21.66
1547361332 21.61
1547361392 21.61
1547361453 21.51
1547361513 21.70
1547361573 21.64
1547361634 21.51
1547361694 21.70
1547361755 21.65
1547361815 21.55
1547361876 21.70
1547361936 21.58
1547361997 21.69
1547362057 21.76
1547362118 21.63
1547362178 21.65
1547362239 21.65
1547362299 21.77
1547362360 21.79
1547362420 21.63
1547362481 21.54
1547362541 21.70
1547362601 21.74
1547362662 21.68
1547362722 21.71
1547362783 21.72
1547362843 21.79
1547362904 21.73
1547362964 21.52
1547363024 21.81
1547363085 21.74
1547363145 21.77
1547363206 21.71
1547363266 21.72
1547363327 21.54
1547363388 21.71
1547363448 21.59
1547363510 21.59
1547363571 21.70
1547363632 21.61
1547363692 21.55
1547363753 21.68
1547363813 21.54
1547363874 21.58
1547363935 21.63
1547363995 21.72
1547364055 21.71
1547364116 21.63
1547364176 21.59
1547364236 21.52
1547364297 21.56
1547364357 21.66
1547364418 21.71
1547364478 21.65
1547364539 21.54
1547364599 21.50
1547364659 21.70
1547364720 21.64
1547364781 21.69
1547364841 21.79
1547364902 21.69
1547364962 21.89
1547365023 21.73
1547365083 21.93
1547365143 21.97
1547365204 21.93
1547365264 21.84
1547365325 21.81
1547365385 21.89
1547365446 21.65
1547365506 21.92
1547365567 21.96
1547365627 21.86
1547365688 21.88
1547365748 21.76
1547365808 21.82
1547365869 21.97
1547365930 21.96
1547365990 21.95
1547366050 21.90
1547366111 22.01
1547366171 21.91
1547366231 21.72
1547366292 21.82
1547366352 21.95
1547366413 21.90
1547366473 21.86
1547366534 21.87
1547366594 21.83
1547366654 21.83
1547366714 21.95
1547366776 21.78
1547366837 21.96
1547366898 21.87
1547366958 21.83
1547367018 21.85
1547367079 21.73
1547367139 21.73
1547367200 21.90
1547367261 21.79
1547367321 21.93
1547367381 21.66
1547367442 21.75
1547367503 21.77
1547367563 21.90
1547367624 21.93
1547367685 21.81
1547367745 21.95
1547367806 21.97
1547367866 21.89
1547367926 21.91
1547367987 21.95
1547368047 21.99
1547368107 21.79
1547368168 21.85
1547368228 21.99
1547368289 22.03
1547368350 22.00
1547368410 21.74
1547368471 21.86
1547368532 21.99
1547368592 21.94
1547368652 21.88
1547368713 21.95
1547368773 21.79
1547368834 21.88
1547368894 21.85
1547368955 21.93
1547369015 21.76
1547369076 21.66
1547369136 21.90
1547369196 21.81
1547369257 21.61
1547369317 21.82
1547369378 21.71
1547369438 21.65
1547369499 21.66
1547369559 21.66
1547369620 21.74
1547369680 21.60
1547369741 21.66
1547369801 21.53
1547369862 21.67
1547369922 21.59
1547369982 21.51
1547370043 21.53
1547370104 21.73
1547370164 21.78
1547370224 21.65
1547370284 21.60
1547370345 21.82
1547370405 21.53
1547370466 21.59
1547370526 21.70
1547370587 21.51
1547370647 21.67
1547370707 21.72
1547370768 21.57
1547370828 21.73
1547370888 21.61
1547370949 21.67
1547371010 21.63
1547371070 21.64
1547371131 21.52
1547371191 21.74
1547371252 21.55
1547371312 21.76
1547371373 21.49
1547371434 21.59
1547371494 21.81
1547371555 21.60
1547371615 21.58
1547371677 21.65
1547371737 21.51
1547371798 21.67
1547371858 21.71
1547371919 21.53
1547371980 21.57
1547372040 21.61
1547372101 21.70
1547372161 21.66
1547372221 21.57
1547372282 21.64
1547372343 21.67
1547372403 21.59
1547372464 21.72
1547372525 21.55
1547372585 21.65
1547372646 21.81
1547372706 21.75
1547372767 21.70
1547372827 21.57
1547372888 21.65
1547372948 21.70
1547373009 21.64
1547373069 21.56
1547373130 21.54
1547373190 21.63
1547373251 21.59
1547373311 21.59
1547373372 21.58
1547373432 21.59
1547373493 21.67
1547373553 21.81
1547373614 21.50
1547373675 21.51
1547373735 21.61
1547373795 21.53
1547373856 21.70
1547373916 21.71
1547373976 21.58
1547374037 21.58
1547374098 21.54
1547374158 21.63
1547374219 21.67
1547374280 21.59
1547374340 21.72
1547374401 21.64
1547374462 21.58
1547374522 21.52
1547374583 21.61
1547374643 21.68
1547374703 21.54
1547374764 21.62
1547374824 21.59
1547374885 21.66
1547374945 21.59
1547375006 21.63
1547375066 21.61
1547375127 21.52
1547375187 21.60
1547375248 21.63
1547375309 21.60
1547375370 21.54
1547375430 21.54
1547375490 21.58
1547375551 21.67
1547375611 21.70
1547375671 21.60
1547375732 21.83
1547375792 21.61
1547375853 21.52
1547375913 21.64
1547375973 21.55
1547376034 21.66
1547376095 21.74
1547376156 21.61
1547376216 21.51
1547376276 21.59
1547376337 21.55
1547376397 21.60
1547376458 21.56
1547376518 21.71
1547376579 21.60
1547376640 21.58
1547376700 21.69
1547376761 21.64
1547376821 21.56
1547376882 21.66
1547376943 21.70
1547377004 21.74
1547377064 21.65
1547377124 21.57
1547377185 21.61
1547377245 21.56
1547377305 21.74
1547377366 21.44
1547377426 21.61
1547377487 21.58
1547377547 21.69
1547377608 21.81
1547377668 21.59
1547377729 21.67
1547377789 21.62
1547377850 21.70
1547377910 21.54
1547377970 21.76
1547378031 21.54
1547378091 21.56
1547378152 21.62
1547378212 21.62
1547378273 21.72
1547378333 21.54
1547378394 21.55
1547378455 21.60
1547378515 21.53
1547378576 21.54
1547378637 21.67
1547378697 21.61
1547378758 21.55
1547378819 21.56
1547378879 21.67
1547378939 21.55
1547379000 21.62
1547379061 21.61
1547379121 21.59
1547379182 21.61
1547379242 21.75
1547379303 21.75
1547379364 21.66
1547379425 21.71
1547379485 21.79
1547379546 21.85
1547379607 21.67
1547379668 21.90
1547379728 21.86
1547379789 21.85
1547379849 21.84
1547379909 21.87
1547379971 21.76
1547380031 21.86
1547380092 21.82
1547380153 21.76
1547380213 21.71
1547380274 21.74
1547380334 21.69
1547380394 21.63
1547380455 21.77
1547380515 21.70
1547380576 21.71
1547380636 21.54
1547380697 21.56
1547380757 21.70
1547380818 21.71
1547380878 21.67
1547380938 21.57
1547380999 21.64
1547381059 21.54
1547381120 21.61
1547381180 21.59
1547381240 21.49
1547381301 21.59
1547381362 21.66
1547381423 21.53
1547381483 21.80
1547381544 21.59
1547381604 21.71
1547381665 21.57
1547381725 21.55
1547381786 21.55
1547381846 21.58
1547381906 21.55
1547381967 21.51
1547382027 21.59
1547382088 21.65
1547382148 21.57
1547382208 21.59
1547382269 21.52
1547382329 21.55
1547382390 21.53
1547382450 21.53
1547382511 21.46
1547382571 21.47
1547382632 21.52
1547382692 21.64
1547382752 21.51
1547382813 21.52
1547382874 21.50
1547382934 21.52
1547382994 21.41
1547383054 21.52
1547383115 21.51
1547383176 21.46
1547383237 21.45
1547383297 21.54
1547383357 21.51
1547383418 21.51
1547383479 21.51
1547383540 21.50
1547383600 21.51
1547383661 21.52
1547383721 21.71
1547383781 21.52
1547383842 21.55
1547383902 21.67
1547383963 21.59
1547384024 21.57
1547384084 21.51
1547384145 21.53
1547384205 21.51
1547384266 21.48
1547384327 21.50
1547384387 21.51
1547384448 21.49
1547384509 21.47
1547384569 21.50
1547384629 21.43
1547384690 21.51
1547384750 21.47
1547384811 21.49
1547384871 21.53
1547384932 21.44
1547384992 21.51
1547385053 21.48
1547385113 21.44
1547385174 21.50
1547385235 21.51
1547385295 21.51
1547385356 21.45
1547385417 21.56
1547385477 21.56
1547385537 21.43
1547385598 21.51
1547385658 21.48
1547385719 21.52
1547385780 21.50
1547385840 21.47
1547385901 21.52
1547385961 21.45
1547386022 21.47
1547386083 21.50
1547386143 21.50
1547386204 21.51
1547386265 21.50
1547386325 21.54
1547386386 21.51
1547386446 21.50
1547386507 21.51
1547386567 21.44
1547386628 21.60
1547386688 21.61
1547386749 21.58
1547386810 21.50
1547386871 21.53
1547386931 21.54
1547386992 21.50
1547387052 21.50
1547387113 21.51
1547387173 21.53
1547387234 21.59
1547387294 21.51
1547387355 21.51
1547387415 21.54
1547387476 21.50
1547387537 21.51
1547387597 21.52
1547387658 21.49
1547387718 21.51
1547387779 21.43
1547387840 21.51
1547387900 21.55
1547387960 21.51
1547388021 21.45
1547388082 21.55
1547388142 21.51
1547388202 21.59
1547388263 21.44
1547388323 21.47
1547388383 21.59
1547388444 21.55
1547388504 21.52
1547388565 21.46
1547388625 21.44
1547388686 21.53
1547388746 21.49
1547388807 21.53
1547388867 21.50
1547388927 21.46
1547388988 21.52
1547389048 21.49
1547389109 21.53
1547389169 21.48
1547389230 21.51
1547389290 21.51
1547389351 21.55
1547389411 21.54
1547389471 21.48
1547389532 21.52
1547389593 21.48
1547389653 21.53
1547389714 21.48
1547389775 21.49
1547389835 21.48
1547389896 21.47
1547389956 21.48
1547390017 21.52
1547390078 21.65
1547390138 21.57
1547390199 21.51
1547390259 21.57
1547390319 21.58
1547390379 21.58
1547390440 21.49
1547390500 21.54
1547390561 21.55
1547390622 21.50
1547390682 21.45
1547390742 21.51
1547390803 21.53
1547390863 21.52
1547390923 21.44
1547390984 21.60
1547391044 21.56
1547391105 21.47
1547391165 21.52
1547391226 21.66
1547391286 21.43
1547391347 21.52
1547391407 21.49
1547391468 21.47
1547391528 21.51
1547391589 21.53
1547391649 21.51
1547391710 21.52
1547391771 21.54
1547391831 21.55
1547391892 21.50
1547391953 21.43
1547392013 21.51
1547392074 21.54
1547392135 21.50
1547392195 21.54
1547392255 21.64
1547392316 21.57
1547392377 21.58
1547392437 21.52
1547392498 21.64
1547392558 21.68
1547392618 21.53
1547392679 21.70
1547392740 21.55
1547392801 21.52
1547392862 21.59
1547392922 21.59
1547392983 21.53
1547393043 21.56
1547393104 21.70
1547393164 21.66
1547393225 21.53
1547393285 21.51
1547393346 21.62
1547393407 21.58
1547393467 21.54
1547393528 21.50
1547393588 21.58
1547393648 21.49
1547393709 21.47
1547393769 21.49
1547393829 21.51
1547393890 21.59
1547393951 21.52
1547394011 21.51
1547394072 21.60
1547394132 21.51
1547394193 21.47
1547394253 21.54
1547394314 21.54
1547394374 21.55
1547394435 21.51
1547394495 21.55
1547394555 21.45
1547394616 21.59
1547394676 21.63
1547394737 21.59
1547394798 21.54
1547394858 21.55
1547394919 21.43
1547394979 21.56
1547395040 21.57
1547395101 21.61
1547395161 21.52
1547395222 21.68
1547395283 21.52
1547395344 21.61
1547395405 21.56
1547395466 21.52
1547395527 21.60
1547395587 21.50
1547395648 21.66
1547395708 21.68
1547395769 21.59
1547395829 21.53
1547395890 21.57
1547395951 21.52
1547396011 21.50
1547396072 21.65
1547396132 21.63
1547396193 21.47
1547396253 21.49
1547396313 21.55
1547396374 21.59
1547396435 21.50
1547396495 21.52
1547396556 21.55
1547396617 21.51
1547396677 21.56
1547396738 21.52
1547396798 21.48
1547396858 21.65
1547396919 21.47
1547396980 21.51
1547397040 21.56
1547397101 21.54
1547397161 21.50
1547397222 21.41
1547397283 21.51
1547397343 21.51
1547397404 21.58
1547397464 21.54
1547397525 21.52
1547397585 21.58
1547397646 21.58
1547397706 21.48
1547397767 21.54
1547397827 21.59
1547397887 21.55
1547397948 21.53
1547398009 21.58
1547398069 21.44
1547398129 21.73
1547398190 21.52
1547398250 21.53
1547398311 21.54
1547398371 21.55
1547398432 21.53
1547398492 21.58
1547398553 21.50
1547398614 21.54
1547398674 21.67
1547398734 21.46
1547398795 21.54
1547398856 21.61
1547398917 21.58
1547398978 21.44
1547399038 21.47
1547399098 21.55
1547399159 21.52
1547399220 21.48
1547399280 21.47
1547399341 21.55
1547399402 21.46
1547399463 21.55
1547399523 21.49
1547399584 21.65
1547399645 21.52
1547399705 21.50
1547399766 21.55
1547399826 21.64
1547399887 21.52
1547399948 21.65
1547400008 21.60
1547400068 21.55
1547400129 21.52
1547400190 21.66
1547400250 21.59
1547400310 21.55
1547400371 21.60
1547400431 21.55
1547400492 21.61
1547400552 21.48
1547400612 21.62
1547400673 21.65
1547400733 21.70
1547400793 21.54
1547400854 21.55
1547400914 21.59
1547400975 21.56
1547401036 21.54
1547401097 21.52
1547401158 21.55
1547401218 21.44
1547401278 21.52
1547401339 21.53
1547401399 21.56
1547401460 21.51
1547401520 21.45
1547401581 21.53
1547401642 21.47
1547401702 21.51
1547401763 21.52
1547401823 21.49
1547401884 21.54
1547401945 21.55
1547402005 21.50
1547402068 21.52
1547402130 21.56
1547402193 21.49
1547402255 21.55
1547402317 21.63
1547402380 21.49
1547402442 21.52
1547402503 21.58
1547402563 21.62
1547402624 21.56
1547402684 21.50
1547402745 21.58
1547402805 21.53
1547402866 21.66
1547402926 21.54
1547402987 21.58
1547403047 21.61
1547403108 21.51
1547403168 21.55
1547403229 21.68
1547403289 21.53
1547403350 21.54
1547403410 21.55
1547403471 21.72
1547403531 21.66
1547403592 21.73
1547403653 21.63
1547403714 21.60
1547403775 21.63
1547403836 21.58
1547403896 21.52
1547403957 21.51
1547404017 21.59
1547404078 21.50
1547404139 21.57
1547404199 21.52
1547404260 21.55
1547404320 21.63
1547404380 21.52
1547404441 21.60
1547404502 21.60
1547404562 21.61
1547404623 21.62
1547404684 21.59
1547404744 21.53
1547404805 21.47
1547404866 21.50
1547404926 21.51
1547404987 21.52
1547405047 21.61
1547405108 21.52
1547405168 21.62
1547405229 21.59
1547405290 21.57
1547405350 21.61
1547405411 21.54
1547405471 21.72
1547405532 21.61
1547405592 21.51
1547405653 21.48
1547405714 21.57
1547405774 21.53
1547405835 21.61
1547405896 21.51
1547405956 21.54
1547406016 21.57
1547406077 21.53
1547406137 21.68
1547406198 21.65
1547406260 21.52
1547406320 21.71
1547406381 21.55
1547406441 21.66
1547406502 21.66
1547406562 21.53
1547406623 21.49
1547406684 21.49
1547406744 21.65
1547406804 21.55
1547406865 21.54
1547406926 21.62
1547406986 21.72
1547407047 21.64
1547407107 21.69
1547407168 21.55
1547407228 21.49
1547407289 21.51
1547407349 21.49
1547407409 21.54
1547407470 21.47
1547407531 21.62
1547407591 21.52
1547407652 21.59
1547407712 21.64
1547407773 21.56
1547407833 21.56
1547407893 21.54
1547407954 21.52
1547408015 21.63
1547408075 21.63
1547408136 21.68
1547408196 21.71
1547408257 21.55
1547408317 21.67
1547408378 21.54
1547408438 21.48
1547408499 21.60
1547408559 21.55
1547408620 21.57
1547408680 21.57
1547408741 21.60
1547408801 21.57
1547409952 21.42
1547410012 21.51
1547410073 21.64
1547410134 21.58
1547410194 21.49
1547410256 21.66
1547410316 21.48
1547410377 21.60
1547410437 21.55
1547410498 21.69
1547410559 21.67
1547410620 21.58
1547410680 21.55
1547410741 21.51
1547410801 21.55
1547410862 21.60
1547410923 21.51
1547410984 21.58
1547411045 21.66
1547411105 21.63
1547411166 21.67
1547411226 21.52
1547411287 21.58
1547411347 21.67
1547411408 21.67
1547411469 21.57
1547411529 21.61
1547411589 21.64
1547411650 21.55
1547411711 21.51
1547411771 21.67
1547411832 21.65
1547411892 21.59
1547411953 21.63
1547412013 21.52
1547412074 21.61
1547412135 21.65
1547412195 21.60
1547412255 21.57
1547412316 21.51
1547412377 21.58
1547412437 21.51
1547412498 21.57
1547412559 21.52
1547412619 21.55
1547412680 21.65
1547412741 21.52
1547412801 21.67
1547412861 21.54
1547412922 21.61
1547412982 21.63
1547413043 21.64
1547413103 21.57
1547413164 21.55
1547413225 21.66
1547413287 21.69
1547413348 21.54
1547413409 21.59
1547413470 21.49
1547413531 21.65
1547413591 21.53
1547413652 21.63
1547413712 21.56
1547413772 21.63
1547413833 21.55
1547413894 21.60
1547413954 21.69
1547414015 21.66
1547414075 21.51
1547414136 21.57
1547414197 21.66
1547414257 21.56
1547414318 21.73
1547414378 21.64
1547414439 21.57
1547414499 21.54
1547414560 21.71
1547414621 21.59
1547414681 21.68
1547414742 21.63
1547414802 21.55
1547414863 21.62
1547414924 21.67
1547414984 21.59
1547415044 21.77
1547415105 21.58
1547415166 21.74
1547415227 21.73
1547415287 21.71
1547415347 21.62
1547415408 21.63
1547415469 21.65
1547415529 21.68
1547415590 21.59
1547415651 21.65
1547415711 21.58
1547415772 21.55
1547415833 21.60
1547415893 21.54
1547415954 21.64
1547416014 21.71
1547416075 21.58
1547416135 21.68
1547416196 21.50
1547416256 21.59
1547416317 21.60
1547416377 21.62
1547416438 21.56
1547416499 21.61
1547416559 21.78
1547416620 21.59
1547416680 21.73
1547416741 21.63
1547416802 21.64
1547416862 21.60
1547416922 21.52
1547416983 21.75
1547417043 21.71
1547417104 21.68
1547417165 21.63
1547417225 21.52
1547417286 21.65
1547417346 21.67
1547417407 21.69
1547417467 21.71
1547417528 21.68
1547417588 21.54
1547417649 21.55
1547417710 21.64
1547417770 21.69
1547417830 21.64
1547417891 21.68
1547417952 21.70
1547418012 21.72
1547418073 21.65
1547418133 21.68
1547418194 21.67
1547418255 21.62
1547418315 21.54
1547418376 21.58
1547418436 21.64
1547418497 21.65
1547418557 21.67
1547418618 21.75
1547418679 21.54
1547418739 21.63
1547418799 21.55
1547418860 21.48
1547418920 21.51
1547418981 21.51
1547419041 21.61
1547419101 21.73
1547419162 21.69
1547419222 21.63
1547419283 21.61
1547419344 21.60
1547419404 21.62
1547419465 21.55
1547419526 21.64
1547419586 21.52
1547419647 21.57
1547419708 21.63
1547419768 21.64
1547419829 21.64
1547419889 21.68
1547419950 21.60
1547420011 21.59
1547420071 21.59
1547420131 21.72
1547420192 21.52
1547420252 21.49
1547420313 21.67
1547420374 21.55
1547420434 21.58
1547420495 21.59
1547420555 21.73
1547420616 21.58
1547420676 21.56
1547420737 21.51
1547420798 21.63
1547420858 21.59
1547420919 21.57
1547420979 21.55
1547421040 21.54
1547421101 21.60
1547421161 21.61
1547421222 21.67
1547421283 21.54
1547421343 21.78
1547421404 21.50
1547421465 21.56
1547421525 21.52
1547421586 21.74
1547421646 21.60
1547421706 21.62
1547421767 21.62
1547421828 21.65
1547421889 21.59
1547421949 21.63
1547422009 21.70
1547422070 21.59
1547422130 21.58
1547422191 21.62
1547422251 21.63
1547422312 21.55
1547422372 21.63
1547422433 21.59
1547422493 21.65
1547422554 21.60
1547422615 21.68
1547422675 21.57
1547422736 21.57
1547422797 21.63
1547422857 21.67
1547422918 21.68
1547422978 21.63
1547423039 21.71
1547423099 21.65
1547423160 21.60
1547423220 21.74
1547423280 21.71
1547423341 21.55
1547423401 21.64
1547423461 21.57
1547423522 21.65
1547423582 21.58
1547423642 21.79
1547423703 21.70
1547423763 21.61
1547423824 21.56
1547423885 21.72
1547423945 21.58
1547424006 21.67
1547424066 21.57
1547424127 21.66
1547424187 21.65
1547424247 21.60
1547424308 21.68
1547424368 21.78
1547424429 21.64
1547424490 21.69
1547424550 21.59
1547424611 21.52
1547424672 21.74
1547424732 21.65
1547424793 21.66
1547424854 21.57
1547424914 21.57
1547424975 21.59
1547425035 21.61
1547425096 21.69
1547425156 21.68
1547425217 21.52
1547425277 21.58
1547425337 21.59
1547425398 21.74
1547425458 21.77
1547425519 21.62
1547425580 21.72
1547425640 21.65
1547425701 21.65
1547425761 21.63
1547425822 21.57
1547425883 21.63
1547425944 21.85
1547426004 21.75
1547426065 21.65
1547426126 21.68
1547426186 21.56
1547426247 21.73
1547426307 21.74
1547426368 21.64
1547426428 21.71
1547426489 21.69
1547426550 21.52
1547426610 21.55
1547426671 21.72
1547426731 21.58
1547426792 21.79
1547426853 21.61
1547426913 21.60
1547426974 21.67
1547427034 21.60
1547427095 21.59
1547427155 21.59
1547427216 21.58
1547427276 21.56
1547427337 21.68
1547427397 21.66
1547427458 21.57
1547427518 21.66
1547427579 21.52
1547427639 21.65
1547427700 21.55
1547427760 21.65
1547427821 21.66
1547427882 21.69
1547427943 21.57
1547428003 21.57
1547428064 21.59
1547428126 21.61
1547428187 21.62
1547428247 21.50
1547428307 21.63
1547428368 21.65
1547428428 21.74
1547428489 21.86
1547428549 21.77
1547428610 21.88
1547428670 21.91
1547428731 21.82
1547428792 21.96
1547428852 22.01
1547428913 21.83
1547428974 21.88
1547429035 21.98
1547429095 21.88
1547429156 22.01
1547429216 21.97
1547429277 21.96
1547429338 21.95
1547429398 22.00
1547429459 22.01
1547429519 21.93
1547429579 22.05
1547429640 22.05
1547429701 21.99
1547429761 22.05
1547429822 22.02
1547429882 22.12
1547429943 22.08
1547430004 22.02
1547430064 22.12
1547430124 22.07
1547430185 21.99
1547430246 22.10
1547430306 22.04
1547430366 22.04
1547430427 22.06
1547430487 22.01
1547430548 22.05
1547430608 21.99
1547430669 22.02
1547430730 22.02
1547430790 22.01
1547430850 22.13
1547430911 22.00
1547430972 21.98
1547431032 21.95
1547431094 22.04
1547431154 22.01
1547431214 21.85
1547431275 22.02
1547431336 22.03
1547431396 22.04
1547431457 22.03
1547431517 21.97
1547431578 21.93
1547431639 22.09
1547431700 21.99
1547431761 21.99
1547431821 22.04
1547431882 22.05
1547431942 22.09
1547432003 22.05
1547432063 22.02
1547432124 22.06
1547432185 22.09
1547432246 22.06
1547432307 22.03
1547432367 21.99
1547432428 22.01
1547432488 21.99
1547432549 22.05
1547432609 21.99
1547432670 22.01
1547432730 22.18
1547432791 22.02
1547432852 21.99
1547432912 21.99
1547432973 22.03
1547433033 22.09
1547433093 22.09
1547433154 22.02
1547433215 22.08
1547433275 22.00
1547433336 22.01
1547433396 22.18
1547433457 22.09
1547433517 22.09
1547433578 22.09
1547433638 22.02
1547433699 22.11
1547433760 22.11
1547433820 22.00
1547433881 22.02
1547433941 22.11
1547434002 22.04
1547434062 22.03
1547434123 22.06
1547434184 21.98
1547434245 21.94
1547434306 21.99
1547434366 22.09
1547434427 21.97
1547434487 21.98
1547434547 22.00
1547434608 21.96
1547434668 22.03
1547434729 22.01
1547434789 22.00
1547434850 22.13
1547434910 22.06
1547434971 22.11
1547435031 22.05
1547435092 22.15
1547435152 22.01
1547435213 22.05
1547435274 22.12
1547435334 22.16
1547435394 22.00
1547435455 22.10
1547435515 22.04
1547435576 22.05
1547435636 22.10
1547435697 22.07
1547435757 22.16
1547435818 22.01
1547435878 22.00
1547435939 22.10
1547435999 22.03
1547436060 22.13
1547436121 22.04
1547436183 22.16
1547436244 22.02
1547436305 22.16
1547436365 22.17
1547436425 22.12
1547436486 22.00
1547436546 21.97
1547436607 21.95
1547436667 21.94
1547436728 21.98
1547436789 21.82
1547436850 21.94
1547436911 21.85
1547436972 21.98
1547437032 21.92
1547437093 21.89
1547437154 21.89
1547437214 21.81
1547437274 21.95
1547437334 21.87
1547437395 21.78
1547437455 21.80
1547437516 21.74
1547437577 21.73
1547437637 21.74
1547437698 21.79
1547437758 21.77
1547437820 21.78
1547437881 21.87
1547437942 21.90
1547438002 21.76
1547438063 21.92
1547438123 21.86
1547438184 21.89
1547438246 21.83
1547438307 21.86
1547438368 21.91
1547438428 21.82
1547438489 21.76
1547438549 21.93
1547438610 21.76
1547438670 21.77
1547438731 21.82
1547438792 21.75
1547438852 21.78
1547438913 21.84
1547438973 21.82
1547439034 21.90
1547439094 21.75
1547439155 21.66
1547439216 21.84
1547439277 21.78
1547439337 21.87
1547439398 21.83
1547439458 21.73
1547439519 21.82
1547439579 21.80
1547439640 21.78
1547439701 21.88
1547439761 21.84
1547439822 21.86
1547439883 21.90
1547439943 21.86
1547440004 21.92
1547440064 21.83
1547440125 21.94
1547440185 21.80
1547440245 21.88
1547440306 21.83
1547440367 21.87
1547440427 21.89
1547440487 21.78
1547440548 21.89
1547440608 21.81
1547440669 21.70
1547440729 21.85
1547440789 21.80
1547440850 21.89
1547440911 21.85
1547440971 21.77
1547441031 21.91
1547441092 21.88
1547441153 21.81
1547441214 21.86
1547441274 21.91
1547441335 21.79
1547441396 21.89
1547441456 21.85
1547441516 21.75
1547441577 21.84
1547441638 21.74
1547441698 21.87
1547441759 21.83
1547441819 21.91
1547441879 21.90
1547441940 21.88
1547442000 21.74
1547442061 21.77
1547442122 21.88
1547442182 21.76
1547442243 21.80
1547442303 21.78
1547442364 21.87
1547442424 21.93
1547442485 21.97
1547442545 21.85
1547442606 21.80
1547442666 21.78
1547442727 21.81
1547442788 21.85
1547442849 21.82
1547442909 21.74
1547442970 21.82
1547443031 21.75
1547443091 21.80
1547443152 21.86
1547443213 21.79
1547443273 21.82
1547443334 21.91
1547443395 21.84
1547443455 21.81
1547443516 21.89
1547443577 21.82
1547443638 21.90
1547443699 21.91
1547443759 21.78
1547443820 21.96
1547443880 21.93
1547443941 21.95
1547444002 21.76
1547444063 21.86
1547444124 21.83
1547444184 21.74
1547444245 21.89
1547444306 21.85
1547444366 21.77
1547444428 21.86
1547444488 21.76
1547444548 21.74
1547444609 21.81
1547444669 21.90
1547444730 21.88
1547444790 21.76
1547444851 21.89
1547444911 21.82
1547444972 21.86
1547445032 21.81
1547445093 21.79
1547445153 21.87
1547445213 21.89
1547445274 21.77
1547445334 21.88
1547445395 21.80
1547445455 21.90
1547445516 21.94
1547445576 21.91
1547445637 21.88
1547445697 21.96
1547445758 21.86
1547445818 21.83
1547445879 21.69
1547445940 21.78
1547446000 21.89
1547446061 21.77
1547446122 21.85
1547446182 21.76
1547446243 21.85
1547446304 21.81
1547446364 21.90
1547446425 21.80
1547446485 21.93
1547446546 21.84
1547446606 21.78
1547446666 21.93
1547446727 21.85
1547446787 21.74
1547446847 21.93
1547446908 21.95
1547446969 21.92
1547447030 21.79
1547447090 21.92
1547447151 21.84
1547447211 21.82
1547447272 21.97
1547447333 21.95
1547447393 21.83
1547447454 21.72
1547447515 21.72
1547447575 21.90
1547447636 21.74
1547447696 21.67
1547447757 21.67
1547447817 21.65
1547447877 21.72
1547447938 21.67
1547447999 21.63
1547448060 21.63
1547448121 21.76
1547448181 21.74
1547448243 21.82
1547448303 21.68
1547448363 21.71
1547448424 21.74
1547448484 21.64
1547448545 21.89
1547448606 21.79
1547448666 21.77
1547448727 21.59
1547448788 21.78
1547448848 21.65
1547448908 21.82
1547448969 21.90
1547449030 21.78
1547449091 21.83
1547449151 21.89
1547449211 21.78
1547449271 21.87
1547449332 21.78
1547449392 21.68
1547449453 21.62
1547449515 21.73
1547449576 21.69
1547449637 21.57
1547449697 21.66
1547449758 21.77
1547449818 21.89
1547449879 21.79
1547449939 21.61
1547450000 21.90
1547450061 21.82
1547450121 21.89
1547450182 21.78
1547450242 21.87
1547450302 21.81
1547450363 21.90
1547450423 21.89
1547450484 21.77
1547450544 21.85
1547450605 21.98
1547450666 21.90
1547450727 22.03
1547450787 22.00
1547450848 21.87
1547450908 22.01
1547450970 21.97
1547451031 21.85
1547451091 21.80
1547451152 21.96
1547451212 21.65
1547451273 21.70
1547451333 21.82
1547451394 21.76
1547451454 21.94
1547451515 21.75
1547451575 21.81
1547451636 21.79
1547451696 21.69
1547451757 21.72
1547451817 21.71
1547451877 21.78
1547451938 21.69
1547451998 21.65
1547452060 21.78
1547452121 21.73
1547452182 21.73
1547452242 21.66
1547452303 21.89
1547452364 21.84
1547452424 21.91
1547452485 21.73
1547452545 21.95
1547452606 21.88
1547452667 21.84
1547452727 21.87
1547452788 21.86
1547452848 21.78
1547452909 21.74
1547452969 21.83
1547453030 21.79
1547453090 21.78
1547453151 21.83
1547453211 21.83
1547453272 21.72
1547453332 21.79
1547453393 21.82
1547453453 21.70
1547453514 21.89
1547453575 21.88
1547453635 21.92
1547453696 21.94
1547453756 21.97
1547453817 21.95
1547453878 22.01
1547453938 22.01
1547453999 21.94
1547454060 22.01
1547454122 21.99
1547454182 22.06
1547454243 22.02
1547454304 22.01
1547454364 22.00
1547454424 21.99
1547454485 21.98
1547454546 21.99
1547454607 21.99
1547454667 21.94
1547454727 21.99
1547454788 22.04
1547454849 22.02
1547454909 22.01
1547454970 21.93
1547455030 21.96
1547455091 21.91
1547455152 22.03
1547455212 22.03
1547455273 21.97
1547455334 22.00
1547455394 21.99
1547455455 22.03
1547455515 21.98
1547455575 22.00
1547455636 21.98
1547455697 22.01
1547455758 22.09
1547455818 22.01
1547455879 22.01
1547455939 22.04
1547456000 22.00
1547456061 22.02
1547456122 21.82
1547456182 21.90
1547456243 21.86
1547456304 21.91
1547456365 21.91
1547456425 21.92
1547456486 21.83
1547456546 21.92
1547456607 21.81
1547456668 21.89
1547456728 21.81
1547456788 21.75
1547456849 21.79
1547456909 21.82
1547456970 21.75
1547457031 21.71
1547457091 21.79
1547457152 21.74
1547457212 21.78
1547457273 21.70
1547457334 21.78
1547457395 21.85
1547457455 21.85
1547457515 21.71
1547457576 21.76
1547457637 21.67
1547457697 21.88
1547457758 21.83
1547457819 21.86
1547457879 21.88
1547457939 21.83
1547458000 21.73
1547458061 21.82
1547458121 21.76
1547458182 21.81
1547458243 21.71
1547458303 21.63
1547458364 21.66
1547458425 21.62
1547458485 21.77
1547458546 21.79
1547458606 21.70
1547458666 21.63
1547458727 21.79
1547458787 21.76
1547458848 21.73
1547458908 21.69
1547458968 21.82
1547459029 21.74
1547459090 21.70
1547459150 21.78
1547459211 21.95
1547459271 21.66
1547459332 21.63
1547459393 21.69
1547459454 21.73
1547459514 21.70
1547459574 21.73
1547459635 21.59
1547459695 21.69
1547459756 21.56
1547459816 21.71
1547459877 21.63
1547459937 21.72
1547459998 21.65
1547460058 21.57
1547460119 21.64
1547460179 21.64
1547460240 21.65
1547460300 21.77
1547460361 21.73
1547460422 21.71
1547460482 21.64
1547460543 21.70
1547460604 21.71
1547460666 21.78
1547460726 21.72
1547460787 21.70
1547460847 21.71
1547460908 21.62
1547460968 21.67
1547461029 21.77
1547461090 21.75
1547461150 21.71
1547461211 21.69
1547461271 21.63
1547461332 21.75
1547461393 21.73
1547461454 21.60
1547461514 21.62
1547461575 21.58
1547461635 21.68
1547461696 21.76
1547461756 21.71
1547461817 21.68
1547461877 21.71
1547461938 21.78
1547461999 21.79
1547462059 21.71
1547462120 21.85
1547462181 21.67
1547462241 21.89
1547462302 21.71
1547462363 21.66
1547462424 21.71
1547462484 21.80
1547462545 21.69
1547462606 21.80
1547462666 21.73
1547462727 21.67
1547462787 21.76
1547462847 21.85
1547462908 21.72
1547462968 21.69
1547463029 21.86
1547463089 21.85
1547463149 21.80
1547463210 21.75
1547463271 21.83
1547463332 21.83
1547463392 21.82
1547463453 21.65
1547463513 21.74
1547463574 21.72
1547463635 21.77
1547463695 21.70
1547463756 21.63
1547463816 21.78
1547463877 21.85
1547463937 21.79
1547463998 21.74
1547464058 21.83
1547464119 21.73
1547464179 21.82
1547464240 21.79
1547464300 21.83
1547464361 21.78
1547464421 21.86
1547464482 21.72
1547464542 21.83
1547464603 21.83
1547464663 21.74
1547464724 21.77
1547464785 21.95
1547464845 21.73
1547464906 21.69
1547464967 21.73
1547465027 21.80
1547465088 21.78
1547465148 21.82
1547465209 21.91
1547465269 21.90
1547465330 21.90
1547465390 21.75
1547465450 21.69
1547465510 21.69
1547465571 21.75
1547465632 21.83
1547465693 21.80
1547465753 21.77
1547465814 21.72
1547465875 21.66
1547465936 21.70
1547465996 21.82
1547466057 21.91
1547466117 21.70
1547466178 21.73
1547466238 21.77
1547466299 21.73
1547466359 21.81
1547466420 21.73
1547466480 21.78
1547466541 21.66
1547466602 21.75
1547466663 21.74
1547466723 21.76
1547466784 21.78
1547466845 21.72
1547466905 21.77
1547466966 21.81
1547467027 21.63
1547467087 21.80
1547467147 21.91
1547467208 21.73
1547467269 21.75
1547467329 21.87
1547467390 21.74
1547467450 21.74
1547467511 21.64
1547467571 21.70
1547467632 21.65
1547467692 21.74
1547467753 21.85
1547467813 21.90
1547467874 21.74
1547467934 21.73
1547467995 21.79
1547468055 21.74
1547468116 21.86
1547468177 21.68
1547468237 21.76
1547468298 21.79
1547468358 21.73
1547468420 21.63
1547468481 21.78
1547468541 21.79
1547468602 21.75
1547468662 21.83
1547468723 21.77
1547468783 21.71
1547468844 21.86
1547468905 21.76
1547468966 21.78
1547469026 21.73
1547469087 21.82
1547469148 21.60
1547469208 21.94
1547469269 21.78
1547469329 21.83
1547469390 21.75
1547469450 21.79
1547469511 21.90
1547469572 21.81
1547469632 21.78
1547469693 21.68
1547469753 21.71
1547469814 21.79
1547469875 21.84
1547469935 21.80
1547469996 21.79
1547470057 21.91
1547470117 21.74
1547470178 21.80
1547470238 21.79
1547470299 21.83
1547470359 21.67
1547470420 21.68
1547470481 21.88
1547470542 21.78
1547470603 21.83
1547470664 21.77
1547470724 21.83
1547470784 21.83
1547470844 21.94
1547470905 21.83
1547470965 21.84
1547471026 21.89
1547471086 21.74
1547471146 21.76
1547471207 21.92
1547471267 21.74
1547471328 21.79
1547471389 21.84
1547471449 21.85
1547471509 21.91
1547471570 21.70
1547471630 21.91
1547471691 21.84
1547471751 21.88
1547471812 21.71
1547471873 21.69
1547471933 21.76
1547471995 21.84
1547472055 21.87
1547472116 21.74
1547472177 21.85
1547472237 21.85
1547472298 21.86
1547472358 21.79
1547472418 21.83
1547472479 21.67
1547472540 21.75
1547472600 21.84
1547472661 21.66
1547472721 21.86
1547472782 21.71
1547472843 21.73
1547472904 21.78
1547472964 21.89
1547473025 21.80
1547473085 21.86
1547473146 21.71
1547473207 21.69
1547473267 21.77
1547473328 21.66
1547473389 21.83
1547473449 21.76
1547473510 21.82
1547473571 21.65
1547473632 21.91
1547473692 21.77
1547473753 21.76
1547473814 21.75
1547473874 21.77
1547473935 21.98
1547473995 21.73
1547474056 21.69
1547474117 21.91
1547474177 21.74
1547474237 21.80
1547474298 21.89
1547474359 21.66
1547474420 21.83
1547474480 21.62
1547474541 21.91
1547474601 21.69
1547474661 21.82
1547474722 21.72
1547474782 21.75
1547474843 21.77
1547474903 21.78
1547474963 21.75
1547475024 21.97
1547475085 21.67
1547475146 21.97
1547475207 21.79
1547475267 21.77
1547475327 21.73
1547475388 21.74
1547475448 21.70
1547475509 21.84
1547475570 21.75
1547475630 21.89
1547475690 21.70
1547475751 21.72
1547475811 21.78
1547475871 21.65
1547475931 21.76
1547475992 21.68
1547476052 21.74
1547476113 21.75
1547476173 21.84
1547476233 21.79
1547476293 21.73
1547476354 21.91
1547476414 21.72
1547476475 21.71
1547476536 21.68
1547476596 21.73
1547476657 21.78
1547476717 21.71
1547476778 21.77
1547476838 21.84
1547476899 21.71
1547476960 21.88
1547477021 21.78
1547477081 21.78
1547477141 21.76
1547477202 21.74
1547477263 21.65
1547477323 21.80
1547477383 21.69
1547477444 21.82
1547477504 21.80
1547477565 21.82
1547477626 21.73
1547477686 21.73
1547477747 21.77
1547477807 21.79
1547477868 21.76
1547477928 21.92
1547477989 21.77
1547478050 21.68
1547478110 21.75
1547478171 21.74
1547478231 21.69
1547478291 21.82
1547478352 21.85
1547478413 21.77
1547478473 21.77
1547478533 21.78
1547478594 21.83
1547478654 21.77
1547478714 21.73
1547478775 21.97
1547478835 21.92
1547478896 21.77
1547478956 21.69
1547479017 21.82
1547479078 21.76
1547479138 21.77
1547479199 21.66
1547479259 21.64
1547479320 21.72
1547479381 21.79
1547479441 21.67
1547479502 21.79
1547479563 21.74
1547479623 21.84
1547479684 21.74
1547479744 21.90
1547479805 21.76
1547479866 21.74
1547479926 21.86
1547479987 21.77
1547480047 21.85
1547480108 21.77
1547480168 21.70
1547480229 21.71
1547480289 21.74
1547480350 21.80
1547480411 21.71
1547480471 21.94
1547480531 21.82
1547480592 21.83
1547480652 21.77
1547480713 21.83
1547480773 21.91
1547480834 21.85
1547480894 21.87
1547480955 21.78
1547481016 21.71
1547481076 21.66
1547481137 21.87
1547481197 21.75
1547481258 21.79
1547481318 21.74
1547481379 21.74
1547481439 21.73
1547481499 21.77
1547481560 21.77
1547481620 21.94
1547481681 21.74
1547481741 21.77
1547481802 21.79
1547481862 21.78
1547481922 21.85
1547481982 21.78
1547482043 21.80
1547482104 21.94
1547482164 21.97
1547482225 21.92
1547482285 21.90
1547482346 21.93
1547482406 21.88
1547482467 21.88
1547482527 21.75
1547482588 21.91
1547482648 21.79
1547482709 21.73
1547482769 21.71
1547482830 21.72
1547482890 21.76
1547482951 21.76
1547483011 21.72
1547483072 21.79
1547483133 21.78
1547483193 21.78
1547483254 21.75
1547483314 21.72
1547483374 21.81
1547483434 21.73
1547483495 21.83
1547483555 21.84
1547483616 21.77
1547483676 21.89
1547483736 21.78
1547483797 21.74
1547483857 21.80
1547483918 21.99
1547483979 21.94
1547484039 21.99
1547484099 21.84
1547484160 21.95
1547484221 21.78
1547484281 21.90
1547484341 21.68
1547484402 21.82
1547484463 21.65
1547484524 21.73
1547484585 21.70
1547484645 21.81
1547484705 21.90
1547484766 21.97
1547484826 21.92
1547484886 21.89
1547484947 21.94
1547485008 21.69
1547485069 21.89
1547485129 21.94
1547485190 21.77
1547485250 21.77
1547485311 21.80
1547485371 21.69
1547485432 21.67
1547485493 21.67
1547485553 21.83
1547485614 21.78
1547485674 21.82
1547485734 21.89
1547485795 21.66
1547485856 22.02
1547485916 21.84
1547485977 21.81
1547486037 21.84
1547486098 21.89
1547486158 21.84
1547486219 21.98
1547486280 21.83
1547486340 21.83
1547486401 21.99
1547486462 21.73
1547486522 21.74
1547486582 21.79
1547486643 21.90
1547486703 21.72
1547486764 21.92
1547486825 21.89
1547486885 21.74
1547486946 21.75
1547487007 21.76
1547487068 21.70
1547487128 21.74
1547487189 21.90
1547487249 21.58
1547487310 21.91
1547487371 21.82
1547487431 21.60
1547487492 21.85
1547487552 21.85
1547487613 21.75
1547487674 21.85
1547487734 21.66
1547487795 21.74
1547487855 21.78
1547487916 21.89
1547487977 21.83
1547488037 21.60
1547488098 21.73
1547488159 21.74
1547488220 21.82
1547488280 21.74
1547488341 21.77
1547488401 21.74
1547488462 21.84
1547488522 21.85
1547488582 21.86
1547488642 21.76
1547488703 21.86
1547488763 21.73
1547488824 21.98
1547488884 21.91
1547488945 21.79
1547489005 21.75
1547489065 21.82
1547489125 21.93
1547489186 21.89
1547489246 21.72
1547489307 21.77
1547489367 21.93
1547489427 21.91
1547489488 21.85
1547489548 22.00
1547489608 21.86
1547489669 21.98
1547489730 21.94
1547489790 21.89
1547489851 21.99
1547489912 21.93
1547489972 21.99
1547490033 21.95
1547490094 21.98
1547490155 21.81
1547490216 21.92
1547490276 21.85
1547490336 21.93
1547490397 21.67
1547490457 21.69
1547490518 21.59
1547490579 21.73
1547490639 21.67
1547490699 21.67
1547490761 21.70
1547490822 21.62
1547490882 21.79
1547490943 21.74
1547491004 21.75
1547491064 21.74
1547491124 21.78
1547491184 21.73
1547491245 21.83
1547491305 21.95
1547491366 21.85
1547491426 21.83
1547491487 21.90
1547491547 21.70
1547491608 21.96
1547491668 21.75
1547491729 21.82
1547491789 21.73
1547491849 21.82
1547491909 21.71
1547491970 21.80
1547492031 21.76
1547492091 21.86
1547492152 21.79
1547492212 21.80
1547492273 21.65
1547492334 21.65
1547492394 21.77
1547492455 21.74
1547492515 21.74
1547492576 21.74
1547492637 21.65
1547492697 21.76
1547492758 21.94
1547492818 21.72
1547492878 21.84
1547492938 21.84
1547492999 21.94
1547493059 21.98
1547493120 21.88
1547493181 21.78
1547493241 21.78
1547493302 21.88
1547493363 21.66
1547493423 21.77
1547493483 21.89
1547493544 21.89
1547493605 21.99
1547493665 21.71
1547493726 21.87
1547493787 21.94
1547493847 21.98
1547493908 21.86
1547493969 21.89
1547494029 21.83
1547494089 21.92
1547494150 21.79
1547494211 21.96
1547494271 21.95
1547494332 21.91
1547494392 21.92
1547494453 21.83
1547494513 21.79
1547494574 21.95
1547494634 21.87
1547494695 21.91
1547494755 21.92
1547494816 21.88
1547494877 21.89
1547494937 21.92
1547494998 21.84
1547495059 21.97
1547495119 21.79
1547495179 21.69
1547495240 21.86
1547495301 21.97
1547495362 21.85
1547495422 21.94
1547495482 21.86
1547495543 21.82
1547495603 21.77
1547495663 21.81
1547495724 21.99
1547495784 21.78
1547495845 21.68
1547495905 21.75
1547495966 21.65
1547496026 21.75
1547496089 21.72
1547496150 21.59
1547496210 21.67
1547496271 21.68
1547496331 21.76
1547496392 21.79
1547496452 21.68
1547496513 21.71
1547496573 21.58
1547496634 21.77
1547496694 21.88
1547496755 21.79
1547496816 21.70
1547496877 21.74
1547496937 21.79
1547496998 21.72
1547497058 21.90
1547497119 21.95
1547497180 21.77
1547497240 21.78
1547497301 21.79
1547497361 21.93
1547497422 21.92
1547497483 21.73
1547497543 21.69
1547497604 21.79
1547497664 21.73
1547497725 21.73
1547497785 21.75
1547497846 21.85
1547497906 21.83
1547497967 21.72
1547498027 21.74
1547498088 21.73
1547498148 21.86
1547498209 21.85
1547498269 21.80
1547498330 21.88
1547498390 21.75
1547498451 21.90
1547498512 21.82
1547498572 21.87
1547498633 21.91
1547498694 21.90
1547498754 21.98
1547498814 21.81
1547498875 21.88
1547498936 21.91
1547498996 21.78
1547499057 21.91
1547499117 21.72
1547499178 21.76
1547499239 21.82
1547499299 21.89
1547499360 21.76
1547499420 21.86
1547499481 21.71
1547499541 21.71
1547499602 21.65
